# Helsinki Laru (dlarah.org Lauttasaari) 2026-09-04 Suomen aikaa — lähteen Laru_2026-247.txt sellaisenaan
# vuosi kk pv kirjoitus-h kirjoitus-min hh:mm suunta min ka max lämpötila (asemalla ei mittaria)
2026,9,4,0,1,00:01,223.8,1.5,1.8,2.4,0.0
2026,9,4,0,3,00:03,225.8,1.8,2.0,2.3,0.0
2026,9,4,0,4,00:04,230.6,1.2,1.9,2.4,0.0
2026,9,4,0,6,00:06,230.1,0.9,1.2,1.8,0.0
2026,9,4,0,8,00:08,226.3,1.1,1.6,2.3,0.0
2026,9,4,0,9,00:09,215.9,1.6,2.4,3.3,0.0
2026,9,4,0,11,00:11,222.3,1.7,2.1,2.6,0.0
2026,9,4,0,13,00:13,215.9,2.1,2.8,3.4,0.0
2026,9,4,0,14,00:14,205.3,2.3,3.0,4.2,0.0
2026,9,4,0,17,00:16,217.7,2.3,3.1,4.0,0.0
2026,9,4,0,18,00:18,220.9,2.3,2.7,3.0,0.0
2026,9,4,0,19,00:19,218.4,2.6,2.8,3.0,0.0
2026,9,4,0,21,00:21,212.5,2.4,3.2,3.9,0.0
2026,9,4,0,23,00:23,208.5,2.7,3.1,3.6,0.0
2026,9,4,0,24,00:24,212.8,2.4,2.9,3.3,0.0
2026,9,4,0,26,00:26,209.5,3.0,3.3,3.6,0.0
2026,9,4,0,28,00:28,212.4,2.4,3.3,4.0,0.0
2026,9,4,0,29,00:29,216.8,2.4,2.8,3.2,0.0
2026,9,4,0,32,00:31,213.6,2.3,2.8,3.4,0.0
2026,9,4,0,33,00:33,210.4,2.9,3.2,3.9,0.0
2026,9,4,0,34,00:34,211.7,2.8,3.2,3.6,0.0
2026,9,4,0,36,00:36,213.3,2.8,3.1,3.5,0.0
2026,9,4,0,38,00:38,214.2,2.6,3.3,4.0,0.0
2026,9,4,0,39,00:39,211.4,3.2,3.6,4.4,0.0
2026,9,4,0,41,00:41,207.5,2.4,3.0,3.5,0.0
2026,9,4,0,43,00:43,212.8,3.0,3.3,3.8,0.0
2026,9,4,0,44,00:44,218.6,2.5,3.0,3.5,0.0
2026,9,4,0,46,00:46,211.1,2.8,3.3,3.7,0.0
2026,9,4,0,48,00:48,214.5,2.6,3.1,3.8,0.0
2026,9,4,0,49,00:49,215.2,2.6,2.9,3.2,0.0
2026,9,4,0,51,00:51,213.9,2.5,3.3,4.0,0.0
2026,9,4,0,53,00:53,220.5,2.3,2.9,3.3,0.0
2026,9,4,0,54,00:54,220.2,1.9,2.4,3.0,0.0
2026,9,4,0,56,00:56,225.9,2.5,2.9,3.3,0.0
2026,9,4,0,58,00:58,206.1,2.7,3.0,3.3,0.0
2026,9,4,0,59,00:59,209.8,2.5,2.7,3.1,0.0
2026,9,4,1,2,01:01,211.2,2.2,2.7,3.3,0.0
2026,9,4,1,3,01:03,208.5,2.6,3.0,3.4,0.0
2026,9,4,1,4,01:04,210.9,2.3,2.6,3.3,0.0
2026,9,4,1,6,01:06,209.7,2.0,2.6,3.0,0.0
2026,9,4,1,8,01:08,206.9,2.5,2.8,3.1,0.0
2026,9,4,1,9,01:09,204.8,2.7,3.0,3.2,0.0
2026,9,4,1,11,01:11,210.1,2.3,2.8,3.3,0.0
2026,9,4,1,13,01:13,213.9,2.5,3.0,3.4,0.0
2026,9,4,1,14,01:14,202.3,2.2,2.9,3.8,0.0
2026,9,4,1,16,01:16,205.2,2.7,3.2,3.8,0.0
2026,9,4,1,18,01:18,212.9,2.1,2.4,2.7,0.0
2026,9,4,1,19,01:19,199.8,2.5,2.7,3.2,0.0
2026,9,4,1,22,01:21,204.0,2.2,2.8,3.3,0.0
2026,9,4,1,23,01:23,208.6,2.0,2.6,2.9,0.0
2026,9,4,1,24,01:24,205.8,2.5,2.8,3.3,0.0
2026,9,4,1,27,01:26,206.1,2.9,3.2,3.7,0.0
2026,9,4,1,28,01:28,212.5,2.3,2.7,3.0,0.0
2026,9,4,1,29,01:29,207.2,2.2,2.8,3.3,0.0
2026,9,4,1,31,01:31,209.1,2.3,2.8,3.3,0.0
2026,9,4,1,33,01:33,209.1,2.1,2.8,3.3,0.0
2026,9,4,1,34,01:34,212.9,2.3,2.6,3.0,0.0
2026,9,4,1,36,01:36,204.6,3.1,3.5,4.0,0.0
2026,9,4,1,38,01:38,206.0,3.1,3.5,3.7,0.0
2026,9,4,1,39,01:39,207.2,2.1,2.9,3.7,0.0
2026,9,4,1,42,01:41,206.4,2.5,3.1,4.1,0.0
2026,9,4,1,43,01:43,217.1,3.0,3.5,4.5,0.0
2026,9,4,1,44,01:44,211.0,2.5,2.9,3.1,0.0
2026,9,4,1,46,01:46,212.1,2.6,3.0,3.4,0.0
2026,9,4,1,48,01:48,209.2,2.7,3.3,4.0,0.0
2026,9,4,1,49,01:49,207.7,3.0,3.7,4.5,0.0
2026,9,4,1,51,01:51,202.9,3.0,3.7,4.4,0.0
2026,9,4,1,53,01:53,207.9,2.9,3.5,4.3,0.0
2026,9,4,1,54,01:54,208.9,2.8,3.4,4.0,0.0
2026,9,4,1,56,01:56,210.3,3.4,4.0,4.6,0.0
2026,9,4,1,58,01:58,211.1,3.3,3.7,4.3,0.0
2026,9,4,2,1,02:01,206.8,3.5,4.0,4.5,0.0
2026,9,4,2,3,02:03,211.9,2.8,3.4,4.1,0.0
2026,9,4,2,4,02:04,214.4,2.9,3.6,4.2,0.0
2026,9,4,2,7,02:06,205.4,2.7,3.5,4.1,0.0
2026,9,4,2,8,02:08,210.9,2.9,3.4,4.0,0.0
2026,9,4,2,11,02:11,212.6,2.6,3.2,3.9,0.0
2026,9,4,2,13,02:13,209.0,2.9,3.4,3.9,0.0
2026,9,4,2,14,02:14,208.7,2.5,3.2,3.7,0.0
2026,9,4,2,17,02:16,205.5,3.3,3.7,4.1,0.0
2026,9,4,2,18,02:18,219.9,2.3,2.7,3.2,0.0
2026,9,4,2,19,02:19,217.3,2.3,2.8,3.3,0.0
2026,9,4,2,22,02:21,210.2,3.1,3.3,3.9,0.0
2026,9,4,2,23,02:23,208.5,2.4,2.9,3.5,0.0
2026,9,4,2,24,02:24,220.6,2.4,2.9,3.4,0.0
2026,9,4,2,26,02:26,224.0,2.3,2.7,3.3,0.0
2026,9,4,2,28,02:28,225.9,2.0,2.6,3.0,0.0
2026,9,4,2,29,02:29,222.6,1.8,2.7,3.2,0.0
2026,9,4,2,31,02:31,218.0,2.5,3.0,3.5,0.0
2026,9,4,2,33,02:33,228.5,2.5,2.9,3.3,0.0
2026,9,4,2,34,02:34,222.5,2.4,3.0,3.5,0.0
2026,9,4,2,37,02:36,220.2,2.6,3.3,3.9,0.0
2026,9,4,2,38,02:38,216.7,2.6,3.2,4.1,0.0
2026,9,4,2,39,02:39,222.6,2.5,3.2,4.0,0.0
2026,9,4,2,41,02:41,215.2,2.9,3.6,4.2,0.0
2026,9,4,2,43,02:43,217.3,2.7,3.3,3.7,0.0
2026,9,4,2,44,02:44,214.3,2.8,3.4,3.8,0.0
2026,9,4,2,47,02:46,225.9,2.4,2.7,3.2,0.0
2026,9,4,2,48,02:48,223.4,2.3,3.0,3.4,0.0
2026,9,4,2,49,02:49,221.6,2.0,2.5,2.8,0.0
2026,9,4,2,51,02:51,214.9,2.2,2.6,3.1,0.0
2026,9,4,2,53,02:53,213.0,2.5,3.0,3.3,0.0
2026,9,4,2,54,02:54,210.3,2.5,3.0,3.5,0.0
2026,9,4,2,56,02:56,219.8,2.2,2.4,2.8,0.0
2026,9,4,2,58,02:58,216.6,2.6,2.9,3.3,0.0
2026,9,4,2,59,02:59,218.6,2.2,2.6,2.9,0.0
2026,9,4,3,1,03:01,218.9,1.5,2.1,2.5,0.0
2026,9,4,3,3,03:03,222.2,1.7,2.2,2.5,0.0
2026,9,4,3,4,03:04,221.1,1.6,2.3,2.8,0.0
2026,9,4,3,6,03:06,219.4,2.0,2.3,3.0,0.0
2026,9,4,3,8,03:08,222.7,1.8,2.1,2.5,0.0
2026,9,4,3,9,03:09,217.0,1.7,2.1,2.9,0.0
2026,9,4,3,12,03:11,209.7,2.4,2.7,3.3,0.0
2026,9,4,3,13,03:13,195.8,2.8,3.2,3.5,0.0
2026,9,4,3,14,03:14,197.4,3.2,3.5,3.8,0.0
2026,9,4,3,16,03:16,198.3,3.1,3.5,3.8,0.0
2026,9,4,3,18,03:18,196.9,2.9,3.4,3.8,0.0
2026,9,4,3,19,03:19,204.4,3.3,3.7,4.1,0.0
2026,9,4,3,22,03:21,207.9,2.9,3.3,3.6,0.0
2026,9,4,3,23,03:23,205.5,2.8,3.1,3.3,0.0
2026,9,4,3,24,03:24,210.6,2.3,2.7,3.1,0.0
2026,9,4,3,26,03:26,207.6,2.4,2.8,3.3,0.0
2026,9,4,3,28,03:28,207.3,2.4,2.6,2.8,0.0
2026,9,4,3,29,03:29,194.6,2.6,3.2,4.0,0.0
2026,9,4,3,31,03:31,183.8,3.0,4.1,5.2,0.0
2026,9,4,3,33,03:33,200.6,3.8,4.7,5.7,0.0
2026,9,4,3,34,03:34,184.9,4.1,5.8,7.1,0.0
2026,9,4,3,37,03:36,191.5,5.5,6.3,7.0,0.0
2026,9,4,3,38,03:38,196.8,4.8,5.4,5.8,0.0
2026,9,4,3,39,03:39,196.6,5.1,5.9,6.3,0.0
2026,9,4,3,41,03:41,197.0,5.2,6.1,6.9,0.0
2026,9,4,3,43,03:43,197.6,4.1,5.3,6.1,0.0
2026,9,4,3,44,03:44,194.6,4.9,5.4,5.9,0.0
2026,9,4,3,47,03:46,197.9,4.3,5.3,5.9,0.0
2026,9,4,3,48,03:48,193.1,5.6,6.5,7.5,0.0
2026,9,4,3,49,03:49,193.4,6.0,6.6,7.4,0.0
2026,9,4,3,51,03:51,200.7,5.3,6.1,7.0,0.0
2026,9,4,3,53,03:53,194.2,4.9,6.2,7.5,0.0
2026,9,4,3,54,03:54,192.9,5.6,6.4,6.9,0.0
2026,9,4,3,56,03:56,199.5,5.4,6.4,7.1,0.0
2026,9,4,3,58,03:58,197.4,5.5,6.1,6.8,0.0
2026,9,4,3,59,03:59,194.8,5.4,6.3,7.2,0.0
2026,9,4,4,1,04:01,199.8,4.8,5.7,6.3,0.0
2026,9,4,4,3,04:03,198.6,4.7,5.4,5.9,0.0
2026,9,4,4,4,04:04,203.9,4.3,5.1,5.7,0.0
2026,9,4,4,7,04:06,199.3,4.4,5.1,5.7,0.0
2026,9,4,4,8,04:08,197.8,4.0,4.8,5.4,0.0
2026,9,4,4,9,04:09,199.9,4.0,4.8,5.7,0.0
2026,9,4,4,11,04:11,193.8,4.4,5.0,5.6,0.0
2026,9,4,4,13,04:13,195.8,4.2,4.9,5.5,0.0
2026,9,4,4,14,04:14,198.9,4.3,4.8,5.4,0.0
2026,9,4,4,16,04:16,201.0,3.8,4.5,4.9,0.0
2026,9,4,4,18,04:18,202.5,4.2,4.7,5.2,0.0
2026,9,4,4,19,04:19,205.4,4.1,4.7,5.2,0.0
2026,9,4,4,21,04:21,200.3,4.6,5.1,5.6,0.0
2026,9,4,4,23,04:23,197.3,4.9,5.5,6.0,0.0
2026,9,4,4,24,04:24,198.2,4.1,5.1,6.0,0.0
2026,9,4,4,26,04:26,198.8,4.8,5.2,5.7,0.0
2026,9,4,4,28,04:28,189.4,4.4,5.0,5.5,0.0
2026,9,4,4,29,04:29,190.6,4.2,4.9,5.4,0.0
2026,9,4,4,31,04:31,183.1,4.1,4.7,5.2,0.0
2026,9,4,4,33,04:33,189.1,4.1,4.8,5.4,0.0
2026,9,4,4,34,04:34,186.3,3.9,4.7,5.5,0.0
2026,9,4,4,37,04:36,195.0,3.9,4.5,4.9,0.0
2026,9,4,4,38,04:38,196.8,3.5,4.3,5.0,0.0
2026,9,4,4,39,04:39,194.8,3.8,4.3,4.7,0.0
2026,9,4,4,41,04:41,192.2,4.1,4.9,5.6,0.0
2026,9,4,4,43,04:43,187.9,4.2,4.8,5.5,0.0
2026,9,4,4,44,04:44,189.8,4.5,5.0,5.4,0.0
2026,9,4,4,46,04:46,185.3,4.4,5.1,5.8,0.0
2026,9,4,4,48,04:48,173.8,4.6,5.6,6.5,0.0
2026,9,4,4,49,04:49,181.8,4.3,5.2,5.9,0.0
2026,9,4,4,51,04:51,185.4,4.7,5.4,5.9,0.0
2026,9,4,4,53,04:53,182.7,4.8,5.6,6.2,0.0
2026,9,4,4,54,04:54,186.1,4.9,5.4,5.9,0.0
2026,9,4,4,56,04:56,190.7,3.7,4.7,5.4,0.0
2026,9,4,4,58,04:58,193.3,4.2,5.0,5.6,0.0
2026,9,4,4,59,04:59,182.5,4.0,4.8,5.3,0.0
2026,9,4,5,2,05:01,187.1,4.2,4.9,5.7,0.0
2026,9,4,5,3,05:03,193.1,5.0,5.4,6.1,0.0
2026,9,4,5,4,05:04,196.5,4.5,5.3,5.8,0.0
2026,9,4,5,6,05:06,196.0,4.4,5.0,5.7,0.0
2026,9,4,5,8,05:08,196.3,3.5,4.4,5.0,0.0
2026,9,4,5,9,05:09,196.3,4.4,4.8,5.3,0.0
2026,9,4,5,12,05:11,192.9,4.8,5.4,5.8,0.0
2026,9,4,5,13,05:13,192.0,4.9,5.4,5.9,0.0
2026,9,4,5,14,05:14,192.0,4.4,5.2,6.0,0.0
2026,9,4,5,16,05:16,186.3,4.1,4.8,5.7,0.0
2026,9,4,5,18,05:18,187.6,4.3,4.9,5.6,0.0
2026,9,4,5,19,05:19,195.0,4.6,5.0,6.0,0.0
2026,9,4,5,22,05:21,195.5,4.1,4.6,5.3,0.0
2026,9,4,5,23,05:23,192.8,4.0,4.5,5.0,0.0
2026,9,4,5,24,05:24,200.7,3.7,4.5,5.2,0.0
2026,9,4,5,27,05:26,196.1,3.6,4.2,4.9,0.0
2026,9,4,5,28,05:28,196.0,3.8,4.4,4.8,0.0
2026,9,4,5,29,05:29,195.3,3.9,4.3,4.5,0.0
2026,9,4,5,32,05:31,197.9,3.5,3.9,4.6,0.0
2026,9,4,5,33,05:33,202.0,3.4,4.1,4.7,0.0
2026,9,4,5,34,05:34,192.6,3.8,4.4,4.9,0.0
2026,9,4,5,36,05:36,188.3,4.1,4.8,5.4,0.0
2026,9,4,5,38,05:38,191.1,4.6,4.8,5.4,0.0
2026,9,4,5,41,05:41,191.3,3.9,4.5,4.9,0.0
2026,9,4,5,43,05:43,190.8,4.1,4.6,5.2,0.0
2026,9,4,5,44,05:44,202.0,3.6,4.4,5.1,0.0
2026,9,4,5,46,05:46,196.1,4.0,4.7,5.1,0.0
2026,9,4,5,48,05:48,195.4,3.7,4.2,4.9,0.0
2026,9,4,5,49,05:49,193.7,3.3,3.8,4.3,0.0
2026,9,4,5,52,05:51,189.1,3.5,4.0,4.5,0.0
2026,9,4,5,53,05:53,192.6,3.7,4.2,4.9,0.0
2026,9,4,5,54,05:54,198.0,3.5,4.0,4.6,0.0
2026,9,4,5,56,05:56,198.6,3.7,4.0,4.4,0.0
2026,9,4,5,58,05:58,194.5,3.8,4.3,5.1,0.0
2026,9,4,5,59,05:59,192.9,3.7,4.3,4.8,0.0
2026,9,4,6,1,06:01,191.5,3.9,4.4,4.8,0.0
2026,9,4,6,3,06:03,197.8,3.2,3.6,4.0,0.0
2026,9,4,6,4,06:04,196.3,3.7,4.1,4.4,0.0
2026,9,4,6,7,06:06,198.0,3.2,4.0,4.6,0.0
2026,9,4,6,8,06:08,200.5,3.4,4.0,4.6,0.0
2026,9,4,6,9,06:09,198.3,3.6,4.0,4.3,0.0
2026,9,4,6,11,06:11,203.0,3.2,3.8,4.2,0.0
2026,9,4,6,13,06:13,192.8,3.2,3.8,4.6,0.0
2026,9,4,6,14,06:14,204.1,2.6,3.4,3.8,0.0
2026,9,4,6,16,06:16,199.2,2.9,3.4,4.0,0.0
2026,9,4,6,18,06:18,201.9,3.2,3.5,4.1,0.0
2026,9,4,6,19,06:19,200.0,2.9,3.3,4.1,0.0
2026,9,4,6,21,06:21,192.7,2.8,3.3,3.7,0.0
2026,9,4,6,23,06:23,192.9,2.7,3.1,3.5,0.0
2026,9,4,6,24,06:24,193.6,2.8,3.1,3.5,0.0
2026,9,4,6,26,06:26,203.6,2.5,2.9,3.4,0.0
2026,9,4,6,28,06:28,197.5,2.9,3.2,3.5,0.0
2026,9,4,6,29,06:29,194.5,2.8,3.1,3.5,0.0
2026,9,4,6,32,06:31,192.6,3.1,3.4,3.9,0.0
2026,9,4,6,33,06:33,183.3,2.7,3.3,3.6,0.0
2026,9,4,6,34,06:34,195.6,2.6,3.3,4.0,0.0
2026,9,4,6,36,06:36,196.1,2.9,3.4,3.7,0.0
2026,9,4,6,38,06:38,203.2,2.9,3.1,3.6,0.0
2026,9,4,6,39,06:39,204.3,2.9,3.2,3.6,0.0
2026,9,4,6,41,06:41,204.6,2.6,3.0,3.7,0.0
2026,9,4,6,43,06:43,202.4,2.7,2.9,3.2,0.0
2026,9,4,6,44,06:44,180.5,2.4,2.9,3.4,0.0
2026,9,4,6,46,06:46,183.3,2.9,3.3,3.7,0.0
2026,9,4,6,48,06:48,187.2,2.7,3.0,3.4,0.0
2026,9,4,6,49,06:49,189.3,2.6,3.1,3.5,0.0
2026,9,4,6,51,06:51,168.5,3.0,3.4,3.7,0.0
2026,9,4,6,53,06:53,177.5,2.7,3.1,3.5,0.0
2026,9,4,6,54,06:54,179.5,2.6,2.8,3.0,0.0
2026,9,4,6,56,06:56,176.5,2.6,3.0,3.4,0.0
2026,9,4,6,58,06:58,177.0,2.6,3.0,3.4,0.0
2026,9,4,6,59,06:59,188.4,2.5,2.9,3.3,0.0
2026,9,4,7,1,07:01,177.5,2.1,2.5,2.8,0.0
2026,9,4,7,3,07:03,174.0,2.4,2.9,3.3,0.0
2026,9,4,7,4,07:04,170.9,2.7,3.2,3.7,0.0
2026,9,4,7,6,07:06,167.3,2.6,3.1,3.4,0.0
2026,9,4,7,8,07:08,162.8,1.1,1.8,2.8,0.0
2026,9,4,7,9,07:09,171.7,2.0,2.6,3.2,0.0
2026,9,4,7,12,07:11,175.5,1.4,2.3,2.8,0.0
2026,9,4,7,13,07:13,155.5,0.9,1.4,1.9,0.0
2026,9,4,7,14,07:14,175.1,0.3,1.1,1.7,0.0
2026,9,4,7,16,07:16,161.2,0.9,1.3,1.6,0.0
2026,9,4,7,18,07:18,174.2,1.7,1.9,2.2,0.0
2026,9,4,7,19,07:19,171.1,1.4,1.7,1.9,0.0
2026,9,4,7,22,07:21,171.1,1.1,1.3,1.3,0.0
2026,9,4,7,23,07:23,179.4,1.5,1.6,1.7,0.0
2026,9,4,7,24,07:24,187.2,1.2,1.4,1.7,0.0
2026,9,4,7,27,07:26,187.2,0.8,1.0,1.1,0.0
2026,9,4,7,28,07:28,187.2,0.6,0.9,1.1,0.0
2026,9,4,7,29,07:29,187.2,0.4,0.6,0.8,0.0
2026,9,4,7,31,07:31,187.2,0.0,0.2,0.7,0.0
2026,9,4,7,33,07:33,187.2,0.0,0.3,0.9,0.0
2026,9,4,7,34,07:34,187.2,0.0,0.0,0.0,0.0
2026,9,4,7,37,07:36,187.2,0.0,0.0,0.0,0.0
2026,9,4,7,38,07:38,187.2,0.0,0.8,1.2,0.0
2026,9,4,7,39,07:39,187.2,0.0,0.7,1.0,0.0
2026,9,4,7,41,07:41,187.2,0.0,0.1,0.2,0.0
2026,9,4,7,43,07:43,187.2,0.0,0.0,0.0,0.0
2026,9,4,7,44,07:43,187.2,0.0,0.0,0.0,0.0
2026,9,4,7,46,07:43,187.2,0.0,0.0,0.0,0.0
2026,9,4,7,48,07:43,187.2,0.0,0.0,0.0,0.0
2026,9,4,7,49,07:43,187.2,0.0,0.0,0.0,0.0
2026,9,4,7,51,07:51,187.2,0.0,0.3,0.5,0.0
2026,9,4,7,53,07:53,187.2,0.0,0.0,0.0,0.0
2026,9,4,7,54,07:54,187.2,0.0,0.0,0.0,0.0
2026,9,4,7,57,07:56,187.2,0.0,0.0,0.0,0.0
2026,9,4,7,58,07:58,187.2,0.0,0.0,0.0,0.0
2026,9,4,7,59,07:58,187.2,0.0,0.0,0.0,0.0
2026,9,4,8,1,07:58,187.2,0.0,0.0,0.0,0.0
2026,9,4,8,3,07:58,187.2,0.0,0.0,0.0,0.0
2026,9,4,8,4,07:58,187.2,0.0,0.0,0.0,0.0
2026,9,4,8,6,08:06,187.2,0.0,0.0,0.0,0.0
2026,9,4,8,8,08:07,187.2,0.0,0.0,0.0,0.0
2026,9,4,8,9,08:07,187.2,0.0,0.0,0.0,0.0
2026,9,4,8,11,08:07,187.2,0.0,0.0,0.0,0.0
2026,9,4,8,13,08:07,187.2,0.0,0.0,0.0,0.0
2026,9,4,8,14,08:07,187.2,0.0,0.0,0.0,0.0
2026,9,4,8,17,08:16,187.2,0.0,0.2,0.7,0.0
2026,9,4,8,18,08:18,187.2,0.0,0.0,0.0,0.0
2026,9,4,8,19,08:19,187.2,0.0,0.0,0.0,0.0
2026,9,4,8,21,08:20,187.2,0.0,0.0,0.0,0.0
2026,9,4,8,23,08:23,187.2,0.0,0.0,0.0,0.0
2026,9,4,8,24,08:23,187.2,0.0,0.0,0.0,0.0
2026,9,4,8,27,08:23,187.2,0.0,0.0,0.0,0.0
2026,9,4,8,28,08:23,187.2,0.0,0.0,0.0,0.0
2026,9,4,8,29,08:29,187.2,0.0,0.1,0.2,0.0
2026,9,4,8,32,08:30,187.2,0.0,0.0,0.0,0.0
2026,9,4,8,33,08:30,187.2,0.0,0.0,0.0,0.0
2026,9,4,8,34,08:30,187.2,0.0,0.0,0.0,0.0
2026,9,4,8,36,08:30,187.2,0.0,0.0,0.0,0.0
2026,9,4,8,38,08:38,187.2,0.0,0.0,0.0,0.0
2026,9,4,8,39,08:39,187.2,0.0,0.0,0.0,0.0
2026,9,4,8,41,08:39,187.2,0.0,0.0,0.0,0.0
2026,9,4,8,43,08:39,187.2,0.0,0.0,0.0,0.0
2026,9,4,8,44,08:39,187.2,0.0,0.0,0.0,0.0
2026,9,4,8,46,08:46,187.2,0.0,0.2,0.3,0.0
2026,9,4,8,48,08:47,187.2,0.0,0.0,0.0,0.0
2026,9,4,8,49,08:47,187.2,0.0,0.0,0.0,0.0
2026,9,4,8,51,08:47,187.2,0.0,0.0,0.0,0.0
2026,9,4,8,53,08:53,187.2,0.0,0.3,0.6,0.0
2026,9,4,8,54,08:54,187.2,0.0,0.3,0.7,0.0
2026,9,4,8,56,08:56,187.2,0.0,0.6,0.8,0.0
2026,9,4,8,58,08:58,187.2,0.0,0.2,0.5,0.0
2026,9,4,8,59,08:59,187.2,0.0,0.2,0.3,0.0
2026,9,4,9,2,09:01,187.2,0.0,0.0,0.0,0.0
2026,9,4,9,3,09:01,187.2,0.0,0.0,0.0,0.0
2026,9,4,9,4,09:01,187.2,0.0,0.0,0.0,0.0
2026,9,4,9,6,09:06,92.6,0.0,0.3,0.4,0.0
2026,9,4,9,8,09:08,92.7,0.0,0.4,0.8,0.0
2026,9,4,9,9,09:09,58.4,0.0,0.3,0.8,0.0
2026,9,4,9,11,09:11,58.4,0.4,0.6,0.9,0.0
2026,9,4,9,13,09:13,58.4,0.0,0.0,0.0,0.0
2026,9,4,9,14,09:14,58.4,0.0,0.0,0.0,0.0
2026,9,4,9,17,09:16,58.4,0.0,0.0,0.0,0.0
2026,9,4,9,18,09:18,58.4,0.0,0.2,0.3,0.0
2026,9,4,9,19,09:19,58.4,0.0,0.0,0.0,0.0
2026,9,4,9,22,09:21,58.4,0.0,0.2,0.4,0.0
2026,9,4,9,23,09:23,58.4,0.0,0.0,0.0,0.0
2026,9,4,9,24,09:24,58.4,0.0,0.3,0.4,0.0
2026,9,4,9,26,09:26,58.4,0.0,0.3,0.7,0.0
2026,9,4,9,28,09:28,58.4,0.0,0.3,0.6,0.0
2026,9,4,9,29,09:29,58.4,0.0,0.0,0.0,0.0
2026,9,4,9,31,09:31,58.4,0.0,0.2,0.5,0.0
2026,9,4,9,33,09:33,60.6,1.0,1.3,1.7,0.0
2026,9,4,9,34,09:34,52.7,1.0,1.4,1.8,0.0
2026,9,4,9,37,09:36,51.8,1.0,1.4,1.9,0.0
2026,9,4,9,38,09:38,63.1,0.0,0.5,1.0,0.0
2026,9,4,9,39,09:39,63.1,0.0,0.4,0.7,0.0
2026,9,4,9,42,09:41,63.1,0.0,0.0,0.0,0.0
2026,9,4,9,43,09:43,63.1,0.0,0.1,0.2,0.0
2026,9,4,9,44,09:44,63.1,0.0,0.0,0.0,0.0
2026,9,4,9,46,09:46,63.1,0.0,0.2,0.6,0.0
2026,9,4,9,48,09:48,90.0,0.0,0.2,1.0,0.0
2026,9,4,9,49,09:49,154.7,0.0,0.3,0.8,0.0
2026,9,4,9,51,09:51,126.9,0.0,0.0,0.0,0.0
2026,9,4,9,53,09:53,101.9,0.0,0.0,0.0,0.0
2026,9,4,9,54,09:54,101.9,0.0,0.0,0.0,0.0
2026,9,4,9,56,09:56,101.9,0.0,0.0,0.0,0.0
2026,9,4,9,58,09:58,101.9,0.0,0.0,0.0,0.0
2026,9,4,9,59,09:59,102.0,0.0,0.0,0.0,0.0
2026,9,4,10,1,10:01,102.0,0.0,0.0,0.0,0.0
2026,9,4,10,3,10:03,98.1,0.0,0.2,1.2,0.0
2026,9,4,10,4,10:04,72.4,0.6,0.9,1.4,0.0
2026,9,4,10,6,10:06,141.5,0.0,0.5,1.0,0.0
2026,9,4,10,8,10:08,141.5,0.0,0.4,0.7,0.0
2026,9,4,10,9,10:09,76.8,0.0,0.5,1.3,0.0
2026,9,4,10,11,10:11,60.4,0.6,1.3,2.0,0.0
2026,9,4,10,13,10:13,64.9,0.0,0.2,0.2,0.0
2026,9,4,10,14,10:14,64.9,0.0,0.2,0.6,0.0
2026,9,4,10,17,10:16,57.6,0.0,0.4,1.0,0.0
2026,9,4,10,18,10:18,62.6,0.0,0.3,1.0,0.0
2026,9,4,10,19,10:19,62.6,0.0,0.2,0.5,0.0
2026,9,4,10,22,10:21,110.9,0.0,0.3,0.9,0.0
2026,9,4,10,23,10:23,111.9,0.0,0.6,1.1,0.0
2026,9,4,10,24,10:24,80.5,0.0,0.7,1.2,0.0
2026,9,4,10,26,10:25,80.5,0.0,0.0,0.0,0.0
2026,9,4,10,28,10:28,129.1,0.0,0.1,0.5,0.0
2026,9,4,10,29,10:29,166.2,0.0,0.6,1.2,0.0
2026,9,4,10,32,10:31,79.9,0.7,0.9,1.4,0.0
2026,9,4,10,33,10:33,69.9,0.0,0.1,0.4,0.0
2026,9,4,10,34,10:34,106.7,0.0,0.3,0.8,0.0
2026,9,4,10,36,10:36,114.6,0.0,0.6,1.5,0.0
2026,9,4,10,38,10:38,61.7,0.0,0.3,0.9,0.0
2026,9,4,10,39,10:39,99.7,0.0,0.6,1.7,0.0
2026,9,4,10,41,10:41,63.1,0.0,0.5,1.1,0.0
2026,9,4,10,43,10:43,129.1,0.0,0.3,1.3,0.0
2026,9,4,10,44,10:44,156.2,0.0,0.0,0.0,0.0
2026,9,4,10,47,10:46,156.2,0.0,0.1,0.4,0.0
2026,9,4,10,48,10:48,156.2,0.0,0.0,0.0,0.0
2026,9,4,10,51,10:51,156.2,0.0,0.3,0.8,0.0
2026,9,4,10,53,10:53,161.7,1.0,1.6,2.6,0.0
2026,9,4,10,54,10:54,152.6,0.8,1.6,2.2,0.0
2026,9,4,10,57,10:56,152.7,0.8,1.8,3.1,0.0
2026,9,4,10,58,10:58,151.4,0.7,1.4,1.9,0.0
2026,9,4,10,59,10:59,152.9,1.4,1.9,2.3,0.0
2026,9,4,11,1,11:01,159.8,1.2,0.8,2.2,0.0
2026,9,4,11,3,11:03,164.7,0.0,0.8,1.6,0.0
2026,9,4,11,4,11:04,164.7,0.0,0.3,1.3,0.0
2026,9,4,11,6,11:06,121.2,0.0,0.4,1.1,0.0
2026,9,4,11,8,11:08,87.1,0.0,0.0,0.0,0.0
2026,9,4,11,9,11:09,82.5,0.0,0.4,1.2,0.0
2026,9,4,11,11,11:11,45.9,0.0,0.8,1.2,0.0
2026,9,4,11,13,11:13,88.0,0.0,0.4,1.8,0.0
2026,9,4,11,14,11:14,85.3,0.0,0.5,1.5,0.0
2026,9,4,11,16,11:16,68.9,0.0,0.2,0.4,0.0
2026,9,4,11,18,11:18,67.0,0.0,0.8,1.7,0.0
2026,9,4,11,19,11:19,99.4,0.0,0.1,0.4,0.0
2026,9,4,11,21,11:21,301.4,0.0,0.2,0.4,0.0
2026,9,4,11,23,11:23,32.7,0.2,0.4,0.6,0.0
2026,9,4,11,24,11:24,139.3,0.0,0.8,1.8,0.0
2026,9,4,11,26,11:26,63.1,0.0,0.8,1.5,0.0
2026,9,4,11,28,11:28,111.6,0.0,0.9,2.3,0.0
2026,9,4,11,29,11:29,145.8,0.5,1.3,2.2,0.0
2026,9,4,11,31,11:31,159.3,0.9,1.6,2.6,0.0
2026,9,4,11,33,11:33,136.2,0.0,0.7,1.4,0.0
2026,9,4,11,34,11:34,118.0,0.0,0.4,0.6,0.0
2026,9,4,11,37,11:36,133.0,0.0,0.8,2.2,0.0
2026,9,4,11,38,11:38,154.8,0.0,0.3,0.6,0.0
2026,9,4,11,39,11:39,137.1,0.0,0.7,1.4,0.0
2026,9,4,11,41,11:41,162.2,0.0,0.7,2.2,0.0
2026,9,4,11,43,11:43,153.0,0.7,2.1,3.4,0.0
2026,9,4,11,44,11:44,153.2,0.8,1.4,2.1,0.0
2026,9,4,11,46,11:46,156.0,0.5,1.1,2.6,0.0
2026,9,4,11,48,11:48,159.8,0.0,0.3,0.7,0.0
2026,9,4,11,49,11:49,151.3,0.0,1.0,3.0,0.0
2026,9,4,11,51,11:51,159.8,0.5,1.7,3.0,0.0
2026,9,4,11,53,11:53,158.6,0.5,1.2,2.1,0.0
2026,9,4,11,54,11:54,153.9,0.0,0.7,1.1,0.0
2026,9,4,11,57,11:56,142.2,0.0,0.5,1.2,0.0
2026,9,4,11,58,11:58,142.6,0.0,0.5,1.0,0.0
2026,9,4,11,59,11:59,150.8,0.0,0.4,1.1,0.0
2026,9,4,12,1,12:01,152.8,0.0,0.1,0.3,0.0
2026,9,4,12,3,12:03,152.8,0.0,0.2,0.5,0.0
2026,9,4,12,4,12:04,157.1,0.0,0.2,0.7,0.0
2026,9,4,12,7,12:06,150.7,0.0,0.5,1.3,0.0
2026,9,4,12,8,12:08,114.2,0.0,0.3,0.4,0.0
2026,9,4,12,9,12:09,151.1,0.1,1.0,2.1,0.0
2026,9,4,12,11,12:11,163.0,0.0,0.5,1.8,0.0
2026,9,4,12,13,12:13,163.0,0.0,0.1,0.2,0.0
2026,9,4,12,14,12:14,163.0,0.0,0.1,0.3,0.0
2026,9,4,12,16,12:16,154.9,0.0,0.4,1.5,0.0
2026,9,4,12,18,12:18,170.5,0.0,0.0,0.0,0.0
2026,9,4,12,19,12:19,170.5,0.0,0.0,0.0,0.0
2026,9,4,13,13,13:13,162.3,0.5,1.8,3.1,0.0
2026,9,4,13,14,13:14,169.8,0.0,0.4,1.1,0.0
2026,9,4,13,17,13:16,158.2,1.6,2.4,3.4,0.0
2026,9,4,13,18,13:18,165.6,1.7,2.5,3.1,0.0
2026,9,4,13,19,13:19,160.5,2.0,2.7,3.4,0.0
2026,9,4,13,21,13:21,157.0,1.2,2.2,3.0,0.0
2026,9,4,13,23,13:23,165.8,2.3,2.9,3.5,0.0
2026,9,4,13,24,13:24,159.9,1.5,2.4,3.3,0.0
2026,9,4,13,27,13:26,150.4,0.5,1.2,1.9,0.0
2026,9,4,13,28,13:28,167.5,2.4,3.2,3.7,0.0
2026,9,4,13,29,13:29,171.0,2.6,2.9,3.4,0.0
2026,9,4,13,31,13:31,160.5,1.9,2.6,3.2,0.0
2026,9,4,13,33,13:33,156.0,1.4,2.4,3.3,0.0
2026,9,4,13,34,13:34,161.6,2.2,3.2,4.0,0.0
2026,9,4,13,36,13:36,155.0,1.7,1.6,3.5,0.0
2026,9,4,13,38,13:38,159.9,2.1,3.3,4.7,0.0
2026,9,4,13,39,13:39,163.9,1.7,3.0,4.4,0.0
2026,9,4,13,42,13:41,161.0,1.5,2.8,3.7,0.0
2026,9,4,13,43,13:43,167.8,2.3,3.5,3.9,0.0
2026,9,4,13,44,13:44,173.4,3.0,3.7,4.4,0.0
2026,9,4,13,47,13:46,175.7,3.2,3.4,3.9,0.0
2026,9,4,13,48,13:48,171.8,3.3,3.5,3.8,0.0
2026,9,4,13,49,13:49,161.7,3.2,3.8,4.3,0.0
2026,9,4,13,51,13:51,168.1,3.3,3.8,4.4,0.0
2026,9,4,13,53,13:53,167.8,3.5,3.8,4.3,0.0
2026,9,4,13,54,13:54,171.9,3.2,3.6,4.0,0.0
2026,9,4,13,57,13:56,169.1,3.2,3.6,4.2,0.0
2026,9,4,13,58,13:58,165.8,3.3,3.6,4.0,0.0
2026,9,4,13,59,13:59,165.5,3.1,3.5,3.9,0.0
2026,9,4,14,1,14:01,166.6,3.2,3.5,4.1,0.0
2026,9,4,14,3,14:03,170.5,3.0,3.4,3.8,0.0
2026,9,4,14,4,14:04,166.7,2.7,3.5,4.2,0.0
2026,9,4,14,7,14:06,164.9,3.0,3.4,3.8,0.0
2026,9,4,14,8,14:08,157.6,3.1,3.6,4.2,0.0
2026,9,4,14,9,14:09,159.3,3.0,3.6,4.1,0.0
2026,9,4,14,12,14:11,170.4,2.7,3.4,3.7,0.0
2026,9,4,14,13,14:13,170.7,3.1,3.5,3.7,0.0
2026,9,4,14,14,14:14,163.0,2.7,3.5,4.4,0.0
2026,9,4,14,16,14:16,160.9,2.4,3.3,4.1,0.0
2026,9,4,14,18,14:18,171.4,3.3,3.7,4.2,0.0
2026,9,4,14,19,14:19,177.6,2.9,3.3,3.8,0.0
2026,9,4,14,21,14:21,168.6,3.1,3.6,3.9,0.0
2026,9,4,14,23,14:23,174.2,3.0,3.4,3.8,0.0
2026,9,4,14,24,14:24,171.8,2.8,3.1,3.4,0.0
2026,9,4,14,26,14:26,174.4,3.4,3.6,3.9,0.0
2026,9,4,14,28,14:28,173.0,3.2,3.6,3.9,0.0
2026,9,4,14,29,14:29,176.7,3.3,3.6,3.9,0.0
2026,9,4,15,13,15:13,184.3,3.1,3.7,4.1,0.0
2026,9,4,15,14,15:14,194.4,3.6,4.0,4.4,0.0
2026,9,4,15,17,15:16,189.6,3.7,4.2,4.5,0.0
2026,9,4,15,18,15:18,181.8,3.2,3.8,4.3,0.0
2026,9,4,15,19,15:19,182.5,3.4,3.8,4.3,0.0
2026,9,4,15,22,15:21,184.3,3.2,3.6,3.9,0.0
2026,9,4,15,23,15:23,190.1,3.5,4.0,4.4,0.0
2026,9,4,15,24,15:24,190.3,3.3,3.8,4.4,0.0
2026,9,4,15,26,15:26,198.2,3.4,3.8,4.2,0.0
2026,9,4,15,28,15:28,184.9,3.1,3.6,4.0,0.0
2026,9,4,15,29,15:29,186.1,3.6,4.0,4.4,0.0
2026,9,4,15,31,15:31,184.6,3.4,3.8,4.2,0.0
2026,9,4,15,33,15:33,178.0,3.2,3.7,4.1,0.0
2026,9,4,15,34,15:34,180.7,3.0,3.4,3.7,0.0
2026,9,4,15,37,15:36,193.2,2.9,3.5,3.9,0.0
2026,9,4,15,38,15:38,191.7,3.5,4.1,4.4,0.0
2026,9,4,15,39,15:39,196.3,3.6,4.0,4.4,0.0
2026,9,4,15,42,15:41,192.3,3.4,4.0,4.5,0.0
2026,9,4,15,43,15:43,192.1,4.3,4.6,4.9,0.0
2026,9,4,15,44,15:44,189.9,3.6,4.0,4.3,0.0
2026,9,4,15,46,15:46,192.2,3.9,4.4,4.8,0.0
2026,9,4,15,48,15:48,196.1,3.7,4.0,4.4,0.0
2026,9,4,15,49,15:49,195.8,3.5,4.1,4.6,0.0
2026,9,4,15,51,15:51,190.9,3.7,4.3,4.9,0.0
2026,9,4,15,53,15:53,198.3,4.3,4.7,5.1,0.0
2026,9,4,15,54,15:54,195.3,4.3,5.1,5.6,0.0
2026,9,4,15,56,15:56,197.2,4.8,5.2,5.8,0.0
2026,9,4,15,58,15:58,190.2,4.6,5.4,5.8,0.0
2026,9,4,15,59,15:59,197.7,4.3,5.0,5.6,0.0
2026,9,4,16,1,16:01,193.8,4.7,5.5,6.3,0.0
2026,9,4,16,3,16:03,193.8,4.1,4.8,5.4,0.0
2026,9,4,16,4,16:04,201.3,3.6,4.5,5.6,0.0
2026,9,4,16,6,16:06,201.2,3.9,4.7,5.4,0.0
2026,9,4,16,8,16:08,197.3,3.8,4.4,5.1,0.0
2026,9,4,16,9,16:09,201.5,3.3,4.0,4.5,0.0
2026,9,4,16,12,16:11,208.4,2.8,3.6,4.5,0.0
2026,9,4,16,13,16:13,208.2,2.9,3.5,4.4,0.0
2026,9,4,16,14,16:14,209.9,3.2,3.8,4.3,0.0
2026,9,4,16,16,16:16,217.9,2.9,3.5,4.0,0.0
2026,9,4,16,18,16:18,214.3,3.0,3.6,4.5,0.0
2026,9,4,16,19,16:19,225.8,2.5,3.1,3.7,0.0
2026,9,4,16,22,16:21,226.2,2.7,3.1,3.6,0.0
2026,9,4,16,23,16:23,241.5,1.8,2.8,4.2,0.0
2026,9,4,16,24,16:24,264.4,2.2,3.0,3.9,0.0
2026,9,4,16,26,16:26,259.6,2.2,3.0,3.7,0.0
2026,9,4,16,28,16:28,252.3,1.4,2.1,2.8,0.0
2026,9,4,16,29,16:29,242.8,2.4,3.0,3.7,0.0
2026,9,4,16,31,16:31,237.0,2.7,3.1,3.8,0.0
2026,9,4,16,33,16:33,223.9,2.0,2.9,3.7,0.0
2026,9,4,16,34,16:34,229.2,2.0,2.8,3.3,0.0
2026,9,4,16,36,16:36,229.5,2.1,2.8,3.5,0.0
2026,9,4,16,38,16:38,224.9,1.9,2.7,3.3,0.0
2026,9,4,16,39,16:39,230.0,2.1,2.7,3.1,0.0
2026,9,4,16,41,16:41,218.2,1.3,1.5,1.8,0.0
2026,9,4,16,43,16:43,218.2,1.4,1.6,2.1,0.0
2026,9,4,16,44,16:44,218.2,1.2,1.5,2.1,0.0
2026,9,4,16,46,16:46,218.2,1.2,1.3,1.4,0.0
2026,9,4,16,48,16:48,188.0,1.5,1.8,2.1,0.0
2026,9,4,16,49,16:49,188.0,1.4,1.7,2.0,0.0
2026,9,4,16,52,16:51,188.0,1.0,1.3,1.4,0.0
2026,9,4,16,53,16:53,187.9,1.4,1.5,1.8,0.0
2026,9,4,16,54,16:54,187.9,1.4,1.6,1.8,0.0
2026,9,4,16,57,16:56,221.1,1.5,1.7,1.8,0.0
2026,9,4,16,58,16:58,219.0,1.3,1.6,2.1,0.0
2026,9,4,16,59,16:59,208.1,1.6,1.9,2.2,0.0
2026,9,4,17,2,17:01,200.8,2.0,2.1,2.3,0.0
2026,9,4,17,3,17:03,194.9,2.0,2.3,2.6,0.0
2026,9,4,17,4,17:04,184.0,2.1,2.3,2.5,0.0
2026,9,4,17,6,17:06,183.4,1.9,2.2,2.4,0.0
2026,9,4,17,8,17:08,204.7,1.8,2.0,2.3,0.0
2026,9,4,17,9,17:09,207.6,1.6,2.0,2.3,0.0
2026,9,4,17,11,17:11,210.4,1.8,2.3,2.6,0.0
2026,9,4,17,13,17:13,204.7,2.3,2.5,3.0,0.0
2026,9,4,17,14,17:14,204.2,2.0,2.4,2.8,0.0
2026,9,4,17,16,17:16,193.2,1.6,2.0,2.6,0.0
2026,9,4,17,18,17:18,182.1,2.5,3.0,3.3,0.0
2026,9,4,17,19,17:19,186.0,2.6,2.7,3.0,0.0
2026,9,4,17,21,17:21,192.1,2.2,2.7,3.1,0.0
2026,9,4,17,23,17:23,200.7,2.5,2.8,3.1,0.0
2026,9,4,17,24,17:24,200.1,2.2,2.4,2.7,0.0
2026,9,4,17,26,17:26,204.8,2.0,2.3,2.6,0.0
2026,9,4,17,28,17:28,213.8,2.8,3.4,4.1,0.0
2026,9,4,17,29,17:29,216.6,3.1,3.5,3.9,0.0
2026,9,4,17,31,17:31,211.3,2.7,3.2,3.5,0.0
2026,9,4,17,33,17:33,216.1,2.4,3.0,3.9,0.0
2026,9,4,17,34,17:34,208.2,3.1,3.5,4.1,0.0
2026,9,4,17,36,17:36,204.9,3.6,4.0,4.6,0.0
2026,9,4,17,38,17:38,207.6,2.9,3.8,4.5,0.0
2026,9,4,17,39,17:39,214.4,2.7,3.4,3.8,0.0
2026,9,4,17,41,17:41,214.9,3.2,3.4,3.7,0.0
2026,9,4,17,43,17:43,207.6,2.8,3.0,3.3,0.0
2026,9,4,17,44,17:44,204.1,2.9,3.2,3.6,0.0
2026,9,4,17,46,17:46,201.2,2.9,3.2,3.5,0.0
2026,9,4,17,48,17:48,208.4,2.8,3.3,3.7,0.0
2026,9,4,17,49,17:49,210.3,2.4,2.9,3.6,0.0
2026,9,4,17,51,17:51,206.8,3.0,3.4,3.8,0.0
2026,9,4,17,53,17:53,206.4,2.9,3.2,3.5,0.0
2026,9,4,17,54,17:54,206.3,2.7,3.3,3.9,0.0
2026,9,4,17,56,17:56,215.6,2.7,3.1,3.4,0.0
2026,9,4,17,58,17:58,213.8,2.3,2.9,3.2,0.0
2026,9,4,17,59,17:59,214.2,2.6,2.9,3.2,0.0
2026,9,4,18,2,18:01,214.2,2.2,2.9,3.3,0.0
2026,9,4,18,3,18:03,228.2,2.3,2.8,3.2,0.0
2026,9,4,18,4,18:04,228.7,1.7,2.4,3.3,0.0
2026,9,4,18,6,18:06,216.3,2.0,2.4,3.3,0.0
2026,9,4,18,8,18:08,230.4,1.4,2.3,2.9,0.0
2026,9,4,18,9,18:09,222.7,1.9,2.2,2.7,0.0
2026,9,4,18,12,18:11,233.0,1.7,2.2,2.8,0.0
2026,9,4,18,13,18:13,223.1,1.8,2.2,2.7,0.0
2026,9,4,18,14,18:14,226.3,1.6,2.2,2.8,0.0
2026,9,4,18,17,18:16,239.9,1.9,2.3,2.8,0.0
2026,9,4,18,18,18:18,225.5,1.7,2.3,2.8,0.0
2026,9,4,18,19,18:19,235.8,1.3,1.8,2.5,0.0
2026,9,4,18,21,18:21,230.1,1.9,2.3,2.7,0.0
2026,9,4,18,23,18:23,237.6,1.5,1.8,2.5,0.0
2026,9,4,18,24,18:24,213.4,1.9,2.5,3.2,0.0
2026,9,4,18,26,18:26,216.4,1.6,2.1,2.8,0.0
2026,9,4,18,28,18:28,226.9,1.8,2.2,2.9,0.0
2026,9,4,18,29,18:29,231.2,1.4,1.7,2.3,0.0
2026,9,4,18,31,18:31,207.5,2.1,2.3,2.6,0.0
2026,9,4,18,33,18:33,212.1,2.1,2.5,2.9,0.0
2026,9,4,18,34,18:34,213.5,1.6,2.1,2.6,0.0
2026,9,4,18,36,18:36,209.3,2.0,2.4,2.8,0.0
2026,9,4,18,38,18:38,215.2,1.9,2.5,3.1,0.0
2026,9,4,18,39,18:39,220.2,1.4,2.0,2.6,0.0
2026,9,4,18,42,18:41,207.4,2.3,2.6,2.9,0.0
2026,9,4,18,43,18:43,219.2,1.3,1.6,2.0,0.0
2026,9,4,18,44,18:44,220.6,1.4,1.7,2.2,0.0
2026,9,4,18,46,18:46,217.0,1.7,2.2,2.9,0.0
2026,9,4,18,48,18:48,210.5,1.8,2.1,2.4,0.0
2026,9,4,18,49,18:49,202.8,2.0,2.2,2.4,0.0
2026,9,4,18,52,18:51,202.8,1.7,1.9,2.1,0.0
2026,9,4,18,53,18:53,202.8,1.6,1.7,1.8,0.0
2026,9,4,18,54,18:54,202.8,1.4,1.6,2.1,0.0
2026,9,4,18,56,18:56,202.8,1.4,1.8,2.4,0.0
2026,9,4,18,58,18:58,202.8,0.7,1.1,1.5,0.0
2026,9,4,18,59,18:59,202.8,0.9,1.2,1.6,0.0
2026,9,4,19,1,19:01,211.1,0.8,0.9,1.8,0.0
2026,9,4,19,3,19:03,224.5,0.9,1.0,1.3,0.0
2026,9,4,19,4,19:04,224.5,0.6,0.8,1.1,0.0
2026,9,4,19,6,19:06,224.5,0.6,0.8,1.0,0.0
2026,9,4,19,8,19:08,224.5,0.9,1.2,1.5,0.0
2026,9,4,19,9,19:09,224.5,0.7,1.0,1.2,0.0
2026,9,4,19,11,19:11,224.5,0.6,0.9,1.2,0.0
2026,9,4,19,13,19:13,224.5,0.7,0.8,0.9,0.0
2026,9,4,19,14,19:14,224.5,0.6,1.0,1.6,0.0
2026,9,4,19,16,19:16,224.5,1.2,1.6,2.0,0.0
2026,9,4,19,18,19:18,224.5,1.3,1.6,1.9,0.0
2026,9,4,19,19,19:19,224.5,1.2,1.4,1.7,0.0
2026,9,4,19,21,19:21,213.1,1.5,1.9,2.2,0.0
2026,9,4,19,23,19:23,213.2,1.8,2.0,2.4,0.0
2026,9,4,19,24,19:24,215.5,1.4,1.6,1.9,0.0
2026,9,4,19,26,19:26,201.5,1.9,2.1,2.3,0.0
2026,9,4,19,28,19:28,204.3,1.2,1.5,1.9,0.0
2026,9,4,19,29,19:29,204.3,1.4,1.6,2.1,0.0
2026,9,4,19,31,19:31,187.1,1.4,1.8,2.2,0.0
2026,9,4,19,33,19:33,191.9,1.5,2.1,2.7,0.0
2026,9,4,19,34,19:34,204.3,1.7,1.9,2.1,0.0
2026,9,4,19,36,19:36,205.9,2.6,2.8,3.0,0.0
2026,9,4,19,38,19:38,205.7,2.2,2.5,2.9,0.0
2026,9,4,19,39,19:39,205.7,2.0,2.3,2.6,0.0
2026,9,4,19,41,19:41,200.8,1.8,2.2,2.6,0.0
2026,9,4,19,43,19:43,193.8,2.3,2.5,2.8,0.0
2026,9,4,19,44,19:44,195.8,1.8,2.1,2.4,0.0
2026,9,4,19,46,19:46,184.5,2.1,2.4,2.6,0.0
2026,9,4,19,48,19:48,200.1,2.1,2.3,2.6,0.0
2026,9,4,19,49,19:49,190.9,2.2,2.4,2.7,0.0
2026,9,4,19,52,19:51,189.6,1.8,2.3,2.8,0.0
2026,9,4,19,53,19:53,195.1,1.6,2.1,2.6,0.0
2026,9,4,19,54,19:54,193.8,1.9,2.2,2.7,0.0
2026,9,4,19,56,19:56,208.9,1.8,2.1,2.4,0.0
2026,9,4,19,58,19:58,204.3,1.9,2.2,2.7,0.0
2026,9,4,19,59,19:59,211.5,1.5,1.8,2.1,0.0
2026,9,4,20,1,20:01,229.4,1.5,2.0,2.3,0.0
2026,9,4,20,3,20:03,239.3,1.2,1.4,1.8,0.0
2026,9,4,20,4,20:04,225.7,1.3,1.6,1.8,0.0
2026,9,4,20,6,20:06,225.7,1.4,1.7,2.0,0.0
2026,9,4,20,8,20:08,225.7,0.6,0.9,1.1,0.0
2026,9,4,20,9,20:09,225.7,1.2,1.5,1.8,0.0
2026,9,4,20,11,20:11,225.7,1.1,1.3,1.6,0.0
2026,9,4,20,13,20:13,225.7,1.0,1.2,1.6,0.0
2026,9,4,20,14,20:14,225.7,0.7,1.0,1.4,0.0
2026,9,4,20,17,20:16,225.7,0.9,1.1,1.3,0.0
2026,9,4,20,18,20:18,225.7,0.7,0.9,1.1,0.0
2026,9,4,20,19,20:19,225.7,0.8,1.0,1.2,0.0
2026,9,4,20,21,20:21,225.7,0.9,1.0,1.2,0.0
2026,9,4,20,23,20:23,225.7,0.8,0.9,1.1,0.0
2026,9,4,20,24,20:24,225.7,0.8,0.9,1.0,0.0
2026,9,4,20,26,20:26,225.7,0.8,1.0,1.1,0.0
2026,9,4,20,28,20:28,225.7,0.8,1.0,1.2,0.0
2026,9,4,20,29,20:29,225.7,0.6,0.8,1.2,0.0
2026,9,4,20,32,20:31,225.7,0.8,1.0,1.1,0.0
2026,9,4,20,33,20:33,225.7,0.8,1.0,1.4,0.0
2026,9,4,20,34,20:34,225.7,0.9,1.1,1.2,0.0
2026,9,4,20,37,20:36,225.7,0.9,1.1,1.4,0.0
2026,9,4,20,38,20:38,225.7,0.9,1.0,1.2,0.0
2026,9,4,20,39,20:39,225.7,0.8,1.0,1.4,0.0
2026,9,4,20,42,20:41,225.7,0.9,1.1,1.3,0.0
2026,9,4,20,43,20:43,225.7,1.0,1.1,1.3,0.0
2026,9,4,20,44,20:44,225.7,1.0,1.1,1.2,0.0
2026,9,4,20,46,20:46,225.7,1.2,1.4,1.5,0.0
2026,9,4,20,48,20:48,225.7,1.0,1.2,1.5,0.0
2026,9,4,20,49,20:49,225.7,1.1,1.4,1.7,0.0
2026,9,4,20,51,20:51,225.7,1.3,1.6,2.3,0.0
2026,9,4,20,53,20:53,206.3,1.6,1.9,2.2,0.0
2026,9,4,20,54,20:54,206.3,1.5,1.7,2.0,0.0
2026,9,4,20,56,20:56,181.9,1.6,1.8,2.1,0.0
2026,9,4,20,58,20:58,164.2,1.8,2.1,2.3,0.0
2026,9,4,20,59,20:59,164.2,1.2,1.6,2.1,0.0
2026,9,4,21,2,21:01,191.1,1.8,2.0,2.4,0.0
2026,9,4,21,3,21:03,188.5,1.7,1.9,2.1,0.0
2026,9,4,21,4,21:04,188.5,1.8,2.0,2.2,0.0
2026,9,4,21,7,21:06,161.8,1.9,2.1,2.2,0.0
2026,9,4,21,8,21:08,161.8,2.0,2.2,2.5,0.0
2026,9,4,21,9,21:09,161.8,1.5,1.9,2.2,0.0
2026,9,4,21,11,21:11,171.4,1.2,1.9,2.6,0.0
2026,9,4,21,13,21:13,190.1,1.8,2.1,2.4,0.0
2026,9,4,21,14,21:14,190.0,1.8,2.0,2.2,0.0
2026,9,4,21,16,21:16,172.7,1.4,1.7,2.2,0.0
2026,9,4,21,18,21:18,172.6,1.4,1.6,1.8,0.0
2026,9,4,21,19,21:19,172.6,1.1,1.3,1.5,0.0
2026,9,4,21,21,21:21,172.7,1.6,2.0,2.1,0.0
2026,9,4,21,23,21:23,191.9,1.6,1.8,2.1,0.0
2026,9,4,21,24,21:24,170.9,1.4,1.7,1.8,0.0
2026,9,4,21,27,21:26,174.9,1.3,1.7,2.0,0.0
2026,9,4,21,28,21:28,190.1,0.6,0.9,1.1,0.0
2026,9,4,21,29,21:29,190.1,0.0,0.3,0.6,0.0
2026,9,4,21,32,21:31,190.1,0.5,1.0,1.3,0.0
2026,9,4,21,33,21:33,190.1,0.5,1.0,1.2,0.0
2026,9,4,21,34,21:34,190.1,0.3,0.6,1.1,0.0
2026,9,4,21,36,21:36,190.1,0.5,0.7,1.0,0.0
2026,9,4,21,38,21:38,190.1,0.0,0.5,1.2,0.0
2026,9,4,21,39,21:39,190.1,0.7,1.2,1.8,0.0
2026,9,4,21,42,21:41,190.1,0.6,0.9,1.2,0.0
2026,9,4,21,43,21:43,190.1,0.9,1.1,1.5,0.0
2026,9,4,21,44,21:44,190.1,0.8,1.0,1.1,0.0
2026,9,4,21,46,21:46,190.1,0.8,1.1,1.5,0.0
2026,9,4,21,48,21:48,190.1,1.5,1.7,2.0,0.0
2026,9,4,21,49,21:49,190.1,1.6,2.1,2.2,0.0
2026,9,4,21,52,21:51,190.1,1.6,1.8,2.0,0.0
2026,9,4,21,53,21:53,190.1,1.4,1.6,1.8,0.0
2026,9,4,21,54,21:54,190.1,1.6,1.8,2.1,0.0
2026,9,4,21,57,21:56,190.1,1.7,2.0,2.2,0.0
2026,9,4,21,58,21:58,190.1,1.4,1.6,2.0,0.0
2026,9,4,21,59,21:59,190.1,1.7,1.9,2.3,0.0
2026,9,4,22,1,22:01,190.1,2.0,2.2,2.5,0.0
2026,9,4,22,3,22:03,190.1,2.2,2.4,2.5,0.0
2026,9,4,22,4,22:04,190.1,2.1,2.2,2.6,0.0
2026,9,4,22,6,22:06,190.1,2.1,2.3,2.6,0.0
2026,9,4,22,8,22:08,190.1,2.2,2.4,2.7,0.0
2026,9,4,22,9,22:09,190.1,2.2,2.4,2.7,0.0
2026,9,4,22,11,22:11,190.1,2.0,2.3,2.6,0.0
2026,9,4,22,13,22:13,190.1,2.1,2.2,2.4,0.0
2026,9,4,22,14,22:14,184.6,2.1,2.3,2.7,0.0
2026,9,4,22,16,22:16,179.4,2.2,2.4,2.6,0.0
2026,9,4,22,18,22:18,187.8,1.9,2.1,2.2,0.0
2026,9,4,22,19,22:19,187.8,1.9,2.1,2.3,0.0
2026,9,4,22,21,22:21,187.8,1.8,2.0,2.3,0.0
2026,9,4,22,23,22:23,187.8,1.8,2.1,2.4,0.0
2026,9,4,22,24,22:24,187.8,1.7,2.1,2.5,0.0
2026,9,4,22,27,22:26,196.6,2.2,2.4,2.7,0.0
2026,9,4,22,28,22:28,196.1,2.6,2.8,3.2,0.0
2026,9,4,22,29,22:29,193.1,2.4,2.7,3.2,0.0
2026,9,4,22,31,22:31,191.9,2.6,2.9,3.4,0.0
2026,9,4,22,33,22:33,199.4,2.3,2.7,3.0,0.0
2026,9,4,22,34,22:34,202.5,2.1,2.4,2.6,0.0
2026,9,4,22,36,22:36,197.8,2.2,2.5,2.8,0.0
2026,9,4,22,38,22:38,202.7,2.4,2.7,3.0,0.0
2026,9,4,22,39,22:39,205.4,2.3,2.6,3.0,0.0
2026,9,4,22,41,22:41,202.1,2.1,2.6,3.1,0.0
2026,9,4,22,43,22:43,196.7,2.6,2.9,3.2,0.0
2026,9,4,22,44,22:44,197.2,2.3,2.7,3.2,0.0
2026,9,4,22,47,22:46,203.3,2.3,2.6,3.0,0.0
2026,9,4,22,48,22:48,204.2,1.8,2.2,2.9,0.0
2026,9,4,22,49,22:49,204.6,2.0,2.5,2.8,0.0
2026,9,4,22,52,22:51,211.8,2.0,2.3,2.6,0.0
2026,9,4,22,53,22:53,211.9,2.2,2.4,2.8,0.0
2026,9,4,22,54,22:54,218.2,1.8,2.2,2.6,0.0
2026,9,4,22,56,22:56,203.6,1.8,2.2,2.6,0.0
2026,9,4,22,58,22:58,200.1,2.0,2.2,2.3,0.0
2026,9,4,22,59,22:59,209.1,2.0,2.2,2.4,0.0
2026,9,4,23,2,23:01,202.3,1.9,2.2,2.4,0.0
2026,9,4,23,3,23:03,206.5,1.4,1.7,2.2,0.0
2026,9,4,23,4,23:04,206.0,1.9,2.2,2.5,0.0
2026,9,4,23,7,23:06,204.9,1.4,1.8,1.9,0.0
2026,9,4,23,8,23:08,205.9,1.6,2.1,2.5,0.0
2026,9,4,23,9,23:09,203.6,1.8,2.1,2.4,0.0
2026,9,4,23,12,23:11,219.5,1.0,1.2,1.5,0.0
2026,9,4,23,13,23:13,219.5,1.0,1.1,1.3,0.0
2026,9,4,23,14,23:14,219.4,0.8,1.0,1.2,0.0
2026,9,4,23,16,23:16,219.4,0.8,1.3,1.7,0.0
2026,9,4,23,18,23:18,219.5,1.3,1.7,2.0,0.0
2026,9,4,23,19,23:19,219.5,1.5,1.7,1.9,0.0
2026,9,4,23,22,23:21,219.4,1.4,1.8,2.1,0.0
2026,9,4,23,23,23:23,199.2,1.5,1.9,2.2,0.0
2026,9,4,23,24,23:24,199.2,1.4,1.8,2.3,0.0
2026,9,4,23,26,23:26,199.2,2.0,2.1,2.3,0.0
2026,9,4,23,28,23:28,199.2,1.4,1.6,1.8,0.0
2026,9,4,23,29,23:29,199.2,1.7,1.8,2.0,0.0
2026,9,4,23,32,23:31,199.2,1.8,1.9,2.0,0.0
2026,9,4,23,33,23:33,199.2,1.7,1.8,2.0,0.0
2026,9,4,23,34,23:34,199.2,1.5,1.7,1.8,0.0
2026,9,4,23,37,23:36,199.2,0.9,1.1,1.4,0.0
2026,9,4,23,38,23:38,199.2,1.2,1.4,1.7,0.0
2026,9,4,23,39,23:39,199.2,1.1,1.4,1.7,0.0
2026,9,4,23,41,23:41,199.2,1.3,1.5,1.7,0.0
2026,9,4,23,43,23:43,199.2,1.3,1.7,2.0,0.0
2026,9,4,23,44,23:44,199.2,1.6,1.8,1.9,0.0
2026,9,4,23,46,23:46,199.2,1.2,1.4,1.7,0.0
2026,9,4,23,48,23:48,199.2,1.4,1.5,1.7,0.0
2026,9,4,23,49,23:49,199.2,1.4,1.6,1.7,0.0
2026,9,4,23,51,23:51,199.2,1.4,1.7,1.9,0.0
2026,9,4,23,53,23:53,199.2,1.7,1.8,2.0,0.0
2026,9,4,23,54,23:54,199.4,1.4,1.6,2.0,0.0
2026,9,4,23,57,23:56,199.2,1.3,1.5,1.7,0.0
2026,9,4,23,58,23:58,199.2,1.4,1.7,2.1,0.0
2026,9,4,23,59,23:59,199.2,1.1,1.5,1.8,0.0
