# Helsinki Laru (dlarah.org Lauttasaari) 2026-09-23 Suomen aikaa — lähteen Laru_2026-266.txt sellaisenaan
# vuosi kk pv kirjoitus-h kirjoitus-min hh:mm suunta min ka max lämpötila (asemalla ei mittaria)
2026,9,23,0,2,00:01,8.7,0.5,1.3,3.6,0.0
2026,9,23,0,3,00:03,10.5,0.6,1.1,2.3,0.0
2026,9,23,0,4,00:04,23.1,0.0,0.7,1.6,0.0
2026,9,23,0,6,00:06,2.0,0.0,1.0,2.3,0.0
2026,9,23,0,8,00:08,358.2,0.9,2.0,3.6,0.0
2026,9,23,0,9,00:09,356.0,0.7,1.4,2.5,0.0
2026,9,23,0,11,00:11,351.2,0.9,2.1,3.4,0.0
2026,9,23,0,13,00:13,0.6,0.6,1.2,2.5,0.0
2026,9,23,0,14,00:14,354.9,0.9,1.8,3.5,0.0
2026,9,23,0,16,00:16,11.0,1.0,2.0,4.0,0.0
2026,9,23,0,18,00:18,3.2,0.8,1.4,3.3,0.0
2026,9,23,0,19,00:19,4.2,0.9,1.9,3.9,0.0
2026,9,23,0,21,00:21,8.3,0.9,2.1,4.4,0.0
2026,9,23,0,23,00:23,11.6,1.2,2.1,3.5,0.0
2026,9,23,0,24,00:24,11.4,0.9,2.1,3.9,0.0
2026,9,23,0,26,00:26,355.0,1.0,2.4,3.7,0.0
2026,9,23,0,28,00:28,356.5,1.1,2.0,3.4,0.0
2026,9,23,0,29,00:29,0.7,1.1,2.3,4.9,0.0
2026,9,23,0,31,00:31,11.5,1.0,2.0,3.5,0.0
2026,9,23,0,33,00:33,4.9,0.8,1.8,3.0,0.0
2026,9,23,0,34,00:34,0.8,0.6,1.5,3.9,0.0
2026,9,23,0,36,00:36,12.8,0.7,1.8,3.1,0.0
2026,9,23,0,38,00:38,8.5,1.0,2.0,3.9,0.0
2026,9,23,0,39,00:39,9.6,0.7,1.7,4.6,0.0
2026,9,23,0,41,00:41,13.3,0.7,1.2,3.4,0.0
2026,9,23,0,43,00:43,26.5,0.6,1.0,2.4,0.0
2026,9,23,0,44,00:44,9.5,0.5,1.1,2.7,0.0
2026,9,23,0,46,00:46,6.4,0.0,1.7,4.1,0.0
2026,9,23,0,48,00:48,18.5,0.7,1.4,2.7,0.0
2026,9,23,0,49,00:49,358.5,0.6,1.0,3.2,0.0
2026,9,23,0,52,00:51,12.1,0.5,0.9,1.9,0.0
2026,9,23,0,53,00:53,1.4,0.4,1.1,2.9,0.0
2026,9,23,0,54,00:54,356.6,0.7,1.2,2.6,0.0
2026,9,23,0,56,00:56,23.7,0.7,1.4,4.0,0.0
2026,9,23,0,58,00:58,13.8,0.4,1.3,4.0,0.0
2026,9,23,0,59,00:59,5.8,0.5,1.9,4.3,0.0
2026,9,23,1,1,01:01,11.9,0.7,1.1,2.2,0.0
2026,9,23,1,3,01:03,356.5,0.5,0.9,2.7,0.0
2026,9,23,1,4,01:04,10.5,0.5,1.2,2.9,0.0
2026,9,23,1,6,01:06,36.3,0.6,1.0,1.6,0.0
2026,9,23,1,8,01:08,355.6,0.4,1.0,2.7,0.0
2026,9,23,1,9,01:09,19.9,0.6,1.0,1.9,0.0
2026,9,23,1,12,01:11,9.9,0.0,1.4,3.2,0.0
2026,9,23,1,13,01:13,3.1,0.6,1.1,1.8,0.0
2026,9,23,1,14,01:14,3.4,0.8,1.3,2.6,0.0
2026,9,23,1,16,01:16,10.3,0.6,1.7,3.8,0.0
2026,9,23,1,18,01:18,27.1,0.5,0.9,1.9,0.0
2026,9,23,1,19,01:19,22.4,0.6,0.9,1.3,0.0
2026,9,23,1,22,01:21,38.8,0.5,0.9,1.8,0.0
2026,9,23,1,23,01:23,17.7,0.5,1.0,2.8,0.0
2026,9,23,1,24,01:24,3.1,0.0,2.1,4.2,0.0
2026,9,23,1,26,01:26,2.6,0.7,1.2,2.8,0.0
2026,9,23,1,28,01:28,9.1,0.6,1.8,3.8,0.0
2026,9,23,1,29,01:29,353.5,0.6,1.5,2.7,0.0
2026,9,23,1,31,01:31,5.7,0.7,1.3,2.6,0.0
2026,9,23,1,33,01:33,10.6,0.6,1.3,3.0,0.0
2026,9,23,1,34,01:34,3.4,0.5,1.3,3.6,0.0
2026,9,23,1,36,01:36,354.5,0.0,0.7,1.2,0.0
2026,9,23,1,38,01:38,359.3,0.7,2.1,3.8,0.0
2026,9,23,1,39,01:39,13.1,0.7,1.6,4.3,0.0
2026,9,23,1,42,01:41,357.5,0.0,1.8,3.4,0.0
2026,9,23,1,43,01:43,2.6,0.6,1.3,3.0,0.0
2026,9,23,1,44,01:44,352.3,1.1,2.4,3.8,0.0
2026,9,23,1,47,01:46,358.3,0.9,2.0,3.4,0.0
2026,9,23,1,48,01:48,8.0,0.6,1.1,2.6,0.0
2026,9,23,1,49,01:49,11.7,0.5,1.2,2.9,0.0
2026,9,23,1,51,01:51,2.5,0.4,1.5,3.2,0.0
2026,9,23,1,53,01:53,4.2,0.9,1.8,3.9,0.0
2026,9,23,1,54,01:54,17.2,0.5,1.2,2.5,0.0
2026,9,23,1,56,01:56,349.8,1.3,2.8,3.9,0.0
2026,9,23,1,58,01:58,355.8,1.5,2.8,4.8,0.0
2026,9,23,1,59,01:59,15.0,0.7,2.5,4.8,0.0
2026,9,23,2,2,02:01,0.2,0.0,2.4,4.3,0.0
2026,9,23,2,3,02:03,355.8,1.4,2.4,3.6,0.0
2026,9,23,2,4,02:04,10.3,0.9,2.0,3.4,0.0
2026,9,23,2,6,02:06,20.2,0.5,1.1,2.0,0.0
2026,9,23,2,8,02:08,26.1,0.6,1.1,2.3,0.0
2026,9,23,2,9,02:09,354.0,1.0,2.2,3.7,0.0
2026,9,23,2,11,02:11,22.2,0.7,1.2,2.2,0.0
2026,9,23,2,13,02:13,9.8,0.8,1.5,2.8,0.0
2026,9,23,2,14,02:14,10.4,0.4,1.3,3.7,0.0
2026,9,23,2,16,02:16,358.3,0.6,2.1,4.3,0.0
2026,9,23,2,18,02:18,2.6,0.8,1.6,4.4,0.0
2026,9,23,2,19,02:19,12.2,0.7,1.3,3.3,0.0
2026,9,23,2,21,02:21,7.2,0.7,1.9,4.2,0.0
2026,9,23,2,23,02:23,15.4,0.8,1.7,3.0,0.0
2026,9,23,2,24,02:24,16.9,0.6,1.1,2.2,0.0
2026,9,23,2,27,02:27,16.5,1.1,2.2,4.6,0.0
2026,9,23,2,28,02:28,13.8,0.8,1.5,2.6,0.0
2026,9,23,2,29,02:29,18.1,0.7,1.1,1.6,0.0
2026,9,23,2,31,02:31,1.2,0.7,1.8,2.8,0.0
2026,9,23,2,33,02:33,10.0,0.7,2.1,4.7,0.0
2026,9,23,2,34,02:34,20.0,0.9,2.0,4.0,0.0
2026,9,23,2,36,02:36,356.8,1.1,1.9,3.3,0.0
2026,9,23,2,38,02:38,12.9,0.7,1.6,5.3,0.0
2026,9,23,2,39,02:39,9.3,0.3,0.9,1.8,0.0
2026,9,23,2,42,02:41,13.7,0.7,1.4,2.7,0.0
2026,9,23,2,43,02:43,10.9,0.8,2.2,4.4,0.0
2026,9,23,2,44,02:44,352.7,1.0,3.2,4.2,0.0
2026,9,23,2,47,02:46,1.4,1.0,2.2,3.9,0.0
2026,9,23,2,48,02:48,22.1,0.5,2.0,4.7,0.0
2026,9,23,2,49,02:49,359.8,0.9,2.0,4.8,0.0
2026,9,23,2,51,02:51,12.6,0.7,2.1,4.0,0.0
2026,9,23,2,53,02:53,8.4,1.1,2.5,4.8,0.0
2026,9,23,2,54,02:54,356.7,1.4,3.8,6.2,0.0
2026,9,23,2,57,02:56,4.5,1.1,2.1,4.0,0.0
2026,9,23,2,58,02:58,10.3,0.9,2.7,5.6,0.0
2026,9,23,2,59,02:59,2.2,0.8,2.0,4.4,0.0
2026,9,23,3,1,03:01,357.8,1.0,1.8,3.1,0.0
2026,9,23,3,3,03:03,358.7,0.9,1.8,2.7,0.0
2026,9,23,3,4,03:04,18.9,0.0,0.9,1.5,0.0
2026,9,23,3,6,03:06,2.1,1.2,2.0,3.2,0.0
2026,9,23,3,8,03:08,356.8,0.8,2.3,3.6,0.0
2026,9,23,3,9,03:09,5.7,0.8,2.4,5.1,0.0
2026,9,23,3,12,03:11,6.5,0.0,1.5,3.3,0.0
2026,9,23,3,13,03:13,350.4,1.2,2.1,3.4,0.0
2026,9,23,3,14,03:14,352.7,0.9,2.5,3.8,0.0
2026,9,23,3,17,03:16,357.3,1.0,2.4,4.1,0.0
2026,9,23,3,18,03:18,351.2,0.9,2.8,4.9,0.0
2026,9,23,3,19,03:19,5.5,1.0,2.6,4.6,0.0
2026,9,23,3,21,03:21,0.5,1.0,2.4,4.0,0.0
2026,9,23,3,23,03:23,0.8,0.7,2.3,5.1,0.0
2026,9,23,3,24,03:24,346.6,2.3,4.3,5.9,0.0
2026,9,23,3,27,03:26,0.5,0.9,1.8,3.6,0.0
2026,9,23,3,28,03:28,6.9,0.8,1.6,3.6,0.0
2026,9,23,3,29,03:29,10.1,0.9,2.3,4.1,0.0
2026,9,23,3,31,03:31,358.8,1.4,2.4,3.7,0.0
2026,9,23,3,33,03:33,11.5,1.2,1.9,3.3,0.0
2026,9,23,3,34,03:34,12.0,0.9,2.6,4.8,0.0
2026,9,23,3,36,03:36,16.0,0.7,2.3,4.4,0.0
2026,9,23,3,38,03:38,18.4,0.8,1.7,3.6,0.0
2026,9,23,3,39,03:39,22.0,0.9,1.4,2.3,0.0
2026,9,23,3,41,03:41,18.8,1.2,2.7,5.9,0.0
2026,9,23,3,43,03:43,36.5,0.6,1.8,4.4,0.0
2026,9,23,3,44,03:44,38.9,1.2,1.9,3.3,0.0
2026,9,23,3,46,03:46,10.0,1.1,1.7,2.8,0.0
2026,9,23,3,48,03:48,24.8,0.9,2.1,5.5,0.0
2026,9,23,3,49,03:49,9.7,1.2,2.0,5.1,0.0
2026,9,23,3,51,03:51,6.4,1.3,2.8,6.6,0.0
2026,9,23,3,53,03:53,18.0,0.9,2.2,5.0,0.0
2026,9,23,3,54,03:54,9.0,1.0,1.8,3.1,0.0
2026,9,23,3,56,03:56,4.5,1.0,2.2,4.2,0.0
2026,9,23,3,58,03:58,2.0,0.9,2.5,4.1,0.0
2026,9,23,3,59,03:59,8.1,0.9,2.5,5.2,0.0
2026,9,23,4,1,04:01,13.5,1.1,2.0,4.4,0.0
2026,9,23,4,3,04:03,349.9,1.0,2.4,3.9,0.0
2026,9,23,4,4,04:04,356.6,0.9,2.8,5.0,0.0
2026,9,23,4,6,04:06,6.2,0.6,1.0,1.8,0.0
2026,9,23,4,8,04:08,9.8,0.9,2.3,5.4,0.0
2026,9,23,4,9,04:09,10.2,1.1,2.3,4.9,0.0
2026,9,23,4,12,04:11,14.8,1.0,2.4,5.7,0.0
2026,9,23,4,13,04:13,1.6,1.2,2.1,3.7,0.0
2026,9,23,4,14,04:14,27.3,1.2,2.0,3.4,0.0
2026,9,23,4,16,04:16,358.7,0.9,1.7,3.7,0.0
2026,9,23,4,18,04:18,356.6,1.1,2.4,5.4,0.0
2026,9,23,4,19,04:19,8.5,1.2,3.1,6.1,0.0
2026,9,23,4,22,04:21,5.8,0.8,1.5,2.5,0.0
2026,9,23,4,23,04:23,10.7,1.0,2.0,5.1,0.0
2026,9,23,4,24,04:24,12.3,1.4,3.0,7.7,0.0
2026,9,23,4,27,04:26,10.7,1.2,2.3,5.3,0.0
2026,9,23,4,28,04:28,6.6,1.2,2.4,4.9,0.0
2026,9,23,4,31,04:31,13.1,0.9,2.4,4.6,0.0
2026,9,23,4,33,04:33,3.8,1.1,2.7,6.5,0.0
2026,9,23,4,34,04:34,6.6,1.6,3.4,6.9,0.0
2026,9,23,4,36,04:36,5.7,1.6,3.9,7.6,0.0
2026,9,23,4,38,04:38,7.5,1.3,2.0,4.1,0.0
2026,9,23,4,39,04:39,13.7,0.8,1.9,6.0,0.0
2026,9,23,4,42,04:41,12.9,1.0,1.7,3.5,0.0
2026,9,23,4,43,04:43,1.3,0.9,2.3,6.0,0.0
2026,9,23,4,44,04:44,358.4,1.5,4.0,6.3,0.0
2026,9,23,4,46,04:46,6.9,1.4,2.7,6.0,0.0
2026,9,23,4,48,04:48,353.5,1.2,2.9,4.8,0.0
2026,9,23,4,49,04:49,21.1,1.1,2.6,5.4,0.0
2026,9,23,4,52,04:51,16.8,1.0,1.7,3.2,0.0
2026,9,23,4,53,04:53,11.9,1.0,1.8,3.3,0.0
2026,9,23,4,54,04:54,359.2,1.1,2.7,5.1,0.0
2026,9,23,4,56,04:56,21.7,0.9,1.5,4.1,0.0
2026,9,23,4,58,04:58,12.3,1.0,1.5,3.1,0.0
2026,9,23,4,59,04:59,10.8,0.9,1.7,4.1,0.0
2026,9,23,5,2,05:01,11.3,0.9,2.0,5.3,0.0
2026,9,23,5,3,05:03,8.1,1.0,2.4,6.5,0.0
2026,9,23,5,4,05:04,10.5,1.2,1.9,3.4,0.0
2026,9,23,5,6,05:06,1.6,1.2,2.4,5.4,0.0
2026,9,23,5,8,05:08,20.4,1.0,1.8,3.3,0.0
2026,9,23,5,9,05:09,3.2,1.4,3.5,6.2,0.0
2026,9,23,5,11,05:11,8.7,1.0,3.3,5.6,0.0
2026,9,23,5,13,05:13,5.7,1.3,3.3,5.8,0.0
2026,9,23,5,14,05:14,11.9,1.0,1.9,4.2,0.0
2026,9,23,5,17,05:16,3.8,1.5,2.5,4.5,0.0
2026,9,23,5,18,05:18,5.2,1.1,2.6,5.4,0.0
2026,9,23,5,19,05:19,23.0,1.2,2.5,4.6,0.0
2026,9,23,5,21,05:21,11.6,1.3,2.9,5.8,0.0
2026,9,23,5,23,05:23,2.9,1.5,2.9,5.4,0.0
2026,9,23,5,24,05:24,11.3,1.2,2.3,4.3,0.0
2026,9,23,5,26,05:26,16.3,1.0,2.1,4.6,0.0
2026,9,23,5,28,05:28,1.6,0.9,2.3,4.7,0.0
2026,9,23,5,29,05:29,15.7,0.9,1.5,3.3,0.0
2026,9,23,5,31,05:31,18.6,0.9,1.5,3.3,0.0
2026,9,23,5,33,05:33,6.6,0.9,2.2,4.2,0.0
2026,9,23,5,34,05:34,6.7,1.1,2.1,4.8,0.0
2026,9,23,5,36,05:36,22.7,1.1,2.2,4.5,0.0
2026,9,23,5,38,05:38,3.2,0.6,2.4,4.6,0.0
2026,9,23,5,39,05:39,359.8,1.0,4.0,6.7,0.0
2026,9,23,5,41,05:41,2.4,1.2,2.5,4.6,0.0
2026,9,23,5,43,05:43,3.5,1.2,3.6,6.1,0.0
2026,9,23,5,44,05:44,5.3,1.0,2.4,4.6,0.0
2026,9,23,5,46,05:46,347.0,1.9,4.1,8.3,0.0
2026,9,23,5,48,05:48,2.8,0.8,3.1,5.9,0.0
2026,9,23,5,49,05:49,12.4,1.2,3.2,6.1,0.0
2026,9,23,5,51,05:51,14.7,0.7,2.1,5.0,0.0
2026,9,23,5,53,05:53,15.3,1.2,2.7,6.5,0.0
2026,9,23,5,54,05:54,6.0,1.1,2.2,4.4,0.0
2026,9,23,5,56,05:56,11.8,1.2,2.4,3.8,0.0
2026,9,23,5,58,05:58,359.7,1.3,3.0,5.6,0.0
2026,9,23,6,1,06:01,16.8,0.9,1.8,4.0,0.0
2026,9,23,6,3,06:03,358.3,1.4,2.8,5.4,0.0
2026,9,23,6,4,06:04,14.1,0.7,1.7,3.8,0.0
2026,9,23,6,6,06:06,2.5,1.2,3.6,6.7,0.0
2026,9,23,6,8,06:08,19.0,1.1,2.0,4.8,0.0
2026,9,23,6,9,06:09,14.2,1.2,2.5,4.8,0.0
2026,9,23,6,12,06:11,356.0,1.4,3.3,5.6,0.0
2026,9,23,6,13,06:13,22.6,1.2,1.8,3.1,0.0
2026,9,23,6,14,06:14,7.9,0.8,1.6,3.1,0.0
2026,9,23,6,16,06:16,14.2,1.2,1.9,4.7,0.0
2026,9,23,6,18,06:18,6.9,0.9,2.6,5.3,0.0
2026,9,23,6,19,06:19,5.8,1.1,2.6,5.4,0.0
2026,9,23,6,22,06:21,8.7,1.5,3.0,5.9,0.0
2026,9,23,6,23,06:23,5.3,1.7,3.4,5.6,0.0
2026,9,23,6,24,06:24,8.7,0.9,2.7,4.5,0.0
2026,9,23,6,26,06:26,358.0,1.0,3.0,5.8,0.0
2026,9,23,6,28,06:28,13.3,0.9,3.1,8.0,0.0
2026,9,23,6,29,06:29,3.0,1.0,2.7,5.4,0.0
2026,9,23,6,31,06:31,359.5,1.3,3.5,6.9,0.0
2026,9,23,6,33,06:33,13.0,1.6,3.4,5.9,0.0
2026,9,23,6,34,06:34,354.2,1.6,3.0,4.8,0.0
2026,9,23,6,36,06:36,0.7,1.3,2.5,5.4,0.0
2026,9,23,6,38,06:38,355.7,1.9,3.8,6.5,0.0
2026,9,23,6,39,06:39,17.9,0.9,1.9,4.7,0.0
2026,9,23,6,41,06:41,10.4,1.3,2.9,6.2,0.0
2026,9,23,6,43,06:43,356.0,1.4,2.9,5.8,0.0
2026,9,23,6,44,06:44,354.6,1.9,4.6,6.8,0.0
2026,9,23,6,46,06:46,351.2,3.3,4.9,7.0,0.0
2026,9,23,6,48,06:48,26.4,0.9,1.5,3.2,0.0
2026,9,23,6,49,06:49,40.2,0.8,1.1,1.7,0.0
2026,9,23,6,51,06:51,23.6,1.1,1.8,3.6,0.0
2026,9,23,6,53,06:53,6.5,1.8,3.5,6.1,0.0
2026,9,23,6,54,06:54,5.6,0.8,1.8,4.6,0.0
2026,9,23,6,57,06:56,2.6,1.0,2.1,3.9,0.0
2026,9,23,6,58,06:58,20.3,1.5,2.4,4.7,0.0
2026,9,23,6,59,06:59,6.6,1.2,3.2,5.5,0.0
2026,9,23,7,1,07:01,9.2,0.8,2.7,5.5,0.0
2026,9,23,7,3,07:03,357.2,1.3,2.7,5.1,0.0
2026,9,23,7,4,07:04,9.4,0.9,2.2,5.4,0.0
2026,9,23,7,6,07:06,2.1,1.0,3.2,6.1,0.0
2026,9,23,7,8,07:08,14.4,1.3,2.5,5.2,0.0
2026,9,23,7,9,07:09,5.7,1.0,2.6,5.8,0.0
2026,9,23,7,11,07:11,354.5,2.1,3.9,6.1,0.0
2026,9,23,7,13,07:13,1.8,1.2,3.6,6.6,0.0
2026,9,23,7,14,07:14,12.5,1.2,2.5,4.5,0.0
2026,9,23,7,17,07:16,350.9,1.5,3.7,5.6,0.0
2026,9,23,7,18,07:18,18.7,0.9,1.7,4.1,0.0
2026,9,23,7,19,07:19,4.6,0.9,2.2,5.1,0.0
2026,9,23,7,21,07:21,357.6,1.5,2.7,4.9,0.0
2026,9,23,7,23,07:23,352.0,1.1,3.0,4.5,0.0
2026,9,23,7,24,07:24,3.0,1.3,2.8,6.2,0.0
2026,9,23,7,27,07:26,359.1,1.3,4.2,7.0,0.0
2026,9,23,7,28,07:28,357.0,1.1,3.7,6.5,0.0
2026,9,23,7,29,07:29,1.9,1.4,3.5,6.3,0.0
2026,9,23,7,31,07:31,344.6,1.4,3.2,5.1,0.0
2026,9,23,7,33,07:33,10.7,1.2,2.8,5.0,0.0
2026,9,23,7,34,07:34,13.6,1.3,2.6,5.1,0.0
2026,9,23,7,36,07:36,24.3,1.3,2.1,4.8,0.0
2026,9,23,7,38,07:38,3.1,1.4,2.7,4.5,0.0
2026,9,23,7,39,07:39,359.8,1.1,3.1,6.5,0.0
2026,9,23,7,41,07:41,354.6,0.7,2.6,5.7,0.0
2026,9,23,7,43,07:43,3.2,1.4,2.4,6.3,0.0
2026,9,23,7,44,07:44,4.7,1.3,3.5,7.1,0.0
2026,9,23,7,47,07:46,356.6,1.5,3.9,7.6,0.0
2026,9,23,7,48,07:48,2.0,1.5,4.0,6.7,0.0
2026,9,23,7,49,07:49,16.9,1.4,3.0,6.3,0.0
2026,9,23,7,51,07:51,10.1,1.2,3.0,5.8,0.0
2026,9,23,7,53,07:53,12.7,0.9,2.9,6.3,0.0
2026,9,23,7,54,07:54,17.6,1.4,2.8,6.1,0.0
2026,9,23,7,56,07:56,11.9,1.5,2.6,5.2,0.0
2026,9,23,7,58,07:58,27.0,1.2,2.5,5.1,0.0
2026,9,23,8,1,08:01,9.9,1.6,2.5,5.1,0.0
2026,9,23,8,3,08:03,354.5,1.1,3.2,7.7,0.0
2026,9,23,8,4,08:04,1.3,1.6,3.3,6.6,0.0
2026,9,23,8,6,08:06,4.7,1.3,2.8,6.0,0.0
2026,9,23,8,8,08:08,1.8,1.8,4.3,6.8,0.0
2026,9,23,8,12,08:11,0.0,1.0,3.0,5.6,0.0
2026,9,23,8,13,08:13,41.9,1.5,2.4,6.5,0.0
2026,9,23,8,14,08:14,15.6,1.3,2.4,4.4,0.0
2026,9,23,8,16,08:16,6.7,1.1,2.6,6.2,0.0
2026,9,23,8,18,08:18,13.7,1.6,3.2,7.8,0.0
2026,9,23,8,19,08:19,0.6,1.1,3.0,6.0,0.0
2026,9,23,8,21,08:21,2.2,1.4,4.6,6.5,0.0
2026,9,23,8,23,08:23,357.4,1.3,4.1,7.0,0.0
2026,9,23,8,24,08:24,16.8,1.0,2.2,5.4,0.0
2026,9,23,8,26,08:26,347.3,3.6,5.7,7.4,0.0
2026,9,23,8,28,08:28,4.0,1.0,3.6,6.1,0.0
2026,9,23,8,31,08:31,0.7,1.6,4.3,6.2,0.0
2026,9,23,8,33,08:33,4.9,1.1,3.2,6.6,0.0
2026,9,23,8,34,08:34,1.1,1.5,3.7,9.4,0.0
2026,9,23,8,36,08:36,358.8,1.4,3.3,9.6,0.0
2026,9,23,8,38,08:38,7.6,1.4,3.6,7.3,0.0
2026,9,23,8,39,08:39,13.2,1.2,3.4,7.7,0.0
2026,9,23,8,42,08:41,352.3,2.7,5.5,7.5,0.0
2026,9,23,8,43,08:43,5.1,1.2,3.7,7.6,0.0
2026,9,23,8,44,08:44,352.8,1.6,3.8,5.6,0.0
2026,9,23,8,47,08:46,347.8,1.7,4.6,6.8,0.0
2026,9,23,8,48,08:48,9.4,1.6,3.4,5.7,0.0
2026,9,23,8,49,08:49,2.5,1.1,2.9,6.3,0.0
2026,9,23,8,52,08:51,351.7,1.2,3.0,5.3,0.0
2026,9,23,8,53,08:53,3.9,1.8,5.0,8.5,0.0
2026,9,23,8,54,08:54,14.5,1.4,2.0,2.8,0.0
2026,9,23,8,56,08:56,7.7,1.2,2.6,6.3,0.0
2026,9,23,8,58,08:58,354.2,1.6,3.9,7.1,0.0
2026,9,23,8,59,08:59,355.0,1.9,5.3,8.0,0.0
2026,9,23,9,2,09:01,3.6,1.2,3.1,5.7,0.0
2026,9,23,9,3,09:03,335.0,1.5,4.0,6.9,0.0
2026,9,23,9,4,09:04,350.4,1.4,4.3,7.1,0.0
2026,9,23,9,7,09:06,7.4,1.2,2.6,5.2,0.0
2026,9,23,9,8,09:08,4.5,1.3,3.3,5.2,0.0
2026,9,23,9,9,09:09,3.7,1.1,2.1,3.8,0.0
2026,9,23,9,12,09:11,1.0,1.2,4.2,6.3,0.0
2026,9,23,9,13,09:13,2.0,1.5,3.0,5.4,0.0
2026,9,23,9,14,09:14,10.1,1.4,2.4,4.4,0.0
2026,9,23,9,16,09:16,1.7,0.9,2.7,5.9,0.0
2026,9,23,9,18,09:18,5.9,1.2,2.8,7.6,0.0
2026,9,23,9,19,09:19,357.8,1.6,3.6,5.3,0.0
2026,9,23,9,22,09:21,35.7,1.0,1.8,4.1,0.0
2026,9,23,9,23,09:23,12.0,1.4,2.8,4.6,0.0
2026,9,23,9,24,09:24,8.9,1.1,3.4,7.0,0.0
2026,9,23,9,26,09:26,6.6,1.2,2.1,4.5,0.0
2026,9,23,9,28,09:28,6.7,1.3,2.6,5.3,0.0
2026,9,23,9,29,09:29,357.0,1.5,3.4,5.7,0.0
2026,9,23,9,31,09:31,355.0,1.8,4.2,6.8,0.0
2026,9,23,9,33,09:33,359.5,2.1,4.0,6.9,0.0
2026,9,23,9,34,09:34,354.5,2.2,4.9,8.0,0.0
2026,9,23,9,37,09:36,7.7,1.1,2.2,5.0,0.0
2026,9,23,9,38,09:38,14.6,1.4,3.1,7.0,0.0
2026,9,23,9,39,09:39,358.6,1.2,4.7,7.5,0.0
2026,9,23,9,42,09:41,47.7,0.7,1.8,4.8,0.0
2026,9,23,9,43,09:43,6.1,0.8,1.4,2.4,0.0
2026,9,23,9,44,09:44,8.1,1.1,2.6,5.8,0.0
2026,9,23,9,46,09:46,28.6,0.8,1.8,4.0,0.0
2026,9,23,9,48,09:48,5.0,0.9,1.8,3.7,0.0
2026,9,23,9,49,09:49,14.1,0.8,1.5,3.4,0.0
2026,9,23,9,51,09:51,12.0,1.5,2.6,6.5,0.0
2026,9,23,9,53,09:53,355.0,2.5,5.4,7.7,0.0
2026,9,23,9,54,09:54,9.0,1.1,2.5,4.7,0.0
2026,9,23,9,56,09:56,20.5,1.1,1.7,3.7,0.0
2026,9,23,9,58,09:58,35.1,0.8,1.6,3.5,0.0
2026,9,23,9,59,09:59,22.6,1.0,1.5,3.1,0.0
2026,9,23,10,1,10:01,25.3,1.0,1.5,2.4,0.0
2026,9,23,10,3,10:03,31.2,0.8,1.5,2.5,0.0
2026,9,23,10,4,10:04,34.4,0.9,1.8,3.6,0.0
2026,9,23,10,7,10:06,27.1,0.6,1.1,1.9,0.0
2026,9,23,10,8,10:08,22.9,0.7,2.0,3.3,0.0
2026,9,23,10,9,10:09,27.5,0.9,1.7,3.3,0.0
2026,9,23,10,11,10:11,17.4,1.3,2.2,5.0,0.0
2026,9,23,10,13,10:13,23.8,0.0,1.2,2.6,0.0
2026,9,23,10,14,10:14,353.2,0.9,2.3,4.3,0.0
2026,9,23,10,16,10:16,8.9,0.8,2.0,4.1,0.0
2026,9,23,10,18,10:18,6.5,0.8,2.2,4.3,0.0
2026,9,23,10,19,10:19,21.5,0.8,1.6,3.7,0.0
2026,9,23,10,21,10:21,21.7,0.7,1.6,4.1,0.0
2026,9,23,10,23,10:23,18.3,0.5,0.9,1.6,0.0
2026,9,23,10,24,10:24,22.7,0.0,1.2,4.2,0.0
2026,9,23,10,27,10:26,20.5,0.6,1.4,3.0,0.0
2026,9,23,10,28,10:28,13.1,0.9,2.1,4.5,0.0
2026,9,23,10,29,10:29,25.8,0.9,2.3,6.5,0.0
2026,9,23,10,31,10:31,5.4,0.8,1.7,3.7,0.0
2026,9,23,10,33,10:33,25.4,1.1,1.9,3.6,0.0
2026,9,23,10,34,10:34,33.4,0.5,1.1,2.2,0.0
2026,9,23,10,36,10:36,23.9,0.8,1.4,2.3,0.0
2026,9,23,10,38,10:38,7.9,1.2,2.2,4.8,0.0
2026,9,23,10,40,10:39,3.0,1.1,2.2,4.0,0.0
2026,9,23,10,42,10:41,12.5,0.8,2.3,4.2,0.0
2026,9,23,10,43,10:43,3.1,1.0,2.2,4.6,0.0
2026,9,23,10,44,10:44,10.9,0.9,3.4,8.0,0.0
2026,9,23,10,46,10:46,19.6,0.8,1.9,4.3,0.0
2026,9,23,10,48,10:48,8.8,0.9,2.4,4.6,0.0
2026,9,23,10,49,10:49,16.3,1.1,2.1,3.7,0.0
2026,9,23,10,52,10:51,11.5,0.8,2.7,5.8,0.0
2026,9,23,10,53,10:53,7.5,0.5,1.3,3.7,0.0
2026,9,23,10,54,10:54,15.3,1.2,2.5,5.1,0.0
2026,9,23,10,56,10:56,26.3,0.9,1.6,3.1,0.0
2026,9,23,10,58,10:58,23.8,1.0,1.7,3.2,0.0
2026,9,23,10,59,10:59,32.2,1.0,1.8,3.7,0.0
2026,9,23,11,2,11:01,15.4,1.2,1.8,2.8,0.0
2026,9,23,11,3,11:03,16.8,0.8,1.8,3.9,0.0
2026,9,23,11,4,11:04,41.2,0.8,1.7,3.9,0.0
2026,9,23,11,6,11:06,28.0,0.8,1.5,2.2,0.0
2026,9,23,11,8,11:08,31.4,0.9,2.0,3.6,0.0
2026,9,23,11,9,11:09,40.4,0.9,1.5,3.9,0.0
2026,9,23,11,11,11:11,47.6,1.1,2.2,4.2,0.0
2026,9,23,11,13,11:13,13.8,1.0,1.9,4.1,0.0
2026,9,23,11,14,11:14,29.2,0.8,1.7,2.8,0.0
2026,9,23,11,16,11:16,30.1,0.5,1.3,3.3,0.0
2026,9,23,11,18,11:18,45.9,0.6,1.1,1.8,0.0
2026,9,23,11,19,11:19,39.6,1.0,2.0,3.4,0.0
2026,9,23,11,21,11:21,10.9,0.6,1.3,2.3,0.0
2026,9,23,11,23,11:23,27.5,0.8,1.6,2.6,0.0
2026,9,23,11,24,11:24,11.0,0.7,1.8,4.0,0.0
2026,9,23,11,27,11:26,14.0,0.5,1.3,2.4,0.0
2026,9,23,11,28,11:28,18.5,0.9,1.5,2.8,0.0
2026,9,23,11,29,11:29,30.2,0.0,0.9,1.2,0.0
2026,9,23,11,32,11:31,28.6,1.0,2.0,3.8,0.0
2026,9,23,11,33,11:33,17.9,0.7,1.6,2.9,0.0
2026,9,23,11,34,11:34,0.8,1.0,2.0,4.2,0.0
2026,9,23,11,37,11:36,27.6,0.7,1.7,3.5,0.0
2026,9,23,11,38,11:38,25.9,0.5,1.2,2.0,0.0
2026,9,23,11,39,11:39,359.6,0.8,1.7,3.5,0.0
2026,9,23,11,41,11:41,9.1,0.8,1.5,3.8,0.0
2026,9,23,11,43,11:43,16.5,0.7,1.1,2.4,0.0
2026,9,23,11,44,11:44,36.5,0.7,1.4,2.9,0.0
2026,9,23,11,46,11:46,26.6,0.5,0.8,1.5,0.0
2026,9,23,11,48,11:48,17.8,0.6,1.2,2.3,0.0
2026,9,23,11,49,11:49,8.5,0.7,1.7,3.2,0.0
2026,9,23,11,51,11:51,24.4,0.8,1.6,2.5,0.0
2026,9,23,11,53,11:53,27.9,0.0,1.2,2.1,0.0
2026,9,23,11,54,11:54,42.1,0.8,1.4,2.1,0.0
2026,9,23,11,57,11:57,22.2,0.6,0.9,1.9,0.0
2026,9,23,11,58,11:58,8.6,0.7,2.6,5.4,0.0
2026,9,23,11,59,11:59,27.1,1.1,1.5,2.3,0.0
2026,9,23,12,2,12:01,34.8,1.0,2.1,4.3,0.0
2026,9,23,12,3,12:03,40.4,0.9,1.4,2.6,0.0
2026,9,23,12,4,12:04,40.4,0.7,1.8,3.1,0.0
2026,9,23,12,7,12:06,40.2,0.7,1.4,2.3,0.0
2026,9,23,12,8,12:08,44.2,0.7,1.3,1.8,0.0
2026,9,23,12,9,12:09,35.8,0.6,0.8,1.6,0.0
2026,9,23,12,11,12:11,38.0,0.4,1.2,3.0,0.0
2026,9,23,12,13,12:13,41.6,0.7,1.1,1.7,0.0
2026,9,23,12,14,12:14,44.5,0.6,1.2,1.8,0.0
2026,9,23,12,17,12:16,33.6,0.8,1.7,3.4,0.0
2026,9,23,12,18,12:18,42.7,0.0,0.8,1.8,0.0
2026,9,23,12,19,12:19,45.3,0.5,1.1,2.0,0.0
2026,9,23,12,22,12:21,29.2,0.5,1.0,2.6,0.0
2026,9,23,12,23,12:23,22.4,0.0,1.1,3.2,0.0
2026,9,23,12,24,12:24,31.1,0.7,1.3,2.6,0.0
2026,9,23,12,27,12:26,44.3,0.6,1.4,2.5,0.0
2026,9,23,12,28,12:28,48.0,1.4,2.3,4.1,0.0
2026,9,23,12,29,12:29,42.8,1.1,2.2,3.8,0.0
2026,9,23,12,31,12:31,32.9,0.6,1.5,3.7,0.0
2026,9,23,12,33,12:33,42.0,0.7,1.6,3.4,0.0
2026,9,23,12,34,12:34,16.1,0.0,1.0,2.6,0.0
2026,9,23,12,37,12:36,29.5,0.7,0.9,1.2,0.0
2026,9,23,12,38,12:38,31.7,0.6,1.9,3.9,0.0
2026,9,23,12,39,12:39,28.5,0.0,1.0,1.8,0.0
2026,9,23,12,41,12:41,29.5,1.3,1.9,3.1,0.0
2026,9,23,12,43,12:43,42.6,0.0,2.3,4.0,0.0
2026,9,23,12,44,12:44,36.7,1.0,1.4,2.0,0.0
2026,9,23,12,46,12:46,30.6,1.1,2.4,4.6,0.0
2026,9,23,12,48,12:48,16.9,0.7,1.0,1.7,0.0
2026,9,23,12,49,12:49,10.4,1.1,2.3,6.2,0.0
2026,9,23,12,51,12:51,31.2,1.6,3.0,6.0,0.0
2026,9,23,12,53,12:53,17.4,1.3,3.0,4.9,0.0
2026,9,23,12,54,12:54,9.1,1.1,2.9,6.3,0.0
2026,9,23,12,57,12:56,12.3,1.1,2.2,6.2,0.0
2026,9,23,12,58,12:58,34.3,0.8,1.4,2.8,0.0
2026,9,23,12,59,12:59,30.3,1.2,2.7,5.3,0.0
2026,9,23,13,1,13:01,39.8,0.9,1.8,4.1,0.0
2026,9,23,13,3,13:03,14.5,1.3,2.2,3.4,0.0
2026,9,23,13,4,13:04,19.8,0.9,1.5,3.9,0.0
2026,9,23,13,6,13:06,28.9,1.2,2.7,6.6,0.0
2026,9,23,13,8,13:08,27.3,0.8,1.2,2.2,0.0
2026,9,23,13,9,13:09,35.3,0.7,2.0,4.3,0.0
2026,9,23,13,12,13:11,26.1,0.8,1.6,3.1,0.0
2026,9,23,13,13,13:13,28.3,0.7,1.2,2.2,0.0
2026,9,23,13,14,13:14,32.1,0.9,1.8,3.7,0.0
2026,9,23,13,16,13:16,28.0,1.2,1.8,3.8,0.0
2026,9,23,13,18,13:18,20.9,1.1,1.9,3.4,0.0
2026,9,23,13,19,13:19,33.6,0.9,2.7,5.8,0.0
2026,9,23,13,21,13:21,42.6,1.2,2.8,4.9,0.0
2026,9,23,13,23,13:23,36.4,1.0,2.1,3.7,0.0
2026,9,23,13,24,13:24,38.3,0.7,1.4,3.3,0.0
2026,9,23,13,26,13:26,41.5,0.7,1.6,2.5,0.0
2026,9,23,13,28,13:28,52.0,0.8,1.5,2.7,0.0
2026,9,23,13,29,13:29,30.9,1.2,2.9,5.9,0.0
2026,9,23,13,31,13:31,36.8,1.1,1.8,3.1,0.0
2026,9,23,13,33,13:33,19.9,0.6,1.7,3.7,0.0
2026,9,23,13,34,13:34,26.2,1.0,2.2,3.8,0.0
2026,9,23,13,36,13:36,39.8,0.8,1.5,2.1,0.0
2026,9,23,13,38,13:38,36.1,0.9,2.1,4.1,0.0
2026,9,23,13,39,13:39,40.9,1.0,1.8,2.9,0.0
2026,9,23,13,42,13:41,32.2,0.9,1.8,3.1,0.0
2026,9,23,13,43,13:43,42.0,1.2,2.5,4.1,0.0
2026,9,23,13,44,13:44,43.1,0.5,1.9,4.2,0.0
2026,9,23,13,47,13:46,46.7,0.9,2.8,6.3,0.0
2026,9,23,13,48,13:48,18.7,1.0,1.7,3.3,0.0
2026,9,23,13,52,13:51,30.5,0.8,1.6,3.0,0.0
2026,9,23,13,53,13:53,34.0,1.0,1.7,2.8,0.0
2026,9,23,13,54,13:54,26.7,1.2,1.9,2.8,0.0
2026,9,23,13,56,13:56,32.8,0.8,1.4,2.6,0.0
2026,9,23,13,58,13:58,39.2,0.6,1.6,3.3,0.0
2026,9,23,13,59,13:59,43.5,0.7,2.2,5.4,0.0
2026,9,23,14,2,14:01,36.4,0.0,1.1,2.3,0.0
2026,9,23,14,3,14:03,49.3,0.7,1.5,2.7,0.0
2026,9,23,14,4,14:04,35.2,0.9,1.6,3.0,0.0
2026,9,23,14,6,14:06,41.2,0.8,2.8,4.7,0.0
2026,9,23,14,8,14:08,38.1,0.9,2.1,3.6,0.0
2026,9,23,14,9,14:09,21.6,0.0,0.7,1.3,0.0
2026,9,23,14,11,14:11,37.6,0.8,2.1,4.2,0.0
2026,9,23,14,13,14:13,38.0,1.4,2.6,4.4,0.0
2026,9,23,14,14,14:14,46.4,1.6,2.8,4.4,0.0
2026,9,23,14,16,14:16,46.4,1.3,2.5,4.2,0.0
2026,9,23,14,18,14:18,38.0,1.1,2.2,4.4,0.0
2026,9,23,14,19,14:19,24.9,1.4,3.1,4.7,0.0
2026,9,23,14,22,14:21,42.3,1.4,2.4,3.9,0.0
2026,9,23,14,23,14:23,50.1,0.5,0.7,1.1,0.0
2026,9,23,14,24,14:24,31.7,0.5,1.0,2.6,0.0
2026,9,23,14,26,14:26,39.5,0.8,1.8,3.0,0.0
2026,9,23,14,28,14:28,45.4,0.7,1.9,3.2,0.0
2026,9,23,14,31,14:31,36.2,0.7,1.6,2.7,0.0
2026,9,23,14,33,14:33,30.0,0.6,1.6,3.9,0.0
2026,9,23,14,34,14:34,26.4,1.1,1.7,3.0,0.0
2026,9,23,14,37,14:36,34.8,0.6,1.1,2.0,0.0
2026,9,23,14,38,14:38,45.9,0.8,2.3,4.5,0.0
2026,9,23,14,39,14:39,41.5,0.8,2.0,5.1,0.0
2026,9,23,14,42,14:41,35.6,0.0,2.0,4.7,0.0
2026,9,23,14,43,14:43,38.0,0.4,2.0,3.9,0.0
2026,9,23,14,44,14:44,38.3,0.6,1.9,3.8,0.0
2026,9,23,14,46,14:46,12.5,0.5,1.7,3.4,0.0
2026,9,23,14,48,14:48,23.9,0.0,1.0,2.0,0.0
2026,9,23,14,49,14:49,40.0,0.0,1.2,2.1,0.0
2026,9,23,14,51,14:51,52.1,0.0,0.8,1.4,0.0
2026,9,23,14,53,14:53,41.5,0.8,2.1,3.1,0.0
2026,9,23,14,54,14:54,33.9,1.1,2.8,5.3,0.0
2026,9,23,14,57,14:56,48.0,0.6,1.4,2.5,0.0
2026,9,23,14,58,14:58,37.2,1.0,2.4,4.4,0.0
2026,9,23,14,59,14:59,19.3,1.1,2.3,5.0,0.0
2026,9,23,15,1,15:01,43.1,0.8,1.8,2.7,0.0
2026,9,23,15,3,15:03,39.2,0.7,1.3,2.1,0.0
2026,9,23,15,4,15:04,39.6,0.7,1.4,3.3,0.0
2026,9,23,15,7,15:06,45.6,1.8,2.5,3.8,0.0
2026,9,23,15,8,15:08,28.7,0.8,1.6,3.4,0.0
2026,9,23,15,9,15:09,355.8,0.9,1.8,3.3,0.0
2026,9,23,15,11,15:11,39.5,1.3,2.5,4.3,0.0
2026,9,23,15,13,15:13,28.3,1.0,1.6,3.0,0.0
2026,9,23,15,14,15:14,37.5,0.7,2.0,4.0,0.0
2026,9,23,15,16,15:16,47.0,0.4,1.2,2.6,0.0
2026,9,23,15,18,15:18,26.6,0.0,0.7,2.7,0.0
2026,9,23,15,19,15:19,350.9,0.4,1.4,3.6,0.0
2026,9,23,15,21,15:21,27.2,0.7,1.2,2.1,0.0
2026,9,23,15,23,15:23,30.8,0.9,1.9,3.4,0.0
2026,9,23,15,24,15:24,23.7,0.5,1.3,3.0,0.0
2026,9,23,15,26,15:26,41.7,0.6,1.2,1.8,0.0
2026,9,23,15,28,15:28,30.2,0.8,1.5,3.5,0.0
2026,9,23,15,29,15:29,29.6,1.1,1.8,3.0,0.0
2026,9,23,15,31,15:31,30.7,0.7,1.6,3.2,0.0
2026,9,23,15,33,15:33,5.2,0.7,1.5,3.3,0.0
2026,9,23,15,34,15:34,26.1,0.6,1.5,2.5,0.0
2026,9,23,15,37,15:36,39.6,0.7,1.6,2.9,0.0
2026,9,23,15,38,15:38,41.5,1.1,2.4,5.1,0.0
2026,9,23,15,39,15:39,46.5,1.3,2.5,4.0,0.0
2026,9,23,15,42,15:41,18.2,0.7,1.4,2.3,0.0
2026,9,23,15,43,15:43,29.9,0.4,0.7,1.0,0.0
2026,9,23,15,44,15:44,26.7,0.8,1.5,2.5,0.0
2026,9,23,15,47,15:46,36.2,1.3,2.1,4.3,0.0
2026,9,23,15,48,15:48,20.6,0.5,1.2,3.4,0.0
2026,9,23,15,49,15:49,13.9,0.8,1.5,3.3,0.0
2026,9,23,15,52,15:51,36.5,0.5,1.4,2.6,0.0
2026,9,23,15,53,15:53,38.8,0.9,1.6,2.9,0.0
2026,9,23,15,54,15:54,41.8,1.0,1.7,2.9,0.0
2026,9,23,15,57,15:56,34.4,0.2,0.6,1.4,0.0
2026,9,23,15,58,15:58,47.2,0.6,1.7,3.1,0.0
2026,9,23,15,59,15:59,31.2,1.1,2.0,3.2,0.0
2026,9,23,16,2,16:01,36.1,0.0,1.2,2.4,0.0
2026,9,23,16,3,16:03,30.4,1.0,1.7,3.1,0.0
2026,9,23,16,4,16:04,30.4,0.7,2.0,3.2,0.0
2026,9,23,16,6,16:06,29.8,0.8,1.2,2.2,0.0
2026,9,23,16,8,16:08,32.7,1.1,1.7,3.9,0.0
2026,9,23,16,9,16:09,16.9,0.8,1.6,3.3,0.0
2026,9,23,16,11,16:11,34.3,1.2,2.0,3.1,0.0
2026,9,23,16,13,16:13,41.0,1.1,2.2,3.2,0.0
2026,9,23,16,14,16:14,44.0,0.0,1.4,2.4,0.0
2026,9,23,16,16,16:16,49.5,1.1,2.2,3.5,0.0
2026,9,23,16,18,16:18,43.8,0.5,1.1,2.0,0.0
2026,9,23,16,19,16:19,47.6,0.0,0.8,1.4,0.0
2026,9,23,16,22,16:21,55.1,0.0,0.9,3.2,0.0
2026,9,23,16,23,16:23,5.0,0.5,1.3,3.4,0.0
2026,9,23,16,24,16:24,29.5,0.0,1.1,3.0,0.0
2026,9,23,16,26,16:26,32.5,0.4,0.9,1.7,0.0
2026,9,23,16,28,16:28,43.9,0.4,0.7,1.2,0.0
2026,9,23,16,29,16:29,42.0,0.6,1.2,1.9,0.0
2026,9,23,16,31,16:31,20.6,0.6,0.9,1.4,0.0
2026,9,23,16,33,16:33,39.3,0.0,0.4,1.1,0.0
2026,9,23,16,34,16:34,50.1,0.0,0.3,0.6,0.0
2026,9,23,16,36,16:36,64.5,0.6,1.0,1.4,0.0
2026,9,23,16,38,16:38,40.6,0.5,0.8,1.2,0.0
2026,9,23,16,39,16:39,37.5,0.0,1.3,2.6,0.0
2026,9,23,16,41,16:41,29.5,0.4,0.8,1.2,0.0
2026,9,23,16,43,16:43,27.9,0.0,0.8,2.1,0.0
2026,9,23,16,44,16:44,46.0,0.0,0.6,1.1,0.0
2026,9,23,16,46,16:46,30.7,0.5,0.9,2.1,0.0
2026,9,23,16,48,16:48,40.2,0.5,1.7,2.7,0.0
2026,9,23,16,49,16:49,41.1,1.0,1.6,2.2,0.0
2026,9,23,16,51,16:51,55.9,1.6,2.4,3.8,0.0
2026,9,23,16,53,16:53,49.1,0.3,0.9,1.8,0.0
2026,9,23,16,54,16:54,48.0,0.6,1.2,3.1,0.0
2026,9,23,16,56,16:56,44.7,0.9,1.8,2.9,0.0
2026,9,23,16,58,16:58,355.4,0.0,0.4,0.6,0.0
2026,9,23,16,59,16:59,26.6,0.0,0.7,1.3,0.0
2026,9,23,17,1,17:01,40.9,0.7,1.4,2.0,0.0
2026,9,23,17,3,17:03,32.1,0.5,0.9,1.6,0.0
2026,9,23,17,4,17:04,38.9,0.5,0.9,1.8,0.0
2026,9,23,17,6,17:06,14.0,0.0,1.3,2.3,0.0
2026,9,23,17,8,17:08,55.0,0.8,1.7,3.8,0.0
2026,9,23,17,9,17:09,50.1,0.6,1.5,2.7,0.0
2026,9,23,17,11,17:11,53.2,0.3,0.4,0.8,0.0
2026,9,23,17,13,17:13,43.1,0.0,0.5,0.8,0.0
2026,9,23,17,14,17:14,24.3,0.5,1.2,2.7,0.0
2026,9,23,17,17,17:16,40.6,1.1,2.1,4.0,0.0
2026,9,23,17,18,17:18,37.3,0.8,1.3,2.5,0.0
2026,9,23,17,19,17:19,27.4,0.0,0.8,1.6,0.0
2026,9,23,17,21,17:21,44.9,0.5,1.5,2.9,0.0
2026,9,23,17,23,17:23,42.4,0.5,1.3,2.5,0.0
2026,9,23,17,24,17:24,42.6,0.7,1.3,2.6,0.0
2026,9,23,17,27,17:26,35.6,0.6,1.4,2.3,0.0
2026,9,23,17,28,17:28,27.5,0.4,0.9,1.8,0.0
2026,9,23,17,29,17:29,41.4,0.9,1.3,2.0,0.0
2026,9,23,17,31,17:31,45.7,0.5,1.1,1.6,0.0
2026,9,23,17,33,17:33,41.9,0.0,1.0,1.6,0.0
2026,9,23,17,34,17:34,40.0,0.4,0.7,1.2,0.0
2026,9,23,17,37,17:36,44.9,0.0,1.1,2.0,0.0
2026,9,23,17,38,17:38,34.9,0.0,0.7,1.3,0.0
2026,9,23,17,41,17:41,42.8,0.6,1.5,2.8,0.0
2026,9,23,17,43,17:43,45.2,0.5,0.7,0.9,0.0
2026,9,23,17,44,17:44,32.0,0.5,0.8,1.5,0.0
2026,9,23,17,47,17:46,46.3,0.0,1.2,2.4,0.0
2026,9,23,17,48,17:48,48.5,0.0,0.4,0.6,0.0
2026,9,23,17,51,17:51,43.9,0.0,0.3,1.6,0.0
2026,9,23,17,53,17:53,23.3,0.0,0.6,1.0,0.0
2026,9,23,17,54,17:54,3.3,0.6,1.3,3.3,0.0
2026,9,23,17,56,17:56,36.3,0.0,0.8,1.5,0.0
2026,9,23,17,58,17:58,34.9,0.0,0.8,1.8,0.0
2026,9,23,17,59,17:59,354.3,0.0,0.6,1.0,0.0
2026,9,23,18,2,18:01,28.6,0.0,0.6,1.2,0.0
2026,9,23,18,3,18:03,47.0,0.5,0.8,1.2,0.0
2026,9,23,18,4,18:04,45.5,1.1,1.7,2.7,0.0
2026,9,23,18,6,18:06,46.5,1.3,1.9,2.9,0.0
2026,9,23,18,8,18:08,42.2,0.0,0.4,0.8,0.0
2026,9,23,18,9,18:09,48.2,0.0,0.6,1.4,0.0
2026,9,23,18,11,18:11,38.4,0.0,0.7,1.6,0.0
2026,9,23,18,13,18:13,42.6,0.5,1.0,1.5,0.0
2026,9,23,18,14,18:14,37.7,0.5,0.9,1.6,0.0
2026,9,23,18,17,18:16,43.2,0.0,0.4,1.2,0.0
2026,9,23,18,18,18:18,41.7,0.9,1.5,1.9,0.0
2026,9,23,18,19,18:19,45.6,0.5,1.0,1.9,0.0
2026,9,23,18,21,18:21,22.1,0.4,0.8,1.2,0.0
2026,9,23,18,23,18:23,48.2,0.5,1.0,1.6,0.0
2026,9,23,18,24,18:24,11.5,0.6,1.1,2.1,0.0
2026,9,23,18,26,18:26,32.3,0.0,0.4,1.1,0.0
2026,9,23,18,28,18:28,37.3,0.5,0.8,1.5,0.0
2026,9,23,18,29,18:29,42.3,0.5,1.1,1.8,0.0
2026,9,23,18,32,18:31,35.7,0.0,0.8,1.9,0.0
2026,9,23,18,33,18:33,32.3,0.8,1.2,2.1,0.0
2026,9,23,18,34,18:34,37.0,0.5,0.6,1.0,0.0
2026,9,23,18,36,18:36,41.5,0.4,0.8,1.4,0.0
2026,9,23,18,38,18:38,31.8,0.4,0.6,1.2,0.0
2026,9,23,18,42,18:41,36.3,0.0,1.1,1.8,0.0
2026,9,23,18,43,18:43,33.6,0.4,0.8,1.5,0.0
2026,9,23,18,44,18:44,37.6,0.4,0.6,0.9,0.0
2026,9,23,18,46,18:46,37.2,0.2,0.8,1.7,0.0
2026,9,23,18,48,18:48,30.3,0.0,0.5,0.9,0.0
2026,9,23,18,52,18:51,30.9,0.0,0.7,1.2,0.0
2026,9,23,18,53,18:53,40.2,0.0,0.8,1.3,0.0
2026,9,23,18,54,18:54,40.7,0.5,1.0,1.9,0.0
2026,9,23,18,56,18:56,44.2,0.0,0.4,1.2,0.0
2026,9,23,18,58,18:58,39.7,0.0,1.0,1.5,0.0
2026,9,23,18,59,18:59,50.9,0.5,0.9,1.3,0.0
2026,9,23,19,1,19:01,34.8,0.0,0.7,1.3,0.0
2026,9,23,19,3,19:03,44.9,0.4,0.8,1.4,0.0
2026,9,23,19,4,19:04,34.5,0.8,1.3,2.0,0.0
2026,9,23,19,6,19:06,48.5,0.0,0.9,1.7,0.0
2026,9,23,19,8,19:08,43.4,0.0,0.8,1.6,0.0
2026,9,23,19,9,19:09,43.8,0.0,1.1,2.3,0.0
2026,9,23,19,12,19:12,26.2,0.5,1.0,1.7,0.0
2026,9,23,19,13,19:13,37.2,0.0,0.5,0.9,0.0
2026,9,23,19,14,19:14,31.0,0.0,0.5,0.7,0.0
2026,9,23,19,17,19:16,42.0,0.3,0.9,1.8,0.0
2026,9,23,19,18,19:18,43.0,1.0,2.3,3.6,0.0
2026,9,23,19,19,19:19,46.0,0.8,1.7,2.9,0.0
2026,9,23,19,22,19:21,46.6,0.5,0.9,1.6,0.0
2026,9,23,19,23,19:23,10.8,0.0,0.8,1.4,0.0
2026,9,23,19,24,19:24,28.2,0.0,0.7,1.8,0.0
2026,9,23,19,27,19:26,44.6,0.0,1.3,2.0,0.0
2026,9,23,19,28,19:28,48.5,0.8,1.5,2.8,0.0
2026,9,23,19,32,19:31,54.5,0.6,1.2,2.3,0.0
2026,9,23,19,33,19:33,46.9,1.1,2.0,3.1,0.0
2026,9,23,19,34,19:34,43.4,0.4,0.9,1.8,0.0
2026,9,23,19,36,19:36,46.5,1.2,2.1,3.7,0.0
2026,9,23,19,38,19:38,38.9,0.0,0.8,1.6,0.0
2026,9,23,19,39,19:39,48.1,0.0,1.2,2.3,0.0
2026,9,23,19,41,19:41,50.0,0.6,1.1,1.6,0.0
2026,9,23,19,43,19:43,57.3,0.0,0.8,1.3,0.0
2026,9,23,19,44,19:44,54.0,0.0,0.9,1.7,0.0
2026,9,23,19,47,19:46,28.7,0.3,0.7,1.2,0.0
2026,9,23,19,48,19:48,50.1,0.6,1.3,2.6,0.0
2026,9,23,19,49,19:49,46.6,0.0,0.5,1.0,0.0
2026,9,23,19,51,19:51,24.8,0.0,0.4,0.8,0.0
2026,9,23,19,53,19:53,35.0,0.0,0.7,1.2,0.0
2026,9,23,19,54,19:54,40.2,0.0,0.4,0.8,0.0
2026,9,23,19,57,19:56,40.2,0.0,0.5,1.0,0.0
2026,9,23,19,58,19:58,40.2,0.0,0.7,1.1,0.0
2026,9,23,19,59,19:59,40.2,0.0,0.6,0.8,0.0
2026,9,23,20,2,20:01,40.2,0.0,0.6,1.0,0.0
2026,9,23,20,3,20:03,40.2,0.0,0.7,1.1,0.0
2026,9,23,20,4,20:04,40.2,0.5,0.9,1.5,0.0
2026,9,23,20,6,20:06,6.2,0.0,0.2,0.3,0.0
2026,9,23,20,8,20:08,10.9,0.0,0.4,1.3,0.0
2026,9,23,20,9,20:09,35.3,0.0,0.6,0.9,0.0
2026,9,23,20,12,20:11,42.2,0.6,1.2,1.9,0.0
2026,9,23,20,13,20:13,44.4,0.0,0.6,1.3,0.0
2026,9,23,20,14,20:14,52.8,0.0,1.0,2.5,0.0
2026,9,23,20,16,20:16,45.7,0.5,1.0,1.6,0.0
2026,9,23,20,18,20:18,48.1,0.5,0.7,1.4,0.0
2026,9,23,20,19,20:19,48.1,0.0,0.3,0.5,0.0
2026,9,23,20,21,20:21,48.1,0.0,0.5,0.9,0.0
2026,9,23,20,23,20:23,46.4,0.0,0.8,2.1,0.0
2026,9,23,20,24,20:24,43.3,0.5,1.1,2.1,0.0
2026,9,23,20,27,20:26,70.1,0.5,1.3,2.1,0.0
2026,9,23,20,28,20:28,53.4,0.0,1.1,2.2,0.0
2026,9,23,20,29,20:29,47.5,1.1,1.9,3.2,0.0
2026,9,23,20,32,20:31,49.3,0.5,1.1,1.8,0.0
2026,9,23,20,33,20:33,39.9,0.0,0.8,1.5,0.0
2026,9,23,20,34,20:34,54.6,0.7,1.2,2.0,0.0
2026,9,23,20,36,20:36,43.2,1.0,2.2,3.1,0.0
2026,9,23,20,38,20:38,57.9,0.9,1.4,2.1,0.0
2026,9,23,20,39,20:39,58.3,0.7,1.6,3.3,0.0
2026,9,23,20,42,20:41,61.5,1.4,2.0,2.6,0.0
2026,9,23,20,43,20:43,47.9,0.7,1.4,3.4,0.0
2026,9,23,20,44,20:44,50.7,1.2,1.8,2.5,0.0
2026,9,23,20,47,20:46,58.7,0.8,1.6,2.3,0.0
2026,9,23,20,48,20:48,45.7,0.6,0.9,1.5,0.0
2026,9,23,20,49,20:49,50.9,1.4,2.0,2.6,0.0
2026,9,23,20,51,20:51,60.1,0.7,1.1,2.0,0.0
2026,9,23,20,53,20:53,49.3,0.0,0.5,0.9,0.0
2026,9,23,20,54,20:54,49.3,0.0,0.5,0.9,0.0
2026,9,23,20,56,20:56,49.3,0.0,0.6,1.0,0.0
2026,9,23,20,58,20:58,49.4,0.9,1.2,1.6,0.0
2026,9,23,21,1,21:01,53.2,0.6,0.6,0.9,0.0
2026,9,23,21,3,21:03,60.0,0.9,1.5,2.0,0.0
2026,9,23,21,4,21:04,44.7,0.8,1.2,1.5,0.0
2026,9,23,21,6,21:06,49.1,0.6,0.7,1.5,0.0
2026,9,23,21,8,21:08,47.5,0.7,1.1,1.3,0.0
2026,9,23,21,9,21:09,47.5,0.0,0.5,1.0,0.0
2026,9,23,21,12,21:12,59.8,0.8,1.2,1.8,0.0
2026,9,23,21,13,21:13,56.4,0.8,1.4,2.0,0.0
2026,9,23,21,14,21:14,52.0,0.0,0.6,1.2,0.0
2026,9,23,21,17,21:17,21.9,0.0,0.8,1.1,0.0
2026,9,23,21,18,21:18,21.9,0.0,0.4,0.9,0.0
2026,9,23,21,19,21:19,34.7,0.5,0.9,1.8,0.0
2026,9,23,21,21,21:21,45.6,0.7,1.0,1.6,0.0
2026,9,23,21,23,21:23,53.6,0.6,1.3,2.6,0.0
2026,9,23,21,24,21:24,51.8,0.9,1.6,2.5,0.0
2026,9,23,21,26,21:26,51.8,0.9,1.5,2.1,0.0
2026,9,23,21,28,21:28,51.8,0.0,0.6,1.2,0.0
2026,9,23,21,29,21:29,51.8,0.7,0.9,1.2,0.0
2026,9,23,21,31,21:31,51.8,0.0,0.2,0.7,0.0
2026,9,23,21,33,21:33,51.8,0.5,0.9,1.4,0.0
2026,9,23,21,34,21:34,51.8,0.0,0.7,1.5,0.0
2026,9,23,21,36,21:36,56.4,0.8,1.2,2.0,0.0
2026,9,23,21,38,21:38,56.8,0.3,0.6,1.0,0.0
2026,9,23,21,39,21:39,56.8,0.0,0.6,0.9,0.0
2026,9,23,21,42,21:41,56.8,0.0,0.3,1.1,0.0
2026,9,23,21,43,21:43,56.8,0.0,0.4,0.7,0.0
2026,9,23,21,44,21:44,56.8,0.0,0.6,0.9,0.0
2026,9,23,21,46,21:46,56.8,0.7,0.8,1.1,0.0
2026,9,23,21,48,21:48,56.8,0.0,1.0,1.3,0.0
2026,9,23,21,49,21:49,56.8,0.0,0.5,0.8,0.0
2026,9,23,21,52,21:51,56.8,0.0,0.3,0.5,0.0
2026,9,23,21,53,21:53,56.8,0.0,0.4,0.7,0.0
2026,9,23,21,54,21:54,56.8,0.4,0.7,1.2,0.0
2026,9,23,21,56,21:56,56.8,0.0,0.5,1.1,0.0
2026,9,23,21,58,21:58,56.8,0.0,0.6,0.8,0.0
2026,9,23,21,59,21:59,56.8,0.0,0.5,0.8,0.0
2026,9,23,22,1,22:01,56.8,0.5,0.6,0.8,0.0
2026,9,23,22,3,22:03,56.8,0.0,0.1,0.2,0.0
2026,9,23,22,4,22:04,56.8,0.0,0.3,0.7,0.0
2026,9,23,22,7,22:06,56.8,0.0,0.0,0.0,0.0
2026,9,23,22,8,22:08,56.8,0.0,0.0,0.0,0.0
2026,9,23,22,9,22:09,56.8,0.0,0.4,0.7,0.0
2026,9,23,22,12,22:11,56.8,0.6,0.7,1.0,0.0
2026,9,23,22,13,22:13,56.7,0.0,0.1,0.3,0.0
2026,9,23,22,14,22:14,56.8,0.0,0.2,0.5,0.0
2026,9,23,22,17,22:16,56.8,0.0,0.1,0.2,0.0
2026,9,23,22,18,22:18,56.7,0.0,0.3,0.5,0.0
2026,9,23,22,19,22:19,56.8,0.0,0.3,0.6,0.0
2026,9,23,22,22,22:21,56.8,0.0,0.9,1.2,0.0
2026,9,23,22,23,22:23,56.8,0.0,0.7,1.2,0.0
2026,9,23,22,24,22:24,56.8,0.0,0.2,0.8,0.0
2026,9,23,22,27,22:26,56.8,0.0,0.0,0.0,0.0
2026,9,23,22,28,22:28,56.8,0.0,0.2,0.5,0.0
2026,9,23,22,29,22:29,56.8,0.0,0.2,0.5,0.0
2026,9,23,22,31,22:31,56.8,0.0,0.5,1.1,0.0
2026,9,23,22,33,22:33,56.8,0.0,0.2,0.6,0.0
2026,9,23,22,34,22:34,56.7,0.0,0.0,0.0,0.0
2026,9,23,22,37,22:36,56.8,0.0,0.3,0.6,0.0
2026,9,23,22,38,22:38,56.8,0.0,0.1,0.2,0.0
2026,9,23,22,39,22:39,56.8,0.0,0.3,0.5,0.0
2026,9,23,22,41,22:41,56.8,0.0,0.4,0.6,0.0
2026,9,23,22,43,22:43,56.8,0.4,0.6,1.0,0.0
2026,9,23,22,44,22:44,56.8,0.0,0.7,1.2,0.0
2026,9,23,22,46,22:46,56.8,0.8,0.9,1.2,0.0
2026,9,23,22,48,22:48,56.8,0.5,0.8,1.1,0.0
2026,9,23,22,49,22:49,56.8,0.6,0.9,1.3,0.0
2026,9,23,22,51,22:51,56.8,0.0,0.7,1.0,0.0
2026,9,23,22,53,22:53,56.8,0.0,0.5,1.0,0.0
2026,9,23,22,54,22:54,56.8,0.7,0.8,1.1,0.0
2026,9,23,22,56,22:56,56.8,0.0,0.9,1.4,0.0
2026,9,23,22,58,22:58,56.8,0.4,0.7,1.0,0.0
2026,9,23,22,59,22:59,56.8,0.4,0.6,0.9,0.0
2026,9,23,23,1,23:01,56.7,0.7,1.1,1.6,0.0
2026,9,23,23,3,23:03,56.8,0.0,0.7,0.9,0.0
2026,9,23,23,4,23:04,56.8,0.0,0.6,0.9,0.0
2026,9,23,23,7,23:06,56.7,0.4,0.7,0.9,0.0
2026,9,23,23,8,23:08,56.8,0.0,0.6,1.1,0.0
2026,9,23,23,9,23:09,53.6,0.5,1.0,1.9,0.0
2026,9,23,23,12,23:11,37.6,0.6,0.8,1.1,0.0
2026,9,23,23,13,23:13,37.6,0.5,0.9,1.2,0.0
2026,9,23,23,14,23:14,37.6,0.6,0.8,1.1,0.0
2026,9,23,23,16,23:16,37.6,0.6,0.8,1.1,0.0
2026,9,23,23,18,23:18,37.6,0.5,1.1,1.6,0.0
2026,9,23,23,19,23:19,37.6,0.7,0.9,1.3,0.0
2026,9,23,23,21,23:21,37.6,0.5,0.9,1.1,0.0
2026,9,23,23,23,23:23,37.6,0.7,0.9,1.4,0.0
2026,9,23,23,24,23:24,37.6,0.7,0.8,1.0,0.0
2026,9,23,23,26,23:26,37.6,0.0,0.3,0.5,0.0
2026,9,23,23,28,23:28,37.7,0.0,0.7,1.0,0.0
2026,9,23,23,29,23:29,37.6,0.0,0.3,0.6,0.0
2026,9,23,23,32,23:31,37.6,0.0,0.0,0.0,0.0
2026,9,23,23,33,23:33,37.5,0.0,0.1,0.3,0.0
2026,9,23,23,34,23:34,37.6,0.0,0.1,0.2,0.0
2026,9,23,23,37,23:36,37.6,0.0,0.1,0.0,0.0
2026,9,23,23,38,23:38,37.6,0.0,0.2,0.3,0.0
2026,9,23,23,40,23:39,37.6,0.0,0.1,0.3,0.0
2026,9,23,23,42,23:41,37.6,0.0,0.2,0.3,0.0
2026,9,23,23,43,23:43,37.6,0.0,0.1,0.1,0.0
2026,9,23,23,44,23:44,37.6,0.0,0.2,0.4,0.0
2026,9,23,23,46,23:46,37.6,0.0,0.0,0.0,0.0
2026,9,23,23,48,23:48,37.6,0.0,0.2,0.4,0.0
2026,9,23,23,49,23:49,37.6,0.0,0.2,0.3,0.0
2026,9,23,23,51,23:51,37.6,0.0,0.4,1.0,0.0
2026,9,23,23,53,23:53,37.6,0.0,0.2,0.3,0.0
2026,9,23,23,54,23:54,37.6,0.0,0.3,0.6,0.0
2026,9,23,23,57,23:56,37.6,0.0,0.3,0.5,0.0
2026,9,23,23,58,23:58,37.6,0.0,0.0,0.0,0.0
2026,9,23,23,59,23:59,37.6,0.0,0.0,0.0,0.0
