# Helsinki Laru (dlarah.org Lauttasaari) 2026-10-10 Suomen aikaa — lähteen Laru_2026-283.txt sellaisenaan
# vuosi kk pv kirjoitus-h kirjoitus-min hh:mm suunta min ka max lämpötila (asemalla ei mittaria)
2026,10,10,0,1,00:01,253.0,1.7,2.3,3.1,0.0
2026,10,10,0,3,00:02,249.1,2.1,2.9,4.1,0.0
2026,10,10,0,4,00:04,253.5,2.1,2.9,3.8,0.0
2026,10,10,0,6,00:05,261.2,2.1,2.9,3.6,0.0
2026,10,10,0,8,00:07,251.3,2.4,3.5,4.2,0.0
2026,10,10,0,9,00:09,262.2,1.4,2.6,3.8,0.0
2026,10,10,0,11,00:11,257.4,2.3,3.3,4.0,0.0
2026,10,10,0,13,00:12,264.0,1.9,2.9,3.7,0.0
2026,10,10,0,14,00:13,259.1,1.0,1.9,3.4,0.0
2026,10,10,0,16,00:15,260.3,2.4,3.3,4.2,0.0
2026,10,10,0,18,00:17,262.9,2.4,3.1,3.8,0.0
2026,10,10,0,19,00:18,264.5,2.0,2.6,3.4,0.0
2026,10,10,0,21,00:21,262.3,2.1,2.6,3.0,0.0
2026,10,10,0,23,00:22,266.7,1.9,2.4,3.0,0.0
2026,10,10,0,24,00:24,245.8,2.2,3.1,4.0,0.0
2026,10,10,0,26,00:26,265.7,1.7,2.8,3.7,0.0
2026,10,10,0,28,00:27,262.9,1.7,2.5,3.2,0.0
2026,10,10,0,29,00:29,238.8,1.3,2.0,2.9,0.0
2026,10,10,0,32,00:31,265.1,1.6,2.1,2.6,0.0
2026,10,10,0,33,00:32,262.7,1.9,2.3,2.8,0.0
2026,10,10,0,34,00:33,247.1,1.6,2.7,3.5,0.0
2026,10,10,0,37,00:36,253.3,2.0,2.7,3.5,0.0
2026,10,10,0,38,00:37,249.5,1.5,2.8,3.6,0.0
2026,10,10,0,39,00:38,256.8,2.1,2.8,3.7,0.0
2026,10,10,0,41,00:41,237.1,1.6,2.7,3.9,0.0
2026,10,10,0,43,00:42,252.0,1.8,2.4,3.2,0.0
2026,10,10,0,44,00:44,251.8,2.2,2.6,3.2,0.0
2026,10,10,0,47,00:46,249.4,1.8,2.6,3.7,0.0
2026,10,10,0,48,00:47,249.1,1.6,2.7,3.5,0.0
2026,10,10,0,49,00:49,250.9,1.5,2.2,2.9,0.0
2026,10,10,0,52,00:51,243.0,1.7,2.6,3.6,0.0
2026,10,10,0,53,00:52,243.1,2.0,2.6,3.2,0.0
2026,10,10,0,54,00:53,247.3,1.1,2.1,2.6,0.0
2026,10,10,0,56,00:56,250.3,2.4,3.3,4.1,0.0
2026,10,10,0,58,00:57,257.2,2.8,3.4,4.0,0.0
2026,10,10,0,59,00:59,251.3,2.3,3.4,3.8,0.0
2026,10,10,1,1,01:01,257.4,2.6,3.3,4.0,0.0
2026,10,10,1,3,01:02,256.0,2.4,3.7,5.0,0.0
2026,10,10,1,4,01:03,261.7,3.3,4.5,5.8,0.0
2026,10,10,1,6,01:05,249.8,1.7,2.4,3.3,0.0
2026,10,10,1,8,01:07,239.5,0.9,2.1,3.5,0.0
2026,10,10,1,9,01:09,265.7,2.4,3.1,3.8,0.0
2026,10,10,1,11,01:11,263.2,1.4,2.5,3.7,0.0
2026,10,10,1,13,01:12,268.8,1.6,2.8,4.1,0.0
2026,10,10,1,14,01:14,251.9,2.5,3.3,4.3,0.0
2026,10,10,1,16,01:15,257.5,1.5,2.6,3.6,0.0
2026,10,10,1,18,01:17,270.1,2.4,3.1,3.7,0.0
2026,10,10,1,19,01:19,252.8,2.1,2.6,3.3,0.0
2026,10,10,1,21,01:21,262.0,2.5,3.1,3.9,0.0
2026,10,10,1,23,01:22,260.2,1.9,2.6,3.5,0.0
2026,10,10,1,24,01:24,267.0,2.6,3.2,3.7,0.0
2026,10,10,1,26,01:25,268.1,2.4,3.0,3.9,0.0
2026,10,10,1,28,01:27,272.2,2.5,3.0,3.6,0.0
2026,10,10,1,29,01:29,271.5,1.8,2.3,2.8,0.0
2026,10,10,1,32,01:31,255.0,2.0,2.7,3.5,0.0
2026,10,10,1,33,01:32,265.5,2.2,2.9,3.4,0.0
2026,10,10,1,34,01:33,265.9,1.8,2.3,2.8,0.0
2026,10,10,1,36,01:35,263.9,1.6,2.4,3.9,0.0
2026,10,10,1,38,01:37,261.7,2.1,2.8,3.3,0.0
2026,10,10,1,39,01:38,251.0,1.8,2.4,3.2,0.0
2026,10,10,1,41,01:40,259.0,1.9,2.5,3.2,0.0
2026,10,10,1,43,01:42,263.1,2.0,2.6,3.2,0.0
2026,10,10,1,44,01:43,265.1,1.1,2.3,3.4,0.0
2026,10,10,1,46,01:45,262.4,1.5,2.2,2.8,0.0
2026,10,10,1,48,01:47,260.7,1.7,2.2,3.7,0.0
2026,10,10,1,49,01:48,263.9,2.1,2.6,3.3,0.0
2026,10,10,1,51,01:50,271.0,1.9,2.4,2.9,0.0
2026,10,10,1,53,01:52,261.7,1.5,2.1,3.1,0.0
2026,10,10,1,54,01:53,273.5,2.0,2.8,3.7,0.0
2026,10,10,1,56,01:55,276.7,2.1,2.7,3.3,0.0
2026,10,10,1,58,01:57,252.1,0.7,2.7,3.6,0.0
2026,10,10,1,59,01:59,266.6,2.3,3.0,3.7,0.0
2026,10,10,2,2,02:01,263.9,2.5,3.2,3.9,0.0
2026,10,10,2,3,02:02,259.0,2.1,3.7,4.7,0.0
2026,10,10,2,4,02:04,263.7,1.7,2.7,3.9,0.0
2026,10,10,2,7,02:06,260.0,2.5,3.9,4.8,0.0
2026,10,10,2,8,02:07,272.6,2.9,3.7,4.4,0.0
2026,10,10,2,9,02:08,264.1,2.7,3.2,3.9,0.0
2026,10,10,2,11,02:10,272.5,2.4,3.4,4.7,0.0
2026,10,10,2,13,02:12,276.0,2.8,3.8,5.2,0.0
2026,10,10,2,14,02:13,280.7,2.2,3.4,4.5,0.0
2026,10,10,2,16,02:15,271.2,1.8,2.9,3.6,0.0
2026,10,10,2,18,02:17,275.7,3.2,4.1,5.1,0.0
2026,10,10,2,19,02:19,275.1,1.9,3.1,4.4,0.0
2026,10,10,2,22,02:21,289.4,3.1,4.1,5.0,0.0
2026,10,10,2,23,02:22,283.4,2.5,3.2,4.0,0.0
2026,10,10,2,24,02:23,275.4,2.6,3.4,3.9,0.0
2026,10,10,2,26,02:25,289.6,3.2,4.1,5.1,0.0
2026,10,10,2,28,02:27,274.4,3.0,4.1,4.7,0.0
2026,10,10,2,29,02:28,280.7,2.8,3.8,5.3,0.0
2026,10,10,2,31,02:31,267.6,3.1,4.0,5.4,0.0
2026,10,10,2,33,02:32,278.2,3.5,4.2,5.1,0.0
2026,10,10,2,34,02:34,281.8,3.1,4.4,5.7,0.0
2026,10,10,2,36,02:36,286.1,2.9,4.1,5.4,0.0
2026,10,10,2,38,02:37,274.5,3.0,4.2,5.1,0.0
2026,10,10,2,39,02:39,279.1,3.1,4.2,5.6,0.0
2026,10,10,2,42,02:41,273.0,3.2,4.6,6.8,0.0
2026,10,10,2,43,02:42,268.9,3.2,4.3,5.6,0.0
2026,10,10,2,44,02:44,269.7,3.1,4.5,6.1,0.0
2026,10,10,2,46,02:45,281.1,3.3,4.0,4.7,0.0
2026,10,10,2,48,02:47,274.8,3.0,4.0,4.6,0.0
2026,10,10,2,49,02:49,268.9,3.1,4.5,6.7,0.0
2026,10,10,2,51,02:50,278.3,4.3,5.0,6.2,0.0
2026,10,10,2,53,02:52,284.7,4.0,4.8,5.8,0.0
2026,10,10,2,54,02:53,276.9,3.1,4.1,6.1,0.0
2026,10,10,2,56,02:55,287.0,3.0,3.7,4.7,0.0
2026,10,10,2,58,02:57,284.2,3.6,4.5,5.9,0.0
2026,10,10,2,59,02:58,285.8,3.3,4.1,4.9,0.0
2026,10,10,3,1,03:01,286.0,3.7,4.9,6.2,0.0
2026,10,10,3,3,03:02,283.3,2.2,3.9,5.4,0.0
2026,10,10,3,4,03:04,278.2,2.7,3.2,4.6,0.0
2026,10,10,3,6,03:06,276.3,3.0,4.0,4.9,0.0
2026,10,10,3,8,03:07,272.3,2.5,3.5,4.4,0.0
2026,10,10,3,9,03:08,297.3,3.2,4.2,5.2,0.0
2026,10,10,3,12,03:11,298.2,2.7,4.0,5.3,0.0
2026,10,10,3,13,03:12,309.4,3.7,4.3,6.0,0.0
2026,10,10,3,14,03:13,319.3,3.9,4.7,5.5,0.0
2026,10,10,3,17,03:16,289.5,2.6,4.2,6.3,0.0
2026,10,10,3,18,03:17,299.7,3.5,4.9,6.3,0.0
2026,10,10,3,19,03:19,324.2,2.4,4.0,5.6,0.0
2026,10,10,3,22,03:21,306.7,2.6,3.6,4.4,0.0
2026,10,10,3,23,03:22,311.7,2.4,2.8,3.1,0.0
2026,10,10,3,24,03:23,312.6,2.1,3.0,4.3,0.0
2026,10,10,3,26,03:25,285.7,2.0,2.4,3.1,0.0
2026,10,10,3,28,03:27,283.4,2.5,3.2,3.7,0.0
2026,10,10,3,29,03:29,294.2,2.1,3.3,4.3,0.0
2026,10,10,3,31,03:30,297.2,2.5,3.0,3.7,0.0
2026,10,10,3,33,03:32,306.0,1.9,2.6,3.5,0.0
2026,10,10,3,34,03:34,308.7,2.6,3.6,4.9,0.0
2026,10,10,3,36,03:36,321.3,3.1,4.4,5.4,0.0
2026,10,10,3,38,03:37,311.9,2.5,3.9,5.6,0.0
2026,10,10,3,39,03:39,309.9,3.7,4.8,6.2,0.0
2026,10,10,3,42,03:41,290.9,2.3,2.8,3.5,0.0
2026,10,10,3,43,03:42,295.4,2.5,3.7,5.2,0.0
2026,10,10,3,44,03:43,294.0,2.8,4.0,5.4,0.0
2026,10,10,3,47,03:46,304.5,2.5,3.8,5.4,0.0
2026,10,10,3,48,03:47,302.1,2.5,3.2,4.2,0.0
2026,10,10,3,49,03:48,286.6,3.2,3.8,4.7,0.0
2026,10,10,3,51,03:51,283.4,2.1,2.9,4.2,0.0
2026,10,10,3,53,03:52,300.7,2.7,3.9,6.2,0.0
2026,10,10,3,54,03:54,282.8,3.1,4.2,5.6,0.0
2026,10,10,3,56,03:55,294.5,3.4,4.3,5.5,0.0
2026,10,10,3,58,03:57,299.5,3.7,4.7,5.9,0.0
2026,10,10,3,59,03:59,295.4,1.7,3.7,5.2,0.0
2026,10,10,4,1,04:01,308.5,4.5,5.2,6.4,0.0
2026,10,10,4,3,04:02,311.3,3.2,4.4,6.6,0.0
2026,10,10,4,4,04:03,313.8,4.0,4.7,5.7,0.0
2026,10,10,4,6,04:05,299.7,2.8,4.2,5.1,0.0
2026,10,10,4,8,04:07,292.8,2.7,3.3,4.1,0.0
2026,10,10,4,9,04:09,326.1,2.3,4.1,5.5,0.0
2026,10,10,4,12,04:11,290.6,3.2,5.0,7.4,0.0
2026,10,10,4,13,04:12,295.0,2.6,4.5,6.1,0.0
2026,10,10,4,14,04:13,295.8,2.7,4.1,5.6,0.0
2026,10,10,4,16,04:15,290.8,3.0,4.8,5.8,0.0
2026,10,10,4,18,04:17,297.0,2.6,3.4,4.5,0.0
2026,10,10,4,19,04:19,283.4,2.5,3.8,5.1,0.0
2026,10,10,4,21,04:21,287.2,2.2,3.3,4.9,0.0
2026,10,10,4,23,04:22,291.9,2.7,3.2,3.7,0.0
2026,10,10,4,24,04:24,305.8,2.4,3.6,4.9,0.0
2026,10,10,4,26,04:25,294.1,2.9,3.9,4.7,0.0
2026,10,10,4,28,04:27,318.6,3.5,4.6,5.7,0.0
2026,10,10,4,29,04:28,322.8,3.2,4.6,6.2,0.0
2026,10,10,4,31,04:31,332.9,3.1,3.9,4.9,0.0
2026,10,10,4,33,04:32,325.0,2.6,4.1,5.2,0.0
2026,10,10,4,34,04:33,312.2,3.0,4.1,5.0,0.0
2026,10,10,4,36,04:35,291.7,2.7,3.8,5.0,0.0
2026,10,10,4,38,04:37,286.6,2.5,3.5,4.8,0.0
2026,10,10,4,39,04:39,285.8,2.4,4.4,6.8,0.0
2026,10,10,4,42,04:41,296.7,2.4,4.4,6.6,0.0
2026,10,10,4,43,04:42,303.3,3.4,4.6,5.8,0.0
2026,10,10,4,44,04:44,283.8,3.5,4.8,6.5,0.0
2026,10,10,4,46,04:46,289.8,3.2,4.7,6.0,0.0
2026,10,10,4,48,04:47,287.0,3.2,4.8,6.2,0.0
2026,10,10,4,49,04:49,300.0,3.0,3.9,5.5,0.0
2026,10,10,4,52,04:51,302.9,4.1,5.5,7.5,0.0
2026,10,10,4,53,04:52,312.1,3.4,5.0,6.8,0.0
2026,10,10,4,54,04:54,302.6,4.3,5.7,7.2,0.0
2026,10,10,4,57,04:56,301.1,3.8,4.8,6.1,0.0
2026,10,10,4,58,04:57,307.3,2.6,3.7,4.7,0.0
2026,10,10,4,59,04:59,301.8,2.3,4.7,7.5,0.0
2026,10,10,5,1,05:00,310.3,3.5,4.6,5.9,0.0
2026,10,10,5,3,05:02,317.1,2.8,4.6,6.9,0.0
2026,10,10,5,4,05:04,309.9,2.5,3.5,4.9,0.0
2026,10,10,5,6,05:05,324.2,3.2,4.3,5.8,0.0
2026,10,10,5,8,05:07,318.7,3.8,4.9,7.0,0.0
2026,10,10,5,9,05:09,315.5,3.9,5.4,7.0,0.0
2026,10,10,5,12,05:11,313.3,3.5,4.5,5.2,0.0
2026,10,10,5,13,05:12,317.2,2.7,3.8,5.7,0.0
2026,10,10,5,14,05:14,308.5,3.5,4.6,6.2,0.0
2026,10,10,5,17,05:16,317.7,3.2,4.5,5.7,0.0
2026,10,10,5,18,05:17,321.5,2.7,4.1,5.7,0.0
2026,10,10,5,19,05:19,314.1,2.8,3.3,4.2,0.0
2026,10,10,5,21,05:21,316.9,2.7,3.4,4.1,0.0
2026,10,10,5,23,05:22,312.2,1.9,2.9,4.1,0.0
2026,10,10,5,24,05:24,276.0,2.6,3.5,4.9,0.0
2026,10,10,5,26,05:25,289.1,2.7,4.2,5.9,0.0
2026,10,10,5,28,05:27,304.6,2.8,3.8,4.8,0.0
2026,10,10,5,29,05:28,302.2,2.3,3.9,5.8,0.0
2026,10,10,5,31,05:30,310.9,2.4,4.3,6.6,0.0
2026,10,10,5,33,05:32,322.6,3.0,4.6,6.1,0.0
2026,10,10,5,34,05:34,312.6,3.7,5.4,6.8,0.0
2026,10,10,5,37,05:36,322.4,4.3,5.1,6.1,0.0
2026,10,10,5,38,05:37,318.0,3.8,5.3,6.7,0.0
2026,10,10,5,39,05:38,309.1,3.2,4.0,5.0,0.0
2026,10,10,5,41,05:40,289.5,4.1,5.4,6.2,0.0
2026,10,10,5,43,05:42,279.1,2.6,3.5,5.1,0.0
2026,10,10,5,44,05:44,286.5,2.8,4.3,6.5,0.0
2026,10,10,5,46,05:46,304.5,2.6,3.8,5.7,0.0
2026,10,10,5,48,05:47,295.0,2.7,5.1,6.6,0.0
2026,10,10,5,49,05:48,292.6,4.0,5.1,6.7,0.0
2026,10,10,5,51,05:50,302.2,2.5,3.3,4.4,0.0
2026,10,10,5,53,05:52,289.8,2.6,3.6,4.9,0.0
2026,10,10,5,54,05:53,261.4,2.5,3.0,3.7,0.0
2026,10,10,5,56,05:55,281.8,3.0,4.0,5.2,0.0
2026,10,10,5,58,05:57,305.4,2.9,3.8,4.9,0.0
2026,10,10,5,59,05:58,310.1,2.9,4.1,4.9,0.0
2026,10,10,6,1,06:01,314.3,1.9,2.8,3.4,0.0
2026,10,10,6,3,06:02,304.3,2.3,3.5,4.3,0.0
2026,10,10,6,4,06:03,281.8,2.4,3.5,5.0,0.0
2026,10,10,6,6,06:05,307.5,2.3,2.9,4.7,0.0
2026,10,10,6,8,06:07,296.3,3.8,4.8,6.2,0.0
2026,10,10,6,9,06:09,292.0,3.1,4.1,5.6,0.0
2026,10,10,6,11,06:11,293.8,3.2,3.9,5.4,0.0
2026,10,10,6,13,06:12,294.4,3.0,3.7,5.3,0.0
2026,10,10,6,14,06:14,307.1,3.2,4.6,6.6,0.0
2026,10,10,6,16,06:16,313.5,2.7,3.5,4.5,0.0
2026,10,10,6,18,06:17,317.5,2.7,4.1,5.4,0.0
2026,10,10,6,19,06:19,298.7,2.7,3.8,5.2,0.0
2026,10,10,6,21,06:21,312.0,3.5,4.8,6.0,0.0
2026,10,10,6,23,06:22,324.0,3.4,4.3,6.2,0.0
2026,10,10,6,24,06:23,314.9,2.5,3.8,5.2,0.0
2026,10,10,6,27,06:26,299.0,2.5,3.1,4.0,0.0
2026,10,10,6,28,06:27,300.1,3.2,4.1,6.0,0.0
2026,10,10,6,29,06:29,292.1,2.6,3.7,5.0,0.0
2026,10,10,6,31,06:31,290.5,2.6,3.5,4.7,0.0
2026,10,10,6,33,06:32,292.4,2.6,3.5,4.4,0.0
2026,10,10,6,34,06:34,319.9,3.4,4.7,5.7,0.0
2026,10,10,6,36,06:36,291.7,3.8,4.3,5.6,0.0
2026,10,10,6,38,06:37,288.2,3.1,3.8,4.7,0.0
2026,10,10,6,39,06:38,286.3,3.1,4.5,6.0,0.0
2026,10,10,6,41,06:41,303.5,3.3,3.9,5.0,0.0
2026,10,10,6,43,06:42,309.0,3.3,4.6,5.5,0.0
2026,10,10,6,44,06:44,302.8,3.0,4.2,5.9,0.0
2026,10,10,6,47,06:46,307.6,2.9,3.7,4.6,0.0
2026,10,10,6,48,06:47,305.9,2.1,3.0,4.0,0.0
2026,10,10,6,49,06:48,278.6,2.9,4.3,4.5,0.0
2026,10,10,6,51,06:50,279.8,1.9,2.9,3.8,0.0
2026,10,10,6,53,06:52,305.1,2.5,3.8,5.1,0.0
2026,10,10,6,54,06:53,300.8,2.7,3.5,4.9,0.0
2026,10,10,6,56,06:55,285.9,2.7,4.3,5.4,0.0
2026,10,10,6,58,06:57,283.5,3.5,4.7,6.9,0.0
2026,10,10,6,59,06:58,288.1,2.1,4.7,7.0,0.0
2026,10,10,7,1,07:00,306.9,2.9,3.7,5.6,0.0
2026,10,10,7,3,07:02,284.6,2.7,3.8,4.9,0.0
2026,10,10,7,4,07:03,318.5,3.2,4.5,6.3,0.0
2026,10,10,7,7,07:06,281.4,2.3,3.4,5.0,0.0
2026,10,10,7,8,07:07,281.5,1.3,2.6,4.2,0.0
2026,10,10,7,9,07:08,297.7,1.8,2.7,3.4,0.0
2026,10,10,7,11,07:10,297.8,1.2,2.2,3.3,0.0
2026,10,10,7,13,07:12,306.4,3.4,4.0,5.3,0.0
2026,10,10,7,14,07:13,302.7,2.1,3.7,5.1,0.0
2026,10,10,7,17,07:16,281.5,2.3,3.8,6.7,0.0
2026,10,10,7,18,07:17,277.1,3.6,5.1,6.6,0.0
2026,10,10,7,19,07:18,270.9,3.5,4.6,6.5,0.0
2026,10,10,7,21,07:20,293.1,3.6,4.5,5.7,0.0
2026,10,10,7,23,07:22,295.2,2.7,4.4,7.0,0.0
2026,10,10,7,24,07:23,286.3,2.0,3.3,5.5,0.0
2026,10,10,7,26,07:25,303.4,3.8,5.0,7.4,0.0
2026,10,10,7,28,07:27,321.0,3.3,4.4,6.2,0.0
2026,10,10,7,29,07:28,311.3,3.6,5.6,7.6,0.0
2026,10,10,7,32,07:31,297.4,3.5,4.8,6.2,0.0
2026,10,10,7,33,07:32,304.0,3.2,4.5,6.3,0.0
2026,10,10,7,34,07:33,288.2,2.3,3.2,4.2,0.0
2026,10,10,7,36,07:35,278.4,3.0,4.9,7.0,0.0
2026,10,10,7,38,07:37,279.3,3.2,4.3,5.5,0.0
2026,10,10,7,39,07:38,277.9,2.9,4.0,5.3,0.0
2026,10,10,7,41,07:40,296.5,2.6,3.6,4.9,0.0
2026,10,10,7,43,07:42,277.5,3.3,4.2,5.2,0.0
2026,10,10,7,44,07:43,269.8,3.6,4.3,5.4,0.0
2026,10,10,7,46,07:45,284.7,1.8,2.7,4.0,0.0
2026,10,10,7,48,07:47,285.4,3.4,4.4,5.4,0.0
2026,10,10,7,49,07:48,280.1,2.4,3.4,5.0,0.0
2026,10,10,7,51,07:50,276.1,3.2,4.1,6.0,0.0
2026,10,10,7,53,07:52,291.7,2.8,3.8,5.1,0.0
2026,10,10,7,54,07:53,275.1,3.0,3.9,5.4,0.0
2026,10,10,7,56,07:55,279.3,2.7,3.3,4.2,0.0
2026,10,10,7,58,07:57,266.2,1.9,3.4,5.3,0.0
2026,10,10,7,59,07:58,287.9,2.1,3.5,4.8,0.0
2026,10,10,8,2,08:01,284.5,2.9,3.4,4.3,0.0
2026,10,10,8,3,08:02,294.3,3.0,3.9,4.8,0.0
2026,10,10,8,4,08:03,286.3,2.2,2.8,3.6,0.0
2026,10,10,8,7,08:06,284.3,1.9,3.4,5.1,0.0
2026,10,10,8,8,08:07,280.8,2.2,3.0,4.4,0.0
2026,10,10,8,9,08:08,296.6,2.7,3.6,5.2,0.0
2026,10,10,8,12,08:11,278.1,3.0,3.9,4.7,0.0
2026,10,10,8,13,08:12,283.7,2.7,3.3,3.9,0.0
2026,10,10,8,14,08:13,291.0,2.2,3.1,5.3,0.0
2026,10,10,8,17,08:16,313.7,2.6,3.5,5.1,0.0
2026,10,10,8,18,08:17,284.2,2.2,3.1,4.6,0.0
2026,10,10,8,19,08:18,273.5,2.5,3.9,5.4,0.0
2026,10,10,8,21,08:20,277.9,2.4,4.0,5.9,0.0
2026,10,10,8,23,08:22,269.4,3.6,4.1,5.0,0.0
2026,10,10,8,24,08:23,283.3,3.2,3.9,4.9,0.0
2026,10,10,8,27,08:26,283.6,2.0,3.5,4.8,0.0
2026,10,10,8,28,08:27,284.0,2.6,4.1,5.3,0.0
2026,10,10,8,29,08:28,280.0,2.3,3.6,5.1,0.0
2026,10,10,8,32,08:31,277.3,2.2,2.9,3.7,0.0
2026,10,10,8,33,08:32,286.4,2.8,3.6,4.4,0.0
2026,10,10,8,34,08:33,286.4,1.9,2.9,3.9,0.0
2026,10,10,8,37,08:36,285.0,3.1,4.2,6.0,0.0
2026,10,10,8,38,08:37,292.6,3.6,5.0,6.5,0.0
2026,10,10,8,39,08:38,297.3,3.2,4.5,5.7,0.0
2026,10,10,8,41,08:40,292.0,2.6,3.1,3.9,0.0
2026,10,10,8,43,08:42,308.5,1.9,3.1,4.8,0.0
2026,10,10,8,44,08:43,307.8,3.0,4.0,5.6,0.0
2026,10,10,8,47,08:46,300.9,2.1,3.2,5.2,0.0
2026,10,10,8,48,08:47,282.3,2.2,3.2,4.7,0.0
2026,10,10,8,51,08:50,286.0,2.7,3.6,4.6,0.0
2026,10,10,8,53,08:52,279.5,2.5,3.3,4.4,0.0
2026,10,10,8,54,08:53,283.3,2.6,3.4,4.3,0.0
2026,10,10,8,56,08:55,295.7,3.3,3.7,4.4,0.0
2026,10,10,8,58,08:57,294.1,2.4,3.1,3.8,0.0
2026,10,10,8,59,08:58,286.8,1.8,2.6,3.7,0.0
2026,10,10,9,1,09:00,289.1,1.9,2.6,4.0,0.0
2026,10,10,9,3,09:02,283.1,2.6,3.4,4.7,0.0
2026,10,10,9,4,09:03,278.7,3.5,4.3,5.3,0.0
2026,10,10,9,6,09:05,286.3,2.0,3.1,4.9,0.0
2026,10,10,9,8,09:08,295.6,2.4,3.8,5.9,0.0
2026,10,10,9,9,09:09,291.5,2.5,3.5,4.6,0.0
2026,10,10,9,11,09:11,280.8,2.6,3.5,4.3,0.0
2026,10,10,9,13,09:13,274.8,2.2,3.8,4.9,0.0
2026,10,10,9,14,09:14,277.6,3.5,4.1,4.7,0.0
2026,10,10,9,17,09:16,276.4,3.0,3.9,5.0,0.0
2026,10,10,9,18,09:18,278.5,2.3,3.1,4.3,0.0
2026,10,10,9,19,09:19,278.2,2.5,3.2,4.1,0.0
2026,10,10,9,22,09:22,274.7,2.9,3.4,4.7,0.0
2026,10,10,9,23,09:23,275.0,2.8,3.6,4.6,0.0
2026,10,10,9,24,09:24,274.8,2.6,3.6,5.0,0.0
2026,10,10,9,27,09:27,275.4,2.1,3.1,4.0,0.0
2026,10,10,9,28,09:28,276.2,2.6,3.2,3.9,0.0
2026,10,10,9,31,09:31,268.2,2.2,3.6,5.2,0.0
2026,10,10,9,33,09:33,280.5,2.9,3.5,4.4,0.0
2026,10,10,9,34,09:34,288.5,1.8,3.1,4.3,0.0
2026,10,10,9,36,09:36,287.4,3.2,4.3,5.6,0.0
2026,10,10,9,38,09:38,295.9,2.4,3.2,4.5,0.0
2026,10,10,9,39,09:39,316.1,2.3,4.3,5.6,0.0
2026,10,10,9,42,09:41,296.3,3.3,3.9,5.4,0.0
2026,10,10,9,43,09:43,313.0,3.6,4.6,6.1,0.0
2026,10,10,9,44,09:44,300.8,2.9,3.8,5.1,0.0
2026,10,10,9,47,09:47,311.0,2.7,3.5,4.2,0.0
2026,10,10,9,48,09:48,319.9,1.9,2.8,3.8,0.0
2026,10,10,9,49,09:49,291.8,1.8,3.4,5.1,0.0
2026,10,10,9,52,09:52,298.1,2.1,3.0,4.5,0.0
2026,10,10,9,53,09:53,301.3,1.2,3.5,4.6,0.0
2026,10,10,9,54,09:54,307.1,2.8,3.6,4.4,0.0
2026,10,10,9,56,09:56,308.0,2.1,2.9,3.6,0.0
2026,10,10,9,58,09:58,303.7,2.1,2.8,3.7,0.0
2026,10,10,10,1,10:01,287.8,2.0,2.4,2.9,0.0
2026,10,10,10,3,10:03,313.5,2.6,3.4,4.9,0.0
2026,10,10,10,4,10:04,277.6,2.1,2.9,4.2,0.0
2026,10,10,10,6,10:06,284.6,2.8,3.8,5.0,0.0
2026,10,10,10,8,10:08,276.9,2.4,3.8,5.1,0.0
2026,10,10,10,9,10:09,308.2,2.8,3.7,4.7,0.0
2026,10,10,10,11,10:11,289.1,2.0,3.2,4.7,0.0
2026,10,10,10,13,10:13,296.1,1.9,3.0,4.0,0.0
2026,10,10,10,14,10:14,292.1,2.1,2.9,4.0,0.0
2026,10,10,10,16,10:16,319.8,1.9,3.7,4.6,0.0
2026,10,10,10,18,10:18,285.4,2.0,2.4,3.1,0.0
2026,10,10,10,19,10:19,313.6,2.2,3.1,4.2,0.0
2026,10,10,10,21,10:21,282.7,2.8,3.5,4.3,0.0
2026,10,10,10,23,10:23,280.7,1.8,2.3,2.9,0.0
2026,10,10,10,24,10:24,289.0,2.1,2.6,3.2,0.0
2026,10,10,10,26,10:26,272.3,3.0,3.8,5.1,0.0
2026,10,10,10,28,10:28,282.2,2.5,3.4,4.5,0.0
2026,10,10,10,29,10:29,290.4,1.5,2.3,3.0,0.0
2026,10,10,10,32,10:31,282.5,2.2,3.1,3.8,0.0
2026,10,10,10,33,10:33,277.3,1.2,2.2,3.5,0.0
2026,10,10,10,34,10:34,281.3,2.4,3.7,4.7,0.0
2026,10,10,10,36,10:36,275.3,2.3,3.0,3.8,0.0
2026,10,10,10,38,10:38,291.5,2.3,3.4,5.7,0.0
2026,10,10,10,39,10:39,280.4,2.0,2.6,3.4,0.0
2026,10,10,10,41,10:41,275.2,1.7,2.8,3.4,0.0
2026,10,10,10,43,10:43,277.6,2.0,2.6,4.0,0.0
2026,10,10,10,44,10:44,280.0,2.9,3.6,4.7,0.0
2026,10,10,10,46,10:46,278.3,2.8,4.3,5.3,0.0
2026,10,10,10,48,10:48,286.0,2.7,4.4,6.3,0.0
2026,10,10,10,49,10:49,281.8,2.6,3.5,4.6,0.0
2026,10,10,10,51,10:51,273.5,2.6,4.2,6.2,0.0
2026,10,10,10,53,10:53,281.4,2.9,3.4,4.1,0.0
2026,10,10,10,54,10:54,274.2,2.2,3.2,4.6,0.0
2026,10,10,10,56,10:56,277.3,2.8,3.5,4.4,0.0
2026,10,10,10,58,10:58,278.1,1.9,2.9,4.0,0.0
2026,10,10,10,59,10:59,282.2,2.6,3.4,5.0,0.0
2026,10,10,11,2,11:01,289.3,2.2,3.4,4.7,0.0
2026,10,10,11,3,11:03,287.3,3.0,4.0,5.1,0.0
2026,10,10,11,4,11:04,287.0,2.5,3.1,3.4,0.0
2026,10,10,11,7,11:06,284.9,2.3,3.2,4.2,0.0
2026,10,10,11,8,11:08,293.8,1.5,2.2,3.7,0.0
2026,10,10,11,11,11:11,275.7,1.4,2.1,3.4,0.0
2026,10,10,11,13,11:13,288.0,1.8,2.7,3.8,0.0
2026,10,10,11,14,11:14,271.5,1.6,2.9,4.2,0.0
2026,10,10,11,16,11:16,273.3,2.3,3.2,3.8,0.0
2026,10,10,11,18,11:18,271.5,2.9,3.6,4.6,0.0
2026,10,10,11,19,11:19,277.8,2.7,3.7,4.8,0.0
2026,10,10,11,21,11:21,268.1,2.8,3.8,5.3,0.0
2026,10,10,11,23,11:23,277.8,2.7,3.8,5.1,0.0
2026,10,10,11,24,11:24,276.5,2.7,3.7,4.9,0.0
2026,10,10,11,26,11:26,279.2,3.2,3.8,5.2,0.0
2026,10,10,11,28,11:28,299.5,2.7,3.8,5.3,0.0
2026,10,10,11,29,11:29,276.8,1.2,3.2,4.4,0.0
2026,10,10,11,31,11:31,287.9,3.1,4.2,5.5,0.0
2026,10,10,11,33,11:33,301.5,2.8,3.9,5.4,0.0
2026,10,10,11,34,11:34,285.7,2.8,4.0,5.6,0.0
2026,10,10,11,36,11:36,291.2,2.3,3.1,4.5,0.0
2026,10,10,11,38,11:38,281.8,1.6,2.6,3.6,0.0
2026,10,10,11,39,11:39,287.3,1.6,2.3,3.2,0.0
2026,10,10,11,42,11:41,291.3,1.7,2.8,4.0,0.0
2026,10,10,11,43,11:43,281.3,2.0,3.1,4.5,0.0
2026,10,10,11,44,11:44,301.9,2.5,3.6,4.8,0.0
2026,10,10,11,47,11:46,284.4,3.1,3.8,4.9,0.0
2026,10,10,11,48,11:48,302.2,2.6,3.4,4.4,0.0
2026,10,10,11,51,11:51,289.9,2.4,3.2,3.7,0.0
2026,10,10,11,53,11:53,324.0,1.4,2.4,3.5,0.0
2026,10,10,11,54,11:54,336.9,2.6,3.2,4.2,0.0
2026,10,10,11,56,11:56,330.8,2.5,3.2,4.2,0.0
2026,10,10,11,58,11:58,310.5,2.0,2.8,4.5,0.0
2026,10,10,11,59,11:59,317.1,1.8,3.5,5.6,0.0
2026,10,10,12,2,12:01,306.4,2.3,3.2,4.6,0.0
2026,10,10,12,3,12:03,300.1,2.8,3.9,5.1,0.0
2026,10,10,12,4,12:04,290.9,2.9,3.6,4.2,0.0
2026,10,10,12,6,12:06,275.3,3.0,3.7,4.9,0.0
2026,10,10,12,8,12:08,285.4,2.2,3.2,4.7,0.0
2026,10,10,12,9,12:09,297.7,2.5,3.2,4.4,0.0
2026,10,10,12,11,12:11,321.3,2.1,2.5,2.9,0.0
2026,10,10,12,13,12:13,294.4,2.9,3.6,4.3,0.0
2026,10,10,12,14,12:14,296.9,2.6,3.6,4.5,0.0
2026,10,10,12,17,12:16,295.7,1.9,2.7,3.5,0.0
2026,10,10,12,18,12:18,310.2,1.6,2.6,3.3,0.0
2026,10,10,12,19,12:19,325.5,2.3,3.0,3.7,0.0
2026,10,10,12,22,12:21,306.4,1.5,2.3,3.3,0.0
2026,10,10,12,23,12:23,326.8,2.6,4.4,6.0,0.0
2026,10,10,12,24,12:24,312.9,2.4,3.5,5.0,0.0
2026,10,10,12,27,12:26,300.3,3.1,4.1,5.5,0.0
2026,10,10,12,28,12:28,329.6,2.4,4.0,5.7,0.0
2026,10,10,12,29,12:29,319.7,3.1,3.9,5.2,0.0
2026,10,10,12,31,12:31,300.9,3.3,4.3,5.2,0.0
2026,10,10,12,33,12:33,299.5,2.8,3.4,5.1,0.0
2026,10,10,12,34,12:34,299.4,2.8,3.8,4.9,0.0
2026,10,10,12,37,12:37,291.9,2.7,3.0,3.6,0.0
2026,10,10,12,38,12:38,313.5,2.6,3.6,4.5,0.0
2026,10,10,12,39,12:39,293.2,2.5,3.6,4.6,0.0
2026,10,10,12,42,12:41,310.6,2.8,3.7,4.8,0.0
2026,10,10,12,43,12:43,291.5,2.5,3.5,4.6,0.0
2026,10,10,12,44,12:44,295.5,2.5,3.6,5.0,0.0
2026,10,10,12,46,12:46,293.9,3.1,3.7,4.5,0.0
2026,10,10,12,48,12:48,291.4,2.3,2.8,3.5,0.0
2026,10,10,12,49,12:49,284.0,1.6,2.7,3.6,0.0
2026,10,10,12,51,12:51,344.0,2.2,3.4,4.4,0.0
2026,10,10,12,53,12:53,321.7,3.4,4.4,6.0,0.0
2026,10,10,12,54,12:54,299.8,2.9,3.7,4.7,0.0
2026,10,10,12,56,12:56,336.1,3.2,4.2,5.7,0.0
2026,10,10,12,58,12:58,308.3,1.5,2.7,4.9,0.0
2026,10,10,12,59,12:59,304.2,1.8,2.9,3.9,0.0
2026,10,10,13,1,13:01,300.6,1.5,2.0,2.8,0.0
2026,10,10,13,3,13:03,332.9,2.9,3.8,5.4,0.0
2026,10,10,13,4,13:04,328.5,2.5,3.7,4.7,0.0
2026,10,10,13,6,13:06,328.4,2.8,3.6,4.5,0.0
2026,10,10,13,8,13:08,312.3,2.2,3.1,4.0,0.0
2026,10,10,13,9,13:09,295.8,2.2,3.0,3.6,0.0
2026,10,10,13,11,13:11,306.4,2.0,2.6,3.3,0.0
2026,10,10,13,13,13:13,287.4,2.3,3.6,4.6,0.0
2026,10,10,13,14,13:14,286.3,2.3,3.1,4.1,0.0
2026,10,10,13,16,13:16,311.5,2.2,3.1,4.3,0.0
2026,10,10,13,18,13:18,306.3,1.7,2.6,3.7,0.0
2026,10,10,13,19,13:19,293.4,2.1,2.8,3.7,0.0
2026,10,10,13,21,13:21,321.9,2.2,2.8,3.5,0.0
2026,10,10,13,23,13:23,282.7,2.1,3.4,3.9,0.0
2026,10,10,13,24,13:24,294.3,1.7,3.1,4.0,0.0
2026,10,10,13,26,13:26,274.5,1.9,2.6,3.6,0.0
2026,10,10,13,28,13:28,122.1,2.2,3.0,3.9,0.0
2026,10,10,13,29,13:29,270.2,2.5,3.1,3.7,0.0
2026,10,10,13,32,13:31,261.6,2.6,3.2,4.1,0.0
2026,10,10,13,33,13:33,262.9,2.0,2.8,3.6,0.0
2026,10,10,13,34,13:34,266.5,1.7,2.8,4.2,0.0
2026,10,10,13,36,13:36,272.3,2.2,2.7,3.7,0.0
2026,10,10,13,38,13:38,263.7,2.7,3.2,4.2,0.0
2026,10,10,13,39,13:39,271.5,2.6,3.2,4.0,0.0
2026,10,10,13,41,13:41,268.1,2.8,3.3,4.2,0.0
2026,10,10,13,43,13:43,271.0,3.2,3.9,5.7,0.0
2026,10,10,13,44,13:44,281.5,3.6,4.1,5.4,0.0
2026,10,10,13,46,13:46,269.3,2.1,2.7,3.2,0.0
2026,10,10,13,48,13:48,284.6,2.4,2.9,3.7,0.0
2026,10,10,13,49,13:48,284.6,2.4,2.9,3.7,0.0
2026,10,10,13,52,13:51,281.5,1.6,2.5,5.0,0.0
2026,10,10,13,53,13:53,286.8,1.5,2.4,3.3,0.0
2026,10,10,13,54,13:54,270.8,1.9,2.6,3.3,0.0
2026,10,10,13,57,13:56,273.7,2.0,2.8,3.4,0.0
2026,10,10,13,58,13:58,292.5,1.8,2.4,3.4,0.0
2026,10,10,13,59,13:59,282.1,2.5,3.2,4.0,0.0
2026,10,10,14,1,14:01,293.9,2.1,2.7,3.7,0.0
2026,10,10,14,3,14:03,331.6,2.0,2.8,3.5,0.0
2026,10,10,14,4,14:04,333.0,2.1,2.4,3.1,0.0
2026,10,10,14,6,14:06,332.8,1.5,2.2,3.3,0.0
2026,10,10,14,8,14:08,326.4,1.7,2.1,2.5,0.0
2026,10,10,14,9,14:09,312.1,2.1,2.8,3.6,0.0
2026,10,10,14,11,14:11,285.8,1.1,2.3,3.1,0.0
2026,10,10,14,13,14:13,304.3,1.9,2.3,2.9,0.0
2026,10,10,14,14,14:14,318.5,1.8,2.3,3.5,0.0
2026,10,10,14,16,14:16,285.1,0.9,1.4,2.2,0.0
2026,10,10,14,18,14:18,317.5,1.7,2.1,2.6,0.0
2026,10,10,14,19,14:19,338.1,2.1,2.4,3.0,0.0
2026,10,10,14,21,14:21,345.4,1.2,1.7,2.3,0.0
2026,10,10,14,23,14:23,347.7,1.8,2.1,2.3,0.0
2026,10,10,14,24,14:24,330.8,1.3,1.9,2.4,0.0
2026,10,10,14,27,14:26,315.8,1.1,1.8,2.7,0.0
2026,10,10,14,28,14:28,286.0,2.3,3.1,4.5,0.0
2026,10,10,14,29,14:29,270.7,1.9,2.8,4.1,0.0
2026,10,10,14,31,14:31,270.7,1.7,2.2,2.9,0.0
2026,10,10,14,33,14:33,282.6,2.0,2.8,3.4,0.0
2026,10,10,14,34,14:34,274.4,1.8,2.3,2.9,0.0
2026,10,10,14,37,14:36,276.9,2.6,3.2,4.4,0.0
2026,10,10,14,38,14:38,276.0,3.0,3.8,4.4,0.0
2026,10,10,14,39,14:39,304.2,3.2,3.9,5.2,0.0
2026,10,10,14,41,14:41,309.2,2.5,3.1,3.7,0.0
2026,10,10,14,43,14:43,306.6,2.4,3.2,4.8,0.0
2026,10,10,14,44,14:44,303.3,2.4,3.0,4.0,0.0
2026,10,10,14,46,14:46,327.9,2.0,2.8,3.9,0.0
2026,10,10,14,48,14:48,325.0,2.4,3.2,3.8,0.0
2026,10,10,14,49,14:49,307.2,1.9,2.5,3.1,0.0
2026,10,10,14,52,14:51,317.4,2.8,3.4,4.7,0.0
2026,10,10,14,53,14:53,319.6,2.1,2.8,3.9,0.0
2026,10,10,14,54,14:54,307.2,2.5,3.1,3.6,0.0
2026,10,10,14,56,14:56,298.4,2.4,2.8,3.5,0.0
2026,10,10,14,58,14:58,303.4,1.9,2.3,2.7,0.0
2026,10,10,14,59,14:59,300.5,2.1,2.6,3.6,0.0
2026,10,10,15,1,15:01,318.7,2.2,2.8,3.5,0.0
2026,10,10,15,3,15:03,329.8,2.1,3.0,3.8,0.0
2026,10,10,15,4,15:04,327.7,2.4,3.2,3.9,0.0
2026,10,10,15,6,15:06,314.5,2.3,3.1,4.0,0.0
2026,10,10,15,8,15:08,325.0,2.3,2.7,3.3,0.0
2026,10,10,15,9,15:09,319.7,1.9,2.4,2.9,0.0
2026,10,10,15,11,15:11,297.2,1.8,2.7,3.4,0.0
2026,10,10,15,13,15:13,309.2,2.3,2.6,3.1,0.0
2026,10,10,15,14,15:14,301.1,2.1,2.4,2.9,0.0
2026,10,10,15,16,15:16,316.7,2.1,2.6,3.4,0.0
2026,10,10,15,18,15:18,349.1,0.8,2.0,2.8,0.0
2026,10,10,15,19,15:19,17.1,0.8,1.2,2.5,0.0
2026,10,10,15,21,15:21,358.8,0.9,2.1,3.2,0.0
2026,10,10,15,23,15:23,21.9,0.6,0.9,1.9,0.0
2026,10,10,15,24,15:24,9.9,0.7,1.0,1.5,0.0
2026,10,10,15,26,15:26,349.0,0.6,0.8,1.4,0.0
2026,10,10,15,28,15:28,346.9,1.7,2.7,3.7,0.0
2026,10,10,15,29,15:29,340.1,2.4,3.1,3.7,0.0
2026,10,10,15,31,15:31,351.2,2.0,3.0,3.8,0.0
2026,10,10,15,33,15:33,345.6,2.1,3.9,5.6,0.0
2026,10,10,15,34,15:34,334.3,2.6,3.8,5.2,0.0
2026,10,10,15,37,15:36,332.0,2.1,3.0,4.2,0.0
2026,10,10,15,38,15:38,330.6,2.0,3.4,4.3,0.0
2026,10,10,15,39,15:39,329.4,2.5,3.3,4.0,0.0
2026,10,10,15,41,15:41,353.0,2.2,3.2,4.0,0.0
2026,10,10,15,43,15:43,326.4,1.8,2.4,2.8,0.0
2026,10,10,15,44,15:44,349.3,0.5,1.6,3.2,0.0
2026,10,10,15,46,15:46,346.9,1.3,2.3,3.3,0.0
2026,10,10,15,48,15:48,322.9,1.1,2.6,3.2,0.0
2026,10,10,15,49,15:49,325.1,1.7,2.2,3.1,0.0
2026,10,10,15,51,15:51,306.8,1.5,2.0,2.6,0.0
2026,10,10,15,53,15:53,318.6,2.0,2.8,3.4,0.0
2026,10,10,15,54,15:54,337.9,2.4,3.3,4.2,0.0
2026,10,10,15,56,15:56,350.9,2.1,2.9,3.7,0.0
2026,10,10,15,58,15:58,4.8,1.0,1.6,2.9,0.0
2026,10,10,15,59,15:59,352.4,0.9,1.6,2.8,0.0
2026,10,10,16,2,16:01,348.8,1.3,3.5,4.6,0.0
2026,10,10,16,3,16:03,7.3,1.0,1.6,2.9,0.0
2026,10,10,16,4,16:04,353.4,0.5,1.6,2.7,0.0
2026,10,10,16,6,16:06,344.8,2.0,2.8,4.1,0.0
2026,10,10,16,8,16:08,345.0,1.3,2.1,2.8,0.0
2026,10,10,16,9,16:09,8.6,1.5,1.1,2.0,0.0
2026,10,10,16,11,16:11,357.6,0.0,1.4,3.0,0.0
2026,10,10,16,13,16:13,340.7,0.7,1.0,1.4,0.0
2026,10,10,16,14,16:14,331.8,1.0,1.4,1.9,0.0
2026,10,10,16,17,16:16,332.3,1.0,1.4,1.9,0.0
2026,10,10,16,18,16:18,324.5,0.0,0.5,1.3,0.0
2026,10,10,16,19,16:19,324.5,0.9,1.3,1.7,0.0
2026,10,10,16,22,16:21,324.5,0.0,0.9,1.4,0.0
2026,10,10,16,23,16:23,12.9,0.6,0.9,1.2,0.0
2026,10,10,16,24,16:24,17.5,0.0,0.4,1.0,0.0
2026,10,10,16,26,16:26,356.0,0.4,0.8,1.6,0.0
2026,10,10,16,28,16:28,23.0,0.0,0.6,1.5,0.0
2026,10,10,16,29,16:29,38.1,0.0,0.7,1.4,0.0
2026,10,10,16,31,16:31,46.1,0.7,1.0,1.6,0.0
2026,10,10,16,33,16:33,13.5,0.6,0.7,0.9,0.0
2026,10,10,16,34,16:34,5.0,0.8,1.3,2.7,0.0
2026,10,10,16,37,16:36,357.0,0.0,0.8,2.2,0.0
2026,10,10,16,38,16:38,355.7,1.5,2.5,3.6,0.0
2026,10,10,16,39,16:39,10.9,0.5,1.1,2.2,0.0
2026,10,10,16,41,16:41,357.1,0.9,1.4,2.2,0.0
2026,10,10,16,43,16:43,32.6,0.5,0.7,1.2,0.0
2026,10,10,16,44,16:44,33.5,0.4,0.7,1.1,0.0
2026,10,10,16,46,16:46,36.7,0.0,0.7,1.3,0.0
2026,10,10,16,48,16:48,46.6,0.0,0.8,2.0,0.0
2026,10,10,16,49,16:49,44.3,1.0,1.4,1.9,0.0
2026,10,10,16,51,16:51,17.1,0.0,0.4,1.5,0.0
2026,10,10,16,53,16:53,13.7,0.0,0.8,1.8,0.0
2026,10,10,16,54,16:54,48.3,0.5,0.8,1.4,0.0
2026,10,10,16,56,16:56,48.2,0.0,0.6,1.3,0.0
2026,10,10,16,58,16:58,355.3,0.4,0.9,1.6,0.0
2026,10,10,16,59,16:59,350.4,0.4,0.9,1.6,0.0
2026,10,10,17,1,17:01,0.8,0.5,0.6,0.9,0.0
2026,10,10,17,3,17:03,16.6,0.0,0.5,0.7,0.0
2026,10,10,17,4,17:04,16.6,0.0,0.7,1.1,0.0
2026,10,10,17,7,17:06,16.6,0.5,0.7,0.9,0.0
2026,10,10,17,8,17:08,355.2,0.2,1.3,2.0,0.0
2026,10,10,17,9,17:09,354.4,1.0,1.4,1.9,0.0
2026,10,10,17,12,17:11,12.6,0.5,0.8,1.6,0.0
2026,10,10,17,13,17:13,0.7,0.0,0.8,1.4,0.0
2026,10,10,17,14,17:14,354.9,0.0,0.4,0.6,0.0
2026,10,10,17,16,17:16,354.9,0.0,1.1,1.7,0.0
2026,10,10,17,18,17:18,357.7,0.0,0.9,1.6,0.0
2026,10,10,17,19,17:19,345.7,0.9,1.4,1.7,0.0
2026,10,10,17,21,17:21,346.2,1.2,1.7,2.3,0.0
2026,10,10,17,23,17:23,348.6,1.6,2.0,2.3,0.0
2026,10,10,17,24,17:24,354.6,1.4,1.4,2.3,0.0
2026,10,10,17,26,17:26,355.9,0.8,0.6,1.3,0.0
2026,10,10,17,28,17:28,18.4,0.0,0.6,1.6,0.0
2026,10,10,17,29,17:29,41.0,0.0,0.3,0.6,0.0
2026,10,10,17,31,17:31,41.0,0.0,0.0,0.0,0.0
2026,10,10,17,33,17:33,41.0,0.0,0.6,1.2,0.0
2026,10,10,17,34,17:34,41.0,0.0,0.7,1.2,0.0
2026,10,10,17,36,17:36,41.0,0.0,0.1,0.3,0.0
2026,10,10,17,38,17:38,41.0,0.0,0.5,1.0,0.0
2026,10,10,17,39,17:39,41.0,0.8,1.3,1.6,0.0
2026,10,10,17,41,17:41,41.0,0.0,1.0,1.6,0.0
2026,10,10,17,43,17:43,32.0,0.0,0.7,1.8,0.0
2026,10,10,17,44,17:44,3.5,0.0,0.4,0.7,0.0
2026,10,10,17,46,17:46,357.8,0.0,0.5,1.4,0.0
2026,10,10,17,48,17:48,354.6,0.0,0.8,1.8,0.0
2026,10,10,17,49,17:49,17.0,0.4,0.6,1.2,0.0
2026,10,10,17,51,17:51,345.9,0.0,0.2,0.4,0.0
2026,10,10,17,53,17:53,345.9,0.0,0.2,0.3,0.0
2026,10,10,17,54,17:54,345.9,0.0,0.3,0.6,0.0
2026,10,10,17,56,17:56,345.9,0.0,0.7,1.2,0.0
2026,10,10,17,58,17:58,351.9,0.5,2.0,2.8,0.0
2026,10,10,17,59,17:59,12.3,0.6,1.1,2.4,0.0
2026,10,10,18,2,18:01,16.4,0.0,0.5,1.2,0.0
2026,10,10,18,3,18:03,355.7,0.2,0.8,1.6,0.0
2026,10,10,18,4,18:04,346.9,0.0,0.7,1.7,0.0
2026,10,10,18,6,18:06,350.6,0.0,0.4,0.7,0.0
2026,10,10,18,8,18:08,359.4,0.5,0.9,1.8,0.0
2026,10,10,18,9,18:09,38.4,0.0,1.2,2.5,0.0
2026,10,10,18,11,18:11,39.2,0.5,1.2,2.0,0.0
2026,10,10,18,13,18:13,40.0,0.7,1.2,1.9,0.0
2026,10,10,18,14,18:14,40.0,0.0,1.2,1.7,0.0
2026,10,10,18,16,18:16,53.8,0.6,1.2,2.0,0.0
2026,10,10,18,18,18:18,45.1,0.0,1.0,1.6,0.0
2026,10,10,18,19,18:19,44.7,0.5,0.8,1.2,0.0
2026,10,10,18,21,18:21,44.7,0.0,0.1,0.4,0.0
2026,10,10,18,23,18:23,23.2,0.5,0.8,1.2,0.0
2026,10,10,18,24,18:24,25.0,0.6,1.0,1.5,0.0
2026,10,10,18,26,18:26,31.6,0.5,0.9,1.8,0.0
2026,10,10,18,28,18:28,31.6,0.5,0.7,1.0,0.0
2026,10,10,18,29,18:29,31.6,0.0,0.6,1.0,0.0
2026,10,10,18,31,18:31,38.0,0.0,1.1,1.9,0.0
2026,10,10,18,33,18:33,13.7,0.0,0.8,1.8,0.0
2026,10,10,18,34,18:34,17.7,0.0,0.7,1.2,0.0
2026,10,10,18,37,18:36,33.6,0.0,1.1,1.9,0.0
2026,10,10,18,38,18:38,32.9,0.5,1.1,1.7,0.0
2026,10,10,18,39,18:39,33.5,0.0,0.6,1.0,0.0
2026,10,10,18,41,18:41,48.9,0.4,1.2,1.9,0.0
2026,10,10,18,43,18:43,52.1,0.0,0.6,1.6,0.0
2026,10,10,18,44,18:44,51.4,0.0,1.0,2.0,0.0
2026,10,10,18,46,18:46,41.4,0.0,1.3,2.5,0.0
2026,10,10,18,48,18:48,42.0,1.1,1.5,2.1,0.0
2026,10,10,18,49,18:49,48.0,0.6,1.1,1.6,0.0
2026,10,10,18,51,18:51,38.6,0.7,1.4,3.3,0.0
2026,10,10,18,53,18:53,48.6,0.5,0.8,1.4,0.0
2026,10,10,18,54,18:54,25.4,0.6,1.2,2.4,0.0
2026,10,10,18,56,18:56,35.3,0.9,1.4,2.3,0.0
2026,10,10,18,58,18:58,37.2,0.6,1.2,2.1,0.0
2026,10,10,18,59,18:59,35.8,0.8,2.0,3.3,0.0
2026,10,10,19,1,19:01,37.4,0.9,1.3,2.0,0.0
2026,10,10,19,3,19:03,34.8,0.5,1.2,2.7,0.0
2026,10,10,19,4,19:04,33.4,0.5,1.4,3.0,0.0
2026,10,10,19,6,19:06,42.8,1.1,2.1,3.3,0.0
2026,10,10,19,8,19:08,47.4,0.9,2.3,3.5,0.0
2026,10,10,19,9,19:09,42.9,1.2,1.8,2.8,0.0
2026,10,10,19,11,19:11,51.0,0.8,2.6,4.4,0.0
2026,10,10,19,13,19:13,47.8,0.4,1.2,2.8,0.0
2026,10,10,19,14,19:14,51.0,0.8,2.1,3.6,0.0
2026,10,10,19,17,19:16,53.3,1.7,2.7,4.6,0.0
2026,10,10,19,18,19:18,56.4,0.9,2.7,4.8,0.0
2026,10,10,19,19,19:19,73.3,1.1,2.8,4.4,0.0
2026,10,10,19,21,19:21,40.7,0.6,1.6,2.8,0.0
2026,10,10,19,23,19:23,71.0,0.4,0.7,1.5,0.0
2026,10,10,19,24,19:24,61.8,0.5,1.1,1.8,0.0
2026,10,10,19,26,19:26,81.0,0.0,0.5,1.5,0.0
2026,10,10,19,28,19:28,56.5,0.6,1.6,3.0,0.0
2026,10,10,19,29,19:29,55.4,1.5,1.9,2.7,0.0
2026,10,10,19,31,19:31,64.6,0.9,1.9,2.8,0.0
2026,10,10,19,33,19:33,35.6,1.1,1.9,3.1,0.0
2026,10,10,19,34,19:34,41.7,0.9,1.4,2.9,0.0
2026,10,10,19,36,19:36,33.4,1.4,2.4,3.8,0.0
2026,10,10,19,38,19:38,43.9,1.8,2.8,4.1,0.0
2026,10,10,19,39,19:39,53.6,0.7,2.1,4.1,0.0
2026,10,10,19,41,19:41,29.4,1.2,1.9,3.1,0.0
2026,10,10,19,43,19:43,35.3,0.8,2.0,3.6,0.0
2026,10,10,19,44,19:44,45.7,2.1,3.3,5.7,0.0
2026,10,10,19,46,19:46,44.8,1.3,2.6,4.9,0.0
2026,10,10,19,48,19:48,49.3,1.2,2.1,3.6,0.0
2026,10,10,19,49,19:49,47.5,1.2,2.0,3.6,0.0
2026,10,10,19,51,19:51,39.0,0.7,2.1,3.6,0.0
2026,10,10,19,53,19:53,57.1,1.4,1.8,2.5,0.0
2026,10,10,19,54,19:54,31.2,0.9,1.5,2.1,0.0
2026,10,10,19,56,19:56,50.8,0.8,2.2,4.2,0.0
2026,10,10,19,58,19:58,54.2,0.4,1.0,1.9,0.0
2026,10,10,19,59,19:59,34.0,0.7,1.5,2.5,0.0
2026,10,10,20,2,20:01,44.5,1.2,2.6,3.6,0.0
2026,10,10,20,3,20:03,36.7,0.9,1.8,3.4,0.0
2026,10,10,20,4,20:04,40.9,0.7,2.0,3.6,0.0
2026,10,10,20,6,20:06,46.2,1.7,2.2,3.4,0.0
2026,10,10,20,8,20:08,39.7,0.5,1.7,3.0,0.0
2026,10,10,20,9,20:09,39.4,0.7,1.6,3.6,0.0
2026,10,10,20,11,20:11,43.4,0.8,1.3,2.0,0.0
2026,10,10,20,13,20:13,50.9,0.5,1.1,1.9,0.0
2026,10,10,20,14,20:14,54.6,0.7,1.6,2.9,0.0
2026,10,10,20,16,20:16,54.8,1.0,1.9,3.3,0.0
2026,10,10,20,18,20:18,51.1,1.4,2.4,3.8,0.0
2026,10,10,20,19,20:19,47.9,0.7,1.0,1.4,0.0
2026,10,10,20,21,20:21,40.7,1.0,2.4,4.0,0.0
2026,10,10,20,23,20:23,43.7,0.6,1.3,2.2,0.0
2026,10,10,20,24,20:24,38.1,0.6,1.3,2.4,0.0
2026,10,10,20,26,20:26,47.0,0.4,0.9,2.1,0.0
2026,10,10,20,28,20:28,34.5,1.1,1.8,3.3,0.0
2026,10,10,20,31,20:31,43.1,0.6,1.1,2.1,0.0
2026,10,10,20,33,20:33,43.7,0.9,2.6,4.7,0.0
2026,10,10,20,34,20:34,33.1,1.9,2.9,4.2,0.0
2026,10,10,20,37,20:36,34.6,1.2,2.3,3.3,0.0
2026,10,10,20,38,20:38,40.3,0.9,1.4,2.1,0.0
2026,10,10,20,39,20:39,37.2,0.7,1.4,3.1,0.0
2026,10,10,20,41,20:41,42.7,0.7,1.6,2.9,0.0
2026,10,10,20,43,20:43,43.5,0.5,0.9,1.5,0.0
2026,10,10,20,44,20:44,45.8,0.7,1.6,3.6,0.0
2026,10,10,20,47,20:46,39.8,1.0,1.5,2.3,0.0
2026,10,10,20,48,20:48,33.8,0.6,1.6,3.7,0.0
2026,10,10,20,49,20:49,42.5,1.6,3.1,6.9,0.0
2026,10,10,20,52,20:51,49.1,1.3,2.3,3.6,0.0
2026,10,10,20,53,20:53,57.5,1.2,2.1,3.9,0.0
2026,10,10,20,54,20:54,44.8,1.0,1.9,3.0,0.0
2026,10,10,20,56,20:56,30.8,1.4,3.0,6.1,0.0
2026,10,10,20,58,20:58,35.8,1.2,1.9,2.9,0.0
2026,10,10,20,59,20:59,37.4,1.3,2.0,3.0,0.0
2026,10,10,21,2,21:01,50.1,2.2,2.7,3.9,0.0
2026,10,10,21,3,21:03,70.2,0.7,1.2,1.9,0.0
2026,10,10,21,4,21:04,49.2,0.9,1.5,3.1,0.0
2026,10,10,21,7,21:06,43.9,1.3,2.2,3.5,0.0
2026,10,10,21,8,21:08,33.7,1.4,2.2,4.4,0.0
2026,10,10,21,9,21:09,41.6,0.9,1.9,3.8,0.0
2026,10,10,21,11,21:11,40.1,1.3,2.1,3.1,0.0
2026,10,10,21,13,21:13,56.8,1.0,1.5,3.2,0.0
2026,10,10,21,14,21:14,45.6,2.2,3.3,4.9,0.0
2026,10,10,21,16,21:16,40.2,0.8,2.0,3.0,0.0
2026,10,10,21,18,21:18,54.7,0.5,1.0,2.0,0.0
2026,10,10,21,19,21:19,48.0,0.4,1.7,4.3,0.0
2026,10,10,21,21,21:21,38.1,0.0,1.8,4.0,0.0
2026,10,10,21,23,21:23,68.5,0.9,1.8,3.7,0.0
2026,10,10,21,24,21:24,27.2,0.8,1.7,2.4,0.0
2026,10,10,21,26,21:26,43.8,0.9,2.2,3.9,0.0
2026,10,10,21,28,21:28,37.9,1.3,2.5,3.6,0.0
2026,10,10,21,29,21:29,30.1,0.9,1.7,2.8,0.0
2026,10,10,21,32,21:31,38.7,1.2,2.4,4.6,0.0
2026,10,10,21,33,21:33,42.7,0.8,1.8,2.7,0.0
2026,10,10,21,34,21:34,50.2,0.7,1.6,2.5,0.0
2026,10,10,21,36,21:36,37.6,1.1,1.9,3.2,0.0
2026,10,10,21,38,21:38,37.2,1.0,1.6,2.4,0.0
2026,10,10,21,39,21:39,51.6,0.7,2.0,3.3,0.0
2026,10,10,21,42,21:41,46.7,0.6,1.2,1.9,0.0
2026,10,10,21,43,21:43,53.7,2.0,3.0,4.6,0.0
2026,10,10,21,44,21:44,54.5,1.1,3.0,5.4,0.0
2026,10,10,21,47,21:46,39.3,1.8,2.7,3.7,0.0
2026,10,10,21,48,21:48,28.3,1.2,2.4,4.0,0.0
2026,10,10,21,49,21:49,45.7,0.5,1.8,2.8,0.0
2026,10,10,21,51,21:51,37.4,1.4,2.9,5.4,0.0
2026,10,10,21,53,21:53,46.0,1.3,2.6,4.7,0.0
2026,10,10,21,54,21:54,41.7,1.3,2.1,2.9,0.0
2026,10,10,21,56,21:56,48.5,1.6,2.8,5.4,0.0
2026,10,10,21,58,21:58,39.5,0.7,1.8,4.1,0.0
2026,10,10,21,59,21:59,37.5,1.5,2.4,3.6,0.0
2026,10,10,22,2,22:01,49.9,1.5,3.3,6.3,0.0
2026,10,10,22,3,22:03,31.4,0.9,2.1,4.2,0.0
2026,10,10,22,4,22:04,39.6,0.7,1.8,3.3,0.0
2026,10,10,22,6,22:06,41.7,1.4,2.4,4.0,0.0
2026,10,10,22,8,22:08,48.9,0.4,0.7,1.3,0.0
2026,10,10,22,9,22:09,33.9,0.7,1.1,1.6,0.0
2026,10,10,22,11,22:11,38.6,1.1,2.3,4.9,0.0
2026,10,10,22,13,22:13,33.2,0.7,2.0,3.4,0.0
2026,10,10,22,14,22:14,49.7,1.6,3.3,5.1,0.0
2026,10,10,22,16,22:16,45.0,0.6,1.3,3.5,0.0
2026,10,10,22,18,22:18,33.2,1.0,2.2,3.6,0.0
2026,10,10,22,19,22:19,30.8,1.4,2.5,4.2,0.0
2026,10,10,22,21,22:21,50.7,1.5,2.4,4.8,0.0
2026,10,10,22,23,22:23,31.7,1.3,2.6,4.2,0.0
2026,10,10,22,24,22:24,44.8,0.7,2.0,4.8,0.0
2026,10,10,22,27,22:26,42.1,1.8,3.0,4.1,0.0
2026,10,10,22,28,22:28,28.0,0.8,1.5,2.4,0.0
2026,10,10,22,29,22:29,34.3,0.9,2.0,4.1,0.0
2026,10,10,22,31,22:31,40.5,1.0,2.5,4.2,0.0
2026,10,10,22,33,22:33,39.5,1.1,2.4,4.1,0.0
2026,10,10,22,34,22:34,41.3,1.2,2.6,5.2,0.0
2026,10,10,22,37,22:36,38.5,1.2,2.4,4.3,0.0
2026,10,10,22,38,22:38,39.8,1.2,3.0,5.7,0.0
2026,10,10,22,39,22:39,39.6,0.9,1.8,2.8,0.0
2026,10,10,22,41,22:41,43.8,1.6,3.6,6.3,0.0
2026,10,10,22,43,22:43,42.3,1.6,3.3,5.8,0.0
2026,10,10,22,44,22:44,45.1,0.6,2.1,4.2,0.0
2026,10,10,22,46,22:46,32.4,0.9,1.9,3.7,0.0
2026,10,10,22,48,22:48,42.3,1.2,3.2,5.6,0.0
2026,10,10,22,49,22:49,38.2,1.5,2.7,5.5,0.0
2026,10,10,22,52,22:51,44.0,0.7,2.2,3.9,0.0
2026,10,10,22,53,22:53,48.1,0.7,1.5,2.7,0.0
2026,10,10,22,54,22:54,48.9,1.6,3.6,6.0,0.0
2026,10,10,22,56,22:56,49.5,1.1,2.6,5.9,0.0
2026,10,10,22,58,22:58,43.8,0.7,1.7,3.8,0.0
2026,10,10,22,59,22:59,37.9,0.6,1.2,2.3,0.0
2026,10,10,23,1,23:01,48.7,1.5,2.4,4.9,0.0
2026,10,10,23,3,23:03,28.8,0.9,1.9,4.6,0.0
2026,10,10,23,4,23:04,41.9,1.5,2.4,3.9,0.0
2026,10,10,23,6,23:06,32.0,1.1,1.8,3.5,0.0
2026,10,10,23,8,23:08,36.5,1.0,2.2,3.2,0.0
2026,10,10,23,9,23:09,44.6,1.4,3.2,4.8,0.0
2026,10,10,23,12,23:11,33.6,1.9,3.4,4.9,0.0
2026,10,10,23,13,23:13,43.5,1.6,3.2,4.8,0.0
2026,10,10,23,14,23:14,37.1,1.1,2.9,5.1,0.0
2026,10,10,23,17,23:16,32.7,0.9,2.1,4.1,0.0
2026,10,10,23,18,23:18,33.7,1.0,2.1,4.9,0.0
2026,10,10,23,19,23:19,35.6,1.3,2.5,5.3,0.0
2026,10,10,23,21,23:21,36.4,0.7,1.3,2.1,0.0
2026,10,10,23,23,23:23,42.2,0.6,2.0,4.2,0.0
2026,10,10,23,24,23:24,35.2,0.8,1.8,4.1,0.0
2026,10,10,23,26,23:26,44.0,1.1,2.1,3.2,0.0
2026,10,10,23,28,23:28,42.6,1.3,2.9,5.2,0.0
2026,10,10,23,29,23:29,43.5,1.4,3.1,5.2,0.0
2026,10,10,23,31,23:31,44.0,0.7,1.9,3.6,0.0
2026,10,10,23,33,23:33,50.9,0.9,2.0,3.3,0.0
2026,10,10,23,34,23:34,30.7,0.9,2.2,3.6,0.0
2026,10,10,23,36,23:36,39.1,1.5,3.2,7.0,0.0
2026,10,10,23,38,23:38,36.6,0.6,1.5,2.9,0.0
2026,10,10,23,41,23:41,43.6,0.9,2.1,4.7,0.0
2026,10,10,23,43,23:43,42.4,0.6,1.7,2.9,0.0
2026,10,10,23,44,23:44,33.7,0.9,1.7,3.6,0.0
2026,10,10,23,46,23:46,31.9,0.7,2.5,4.6,0.0
2026,10,10,23,48,23:48,44.8,0.8,2.3,4.1,0.0
2026,10,10,23,49,23:49,36.1,1.4,2.6,4.7,0.0
2026,10,10,23,52,23:51,37.4,0.9,2.3,4.4,0.0
2026,10,10,23,53,23:53,40.0,0.6,1.4,2.4,0.0
2026,10,10,23,54,23:54,41.7,1.5,2.5,4.9,0.0
2026,10,10,23,56,23:56,32.0,0.8,1.5,2.5,0.0
2026,10,10,23,58,23:58,46.6,0.6,1.4,2.7,0.0
2026,10,10,23,59,23:59,43.8,0.5,1.2,1.9,0.0
