# Helsinki Laru (dlarah.org Lauttasaari) 2026-09-06 Suomen aikaa — lähteen Laru_2026-249.txt sellaisenaan
# vuosi kk pv kirjoitus-h kirjoitus-min hh:mm suunta min ka max lämpötila (asemalla ei mittaria)
2026,9,6,0,2,00:01,332.6,2.4,3.3,4.2,0.0
2026,9,6,0,3,00:03,323.9,2.3,3.0,3.6,0.0
2026,9,6,0,4,00:04,329.9,2.2,3.0,4.0,0.0
2026,9,6,0,6,00:06,334.5,1.4,2.6,3.7,0.0
2026,9,6,0,8,00:08,334.5,1.4,2.5,3.3,0.0
2026,9,6,0,9,00:09,325.3,1.7,2.3,2.8,0.0
2026,9,6,0,11,00:11,333.7,2.0,3.2,4.3,0.0
2026,9,6,0,13,00:13,341.8,1.1,2.2,3.8,0.0
2026,9,6,0,14,00:14,340.4,1.7,2.0,2.3,0.0
2026,9,6,0,16,00:16,324.9,1.1,1.6,1.9,0.0
2026,9,6,0,18,00:18,323.9,2.3,3.5,5.2,0.0
2026,9,6,0,19,00:19,314.6,1.2,1.8,3.1,0.0
2026,9,6,0,22,00:21,337.9,1.9,2.6,3.3,0.0
2026,9,6,0,23,00:23,315.7,1.1,1.8,2.5,0.0
2026,9,6,0,24,00:24,330.6,1.7,2.2,2.9,0.0
2026,9,6,0,26,00:26,313.1,1.3,1.9,2.7,0.0
2026,9,6,0,28,00:28,318.5,1.4,2.4,3.1,0.0
2026,9,6,0,31,00:31,343.4,1.7,2.6,3.4,0.0
2026,9,6,0,33,00:33,335.5,1.9,2.7,4.0,0.0
2026,9,6,0,34,00:34,322.8,2.6,3.6,5.0,0.0
2026,9,6,0,36,00:36,338.0,2.5,3.2,4.3,0.0
2026,9,6,0,38,00:38,337.4,2.0,2.9,4.1,0.0
2026,9,6,0,39,00:39,325.7,2.0,2.4,2.9,0.0
2026,9,6,0,41,00:41,334.0,2.4,2.9,3.7,0.0
2026,9,6,0,43,00:43,323.3,2.2,3.0,4.1,0.0
2026,9,6,0,44,00:44,327.4,2.1,2.8,3.9,0.0
2026,9,6,0,46,00:46,325.7,2.5,3.0,3.5,0.0
2026,9,6,0,48,00:48,331.5,2.4,3.1,3.8,0.0
2026,9,6,0,49,00:49,329.5,2.7,3.3,4.3,0.0
2026,9,6,0,51,00:51,333.3,3.2,3.8,5.7,0.0
2026,9,6,0,53,00:53,337.3,2.8,3.8,5.2,0.0
2026,9,6,0,54,00:54,341.7,1.3,2.9,4.6,0.0
2026,9,6,0,56,00:56,345.8,2.6,3.4,5.0,0.0
2026,9,6,0,58,00:58,339.2,1.8,3.4,5.7,0.0
2026,9,6,0,59,00:59,335.5,2.1,3.0,4.0,0.0
2026,9,6,1,1,01:01,337.1,3.0,4.0,5.4,0.0
2026,9,6,1,3,01:03,336.6,3.2,3.9,4.9,0.0
2026,9,6,1,4,01:04,330.3,2.5,3.5,4.5,0.0
2026,9,6,1,7,01:06,324.9,2.3,3.0,3.9,0.0
2026,9,6,1,8,01:08,344.4,3.5,4.3,6.5,0.0
2026,9,6,1,9,01:09,332.8,3.0,4.0,5.6,0.0
2026,9,6,1,11,01:11,334.6,2.4,3.8,5.1,0.0
2026,9,6,1,13,01:13,333.3,2.8,4.1,6.0,0.0
2026,9,6,1,14,01:14,329.1,2.5,3.5,5.1,0.0
2026,9,6,1,16,01:16,332.4,2.3,3.8,5.2,0.0
2026,9,6,1,18,01:18,319.9,3.1,4.1,5.4,0.0
2026,9,6,1,19,01:19,319.7,2.6,3.5,4.4,0.0
2026,9,6,1,21,01:21,324.2,1.9,2.9,3.8,0.0
2026,9,6,1,23,01:23,339.1,2.4,3.6,4.6,0.0
2026,9,6,1,24,01:24,315.6,1.9,2.9,5.0,0.0
2026,9,6,1,27,01:26,315.4,2.5,3.5,5.2,0.0
2026,9,6,1,28,01:28,316.1,3.2,3.7,4.5,0.0
2026,9,6,1,29,01:29,319.1,2.1,3.2,4.3,0.0
2026,9,6,1,31,01:31,316.1,2.3,3.2,4.2,0.0
2026,9,6,1,33,01:33,318.3,2.7,3.7,5.2,0.0
2026,9,6,1,34,01:34,323.1,3.0,4.0,5.3,0.0
2026,9,6,1,36,01:36,324.1,2.5,3.0,3.6,0.0
2026,9,6,1,38,01:38,328.2,2.6,4.0,5.4,0.0
2026,9,6,1,39,01:39,323.1,2.9,4.1,6.3,0.0
2026,9,6,1,41,01:41,320.1,3.0,3.8,4.7,0.0
2026,9,6,1,43,01:43,310.5,2.4,3.3,4.1,0.0
2026,9,6,1,44,01:44,318.9,2.5,3.8,4.8,0.0
2026,9,6,1,47,01:46,315.5,2.0,3.2,4.1,0.0
2026,9,6,1,48,01:48,320.8,2.2,3.1,4.1,0.0
2026,9,6,1,49,01:49,311.1,2.5,3.2,3.7,0.0
2026,9,6,1,51,01:51,323.8,2.0,3.2,4.2,0.0
2026,9,6,1,53,01:53,324.9,3.1,4.1,5.1,0.0
2026,9,6,1,54,01:54,328.9,2.3,3.4,4.3,0.0
2026,9,6,1,56,01:56,322.7,2.4,3.0,4.5,0.0
2026,9,6,1,58,01:58,334.3,2.6,3.6,4.9,0.0
2026,9,6,1,59,01:59,320.9,2.0,2.8,4.3,0.0
2026,9,6,2,2,02:01,338.7,2.4,3.8,5.3,0.0
2026,9,6,2,3,02:03,332.0,1.9,2.9,3.9,0.0
2026,9,6,2,4,02:04,327.9,1.8,2.8,3.8,0.0
2026,9,6,2,6,02:06,330.9,1.7,2.8,4.7,0.0
2026,9,6,2,8,02:08,332.2,2.3,3.4,4.3,0.0
2026,9,6,2,9,02:09,341.8,3.1,3.9,5.3,0.0
2026,9,6,2,11,02:11,333.2,2.3,3.4,4.5,0.0
2026,9,6,2,13,02:13,330.2,2.0,3.2,4.7,0.0
2026,9,6,2,14,02:14,330.2,2.3,3.3,5.1,0.0
2026,9,6,2,16,02:16,333.8,2.0,3.1,4.3,0.0
2026,9,6,2,18,02:18,331.2,1.7,2.6,3.5,0.0
2026,9,6,2,19,02:19,332.4,2.4,4.1,6.2,0.0
2026,9,6,2,21,02:21,322.5,2.0,3.0,4.1,0.0
2026,9,6,2,23,02:23,331.6,2.5,3.4,4.4,0.0
2026,9,6,2,24,02:24,314.5,2.4,3.2,4.5,0.0
2026,9,6,2,26,02:26,305.8,2.3,3.4,4.8,0.0
2026,9,6,2,28,02:28,319.3,3.3,4.0,5.8,0.0
2026,9,6,2,29,02:29,313.4,2.3,3.0,3.5,0.0
2026,9,6,2,32,02:31,315.1,2.0,3.0,3.9,0.0
2026,9,6,2,33,02:33,322.6,3.1,3.9,5.2,0.0
2026,9,6,2,34,02:34,312.9,2.2,3.2,4.1,0.0
2026,9,6,2,36,02:36,330.7,2.4,3.7,6.0,0.0
2026,9,6,2,38,02:38,332.2,3.1,4.1,5.3,0.0
2026,9,6,2,39,02:39,317.7,2.0,3.6,5.6,0.0
2026,9,6,2,41,02:41,331.8,2.0,2.8,4.7,0.0
2026,9,6,2,43,02:43,330.6,2.6,3.7,4.8,0.0
2026,9,6,2,44,02:44,324.7,2.5,3.4,5.1,0.0
2026,9,6,2,47,02:46,325.5,2.8,3.7,4.9,0.0
2026,9,6,2,48,02:48,321.8,2.6,3.3,4.9,0.0
2026,9,6,2,49,02:49,317.8,3.0,3.9,5.4,0.0
2026,9,6,2,51,02:51,328.6,2.6,3.4,5.0,0.0
2026,9,6,2,53,02:53,330.4,2.5,3.3,4.0,0.0
2026,9,6,2,54,02:54,315.7,2.0,2.7,3.7,0.0
2026,9,6,2,56,02:56,316.4,2.6,3.9,5.0,0.0
2026,9,6,2,58,02:58,312.5,2.6,3.9,5.5,0.0
2026,9,6,2,59,02:59,311.9,2.1,3.0,4.2,0.0
2026,9,6,3,2,03:01,331.3,2.9,4.1,5.4,0.0
2026,9,6,3,3,03:03,314.5,3.0,3.9,4.9,0.0
2026,9,6,3,4,03:04,315.7,2.2,3.4,5.0,0.0
2026,9,6,3,6,03:06,320.8,2.7,3.8,4.9,0.0
2026,9,6,3,8,03:08,315.6,3.0,3.9,5.4,0.0
2026,9,6,3,9,03:09,307.1,2.7,3.5,4.4,0.0
2026,9,6,3,11,03:11,317.7,3.0,4.3,6.2,0.0
2026,9,6,3,13,03:13,330.3,3.1,4.1,5.5,0.0
2026,9,6,3,14,03:14,319.3,3.5,4.4,5.5,0.0
2026,9,6,3,16,03:16,312.7,2.8,3.5,4.5,0.0
2026,9,6,3,18,03:18,312.4,3.5,4.7,6.4,0.0
2026,9,6,3,19,03:19,325.2,3.4,4.0,5.1,0.0
2026,9,6,3,21,03:21,328.3,2.7,3.8,5.3,0.0
2026,9,6,3,23,03:23,319.3,2.6,3.9,5.6,0.0
2026,9,6,3,24,03:24,318.3,2.7,4.3,6.3,0.0
2026,9,6,3,26,03:26,322.5,3.0,3.6,4.7,0.0
2026,9,6,3,28,03:28,319.6,3.5,4.3,5.4,0.0
2026,9,6,3,29,03:29,335.8,2.9,3.9,5.1,0.0
2026,9,6,3,32,03:31,326.0,3.5,4.2,5.0,0.0
2026,9,6,3,33,03:33,324.9,2.6,3.5,4.3,0.0
2026,9,6,3,34,03:34,315.8,3.1,3.9,5.1,0.0
2026,9,6,3,36,03:36,315.2,3.5,4.7,6.5,0.0
2026,9,6,3,38,03:38,329.2,3.0,3.9,5.2,0.0
2026,9,6,3,39,03:39,322.7,3.2,4.6,6.8,0.0
2026,9,6,3,42,03:41,319.0,2.1,2.9,4.4,0.0
2026,9,6,3,43,03:43,322.6,2.7,3.5,4.3,0.0
2026,9,6,3,44,03:44,317.1,2.6,3.9,5.3,0.0
2026,9,6,3,47,03:46,324.0,2.4,3.1,4.4,0.0
2026,9,6,3,48,03:48,320.7,2.8,3.9,5.3,0.0
2026,9,6,3,49,03:49,316.7,2.8,3.6,4.8,0.0
2026,9,6,3,52,03:51,318.0,2.7,3.8,6.0,0.0
2026,9,6,3,53,03:53,323.1,2.9,3.9,5.3,0.0
2026,9,6,3,54,03:54,328.9,2.7,4.0,5.6,0.0
2026,9,6,3,57,03:56,309.8,2.6,3.5,4.7,0.0
2026,9,6,3,58,03:58,337.1,2.2,3.0,4.0,0.0
2026,9,6,3,59,03:59,312.5,2.3,3.7,6.3,0.0
2026,9,6,4,2,04:01,325.1,3.2,4.7,6.3,0.0
2026,9,6,4,3,04:03,332.7,3.3,4.6,6.5,0.0
2026,9,6,4,4,04:04,321.0,2.5,3.6,5.2,0.0
2026,9,6,4,6,04:06,317.0,2.4,3.6,5.6,0.0
2026,9,6,4,8,04:08,319.0,2.7,3.9,5.2,0.0
2026,9,6,4,9,04:09,327.0,3.0,4.5,7.0,0.0
2026,9,6,4,11,04:11,322.9,2.0,3.1,4.3,0.0
2026,9,6,4,13,04:13,313.4,1.5,3.3,5.1,0.0
2026,9,6,4,14,04:14,322.2,2.9,3.9,5.4,0.0
2026,9,6,4,16,04:16,296.9,2.7,3.6,4.4,0.0
2026,9,6,4,18,04:18,310.8,2.2,2.9,4.0,0.0
2026,9,6,4,19,04:19,320.1,2.5,3.4,5.5,0.0
2026,9,6,4,21,04:21,320.1,3.1,4.3,6.2,0.0
2026,9,6,4,23,04:23,312.0,2.6,3.3,4.4,0.0
2026,9,6,4,24,04:24,328.2,2.5,3.1,3.7,0.0
2026,9,6,4,26,04:26,324.3,2.6,3.7,5.6,0.0
2026,9,6,4,28,04:28,317.2,3.0,4.6,5.9,0.0
2026,9,6,4,29,04:29,324.2,2.6,3.4,5.3,0.0
2026,9,6,4,31,04:31,336.0,2.0,3.4,4.9,0.0
2026,9,6,4,33,04:33,319.1,1.9,3.2,4.2,0.0
2026,9,6,4,34,04:34,317.6,2.4,3.0,4.3,0.0
2026,9,6,4,36,04:36,324.0,3.0,4.2,6.4,0.0
2026,9,6,4,38,04:38,319.7,2.4,3.4,4.6,0.0
2026,9,6,4,39,04:39,327.2,2.2,2.8,3.3,0.0
2026,9,6,4,41,04:41,313.3,2.5,3.6,5.8,0.0
2026,9,6,4,43,04:43,309.7,2.9,4.3,5.9,0.0
2026,9,6,4,44,04:44,311.7,3.2,3.7,4.7,0.0
2026,9,6,4,47,04:46,307.2,2.3,3.3,4.6,0.0
2026,9,6,4,48,04:48,317.1,2.5,3.7,5.7,0.0
2026,9,6,4,49,04:49,338.5,2.5,3.9,5.6,0.0
2026,9,6,4,51,04:51,316.7,3.0,4.1,5.2,0.0
2026,9,6,4,53,04:53,324.1,2.9,3.7,5.4,0.0
2026,9,6,4,54,04:54,312.7,3.0,3.9,5.8,0.0
2026,9,6,4,56,04:56,314.3,2.7,3.7,4.7,0.0
2026,9,6,4,58,04:58,320.8,2.3,2.8,3.4,0.0
2026,9,6,4,59,04:59,312.1,2.3,3.6,5.3,0.0
2026,9,6,5,1,05:01,327.5,2.7,3.5,4.8,0.0
2026,9,6,5,3,05:03,329.7,2.9,4.3,5.1,0.0
2026,9,6,5,4,05:04,321.7,2.3,3.9,6.1,0.0
2026,9,6,5,6,05:06,301.9,2.8,3.9,5.1,0.0
2026,9,6,5,8,05:08,317.1,3.4,4.3,5.6,0.0
2026,9,6,5,9,05:09,315.0,3.1,4.1,5.4,0.0
2026,9,6,5,11,05:11,307.1,2.4,3.6,5.1,0.0
2026,9,6,5,13,05:13,329.1,2.6,4.1,6.0,0.0
2026,9,6,5,14,05:14,302.0,2.8,4.0,5.8,0.0
2026,9,6,5,16,05:16,308.9,2.3,4.0,5.8,0.0
2026,9,6,5,18,05:18,321.0,2.1,3.2,4.8,0.0
2026,9,6,5,19,05:19,312.9,2.6,3.3,4.3,0.0
2026,9,6,5,21,05:21,306.8,2.8,4.3,6.2,0.0
2026,9,6,5,23,05:23,305.4,3.1,4.6,6.3,0.0
2026,9,6,5,24,05:24,318.0,3.1,4.3,5.6,0.0
2026,9,6,5,27,05:26,323.0,2.1,3.6,5.1,0.0
2026,9,6,5,28,05:28,310.8,2.7,3.4,4.3,0.0
2026,9,6,5,29,05:29,325.0,3.0,3.9,5.2,0.0
2026,9,6,5,31,05:31,306.4,3.3,4.1,5.3,0.0
2026,9,6,5,33,05:33,327.9,3.5,4.3,5.2,0.0
2026,9,6,5,34,05:34,318.2,2.9,4.7,6.5,0.0
2026,9,6,5,36,05:36,308.8,3.0,4.8,6.8,0.0
2026,9,6,5,38,05:38,319.8,2.4,3.8,4.6,0.0
2026,9,6,5,39,05:39,307.5,3.4,4.7,5.9,0.0
2026,9,6,5,41,05:41,331.7,3.5,4.8,6.1,0.0
2026,9,6,5,43,05:43,323.5,2.8,3.6,5.1,0.0
2026,9,6,5,44,05:44,333.2,2.6,3.7,5.4,0.0
2026,9,6,5,46,05:46,306.6,3.4,3.9,4.8,0.0
2026,9,6,5,48,05:48,326.5,2.5,3.4,5.1,0.0
2026,9,6,5,49,05:49,318.7,2.5,3.5,5.7,0.0
2026,9,6,5,51,05:51,305.4,2.7,3.7,5.2,0.0
2026,9,6,5,53,05:53,311.9,2.6,4.2,5.6,0.0
2026,9,6,5,54,05:54,306.4,3.3,4.6,5.9,0.0
2026,9,6,5,57,05:56,316.9,3.1,4.1,5.0,0.0
2026,9,6,5,58,05:58,312.8,3.5,4.5,5.7,0.0
2026,9,6,5,59,05:59,312.2,3.7,4.9,6.6,0.0
2026,9,6,6,1,06:01,310.3,3.6,4.5,5.6,0.0
2026,9,6,6,3,06:03,309.0,2.7,4.4,6.0,0.0
2026,9,6,6,4,06:04,314.6,2.5,4.3,6.7,0.0
2026,9,6,6,6,06:06,320.6,2.4,3.9,5.1,0.0
2026,9,6,6,8,06:08,308.0,3.9,5.3,7.1,0.0
2026,9,6,6,9,06:09,310.4,3.3,4.0,5.6,0.0
2026,9,6,6,12,06:11,302.9,3.6,4.7,5.9,0.0
2026,9,6,6,13,06:13,333.3,3.6,4.9,6.1,0.0
2026,9,6,6,14,06:14,307.0,2.8,3.7,4.7,0.0
2026,9,6,6,17,06:16,306.9,3.2,4.6,6.1,0.0
2026,9,6,6,18,06:18,315.5,3.2,4.3,6.0,0.0
2026,9,6,6,19,06:19,325.5,2.6,3.6,5.3,0.0
2026,9,6,6,21,06:21,310.9,2.1,2.9,3.7,0.0
2026,9,6,6,23,06:23,299.7,3.2,4.0,4.8,0.0
2026,9,6,6,24,06:24,312.9,2.9,4.3,6.8,0.0
2026,9,6,6,26,06:26,324.3,3.2,4.8,6.4,0.0
2026,9,6,6,28,06:28,328.2,3.4,5.2,7.0,0.0
2026,9,6,6,29,06:29,301.0,2.6,3.8,5.4,0.0
2026,9,6,6,32,06:31,326.8,2.3,3.5,6.5,0.0
2026,9,6,6,33,06:33,327.7,3.3,4.9,6.1,0.0
2026,9,6,6,34,06:34,314.3,2.8,4.1,5.1,0.0
2026,9,6,6,36,06:36,309.2,2.6,3.4,4.6,0.0
2026,9,6,6,38,06:38,320.1,1.8,3.0,4.5,0.0
2026,9,6,6,39,06:39,315.4,2.4,4.0,6.2,0.0
2026,9,6,6,42,06:41,313.9,3.3,4.7,7.1,0.0
2026,9,6,6,43,06:43,338.5,2.3,3.5,5.3,0.0
2026,9,6,6,44,06:44,329.3,2.8,4.3,5.9,0.0
2026,9,6,6,46,06:46,334.3,3.4,5.4,8.4,0.0
2026,9,6,6,48,06:48,316.2,2.9,3.8,5.0,0.0
2026,9,6,6,49,06:49,310.5,3.3,4.3,6.2,0.0
2026,9,6,6,52,06:51,325.2,2.7,4.0,5.4,0.0
2026,9,6,6,53,06:53,317.5,2.8,3.8,5.1,0.0
2026,9,6,6,54,06:54,311.3,3.4,5.0,7.0,0.0
2026,9,6,6,57,06:56,327.0,2.4,3.1,4.3,0.0
2026,9,6,6,58,06:58,318.1,2.8,4.3,5.5,0.0
2026,9,6,6,59,06:59,337.0,2.2,4.4,6.5,0.0
2026,9,6,7,2,07:01,331.3,2.8,3.7,5.0,0.0
2026,9,6,7,3,07:03,320.1,2.9,3.9,4.9,0.0
2026,9,6,7,4,07:04,317.4,3.3,4.1,5.1,0.0
2026,9,6,7,6,07:06,323.9,1.8,3.1,4.3,0.0
2026,9,6,7,8,07:08,333.7,2.2,4.0,5.9,0.0
2026,9,6,7,9,07:09,309.0,2.6,4.1,5.7,0.0
2026,9,6,7,11,07:11,303.8,2.6,3.5,5.0,0.0
2026,9,6,7,13,07:13,343.5,2.4,3.3,4.6,0.0
2026,9,6,7,14,07:14,331.2,2.1,2.9,4.3,0.0
2026,9,6,7,17,07:16,345.1,3.4,5.2,7.3,0.0
2026,9,6,7,18,07:18,346.4,3.8,5.0,6.4,0.0
2026,9,6,7,19,07:19,332.6,2.8,4.1,6.3,0.0
2026,9,6,7,22,07:21,338.9,3.0,4.4,5.7,0.0
2026,9,6,7,23,07:23,336.2,2.7,3.7,5.1,0.0
2026,9,6,7,24,07:24,307.2,3.3,4.3,6.3,0.0
2026,9,6,7,26,07:26,329.2,2.0,3.9,6.3,0.0
2026,9,6,7,28,07:28,334.5,2.7,3.3,4.0,0.0
2026,9,6,7,29,07:29,332.2,3.2,4.0,4.9,0.0
2026,9,6,7,31,07:31,326.3,3.2,3.9,4.8,0.0
2026,9,6,7,33,07:33,339.8,2.7,5.0,6.3,0.0
2026,9,6,7,34,07:34,336.8,4.5,6.1,8.0,0.0
2026,9,6,7,36,07:36,330.1,2.6,4.5,5.9,0.0
2026,9,6,7,38,07:38,330.3,2.0,4.0,5.9,0.0
2026,9,6,7,39,07:39,323.0,3.4,5.6,8.1,0.0
2026,9,6,7,41,07:41,333.4,2.8,3.8,5.2,0.0
2026,9,6,7,43,07:43,303.9,2.3,3.3,5.6,0.0
2026,9,6,7,44,07:44,322.1,2.5,3.9,5.3,0.0
2026,9,6,7,47,07:46,331.4,2.8,4.2,6.9,0.0
2026,9,6,7,48,07:48,327.8,2.1,4.9,8.2,0.0
2026,9,6,7,49,07:49,345.2,3.6,5.6,7.4,0.0
2026,9,6,7,52,07:51,327.7,3.4,5.0,6.9,0.0
2026,9,6,7,53,07:53,332.2,3.1,4.5,6.3,0.0
2026,9,6,7,54,07:54,329.9,3.3,4.6,6.5,0.0
2026,9,6,7,56,07:56,330.7,3.2,5.3,8.8,0.0
2026,9,6,7,58,07:58,335.5,3.1,4.2,5.9,0.0
2026,9,6,7,59,07:59,329.0,2.1,3.5,4.6,0.0
2026,9,6,8,1,08:01,326.6,3.1,5.0,8.0,0.0
2026,9,6,8,3,08:03,333.8,1.8,5.0,8.9,0.0
2026,9,6,8,4,08:04,335.4,2.6,6.0,9.5,0.0
2026,9,6,8,6,08:06,321.6,4.1,4.9,5.8,0.0
2026,9,6,8,8,08:08,336.5,3.3,4.5,5.9,0.0
2026,9,6,8,9,08:09,316.6,2.8,3.6,4.4,0.0
2026,9,6,8,11,08:11,320.8,2.4,3.3,4.7,0.0
2026,9,6,8,13,08:13,337.6,2.3,3.9,5.7,0.0
2026,9,6,8,14,08:14,328.2,2.7,4.0,5.5,0.0
2026,9,6,8,16,08:16,329.0,3.4,4.6,5.7,0.0
2026,9,6,8,18,08:18,313.6,3.4,4.9,7.5,0.0
2026,9,6,8,19,08:19,322.6,3.1,4.4,5.5,0.0
2026,9,6,8,21,08:21,325.4,3.1,4.5,6.0,0.0
2026,9,6,8,23,08:23,323.9,2.4,4.3,6.5,0.0
2026,9,6,8,24,08:24,347.7,2.0,4.2,6.0,0.0
2026,9,6,8,27,08:26,339.8,3.1,4.7,6.8,0.0
2026,9,6,8,28,08:28,332.6,3.1,4.6,7.1,0.0
2026,9,6,8,29,08:29,332.9,3.3,4.5,6.0,0.0
2026,9,6,8,31,08:31,331.3,2.2,3.1,4.7,0.0
2026,9,6,8,33,08:33,347.1,3.2,5.4,7.3,0.0
2026,9,6,8,34,08:34,344.5,1.7,4.4,6.8,0.0
2026,9,6,8,37,08:36,344.9,1.4,2.8,4.2,0.0
2026,9,6,8,38,08:38,313.3,2.5,3.8,5.2,0.0
2026,9,6,8,39,08:39,334.0,1.8,3.6,5.4,0.0
2026,9,6,8,41,08:41,345.9,1.7,4.2,6.0,0.0
2026,9,6,8,43,08:43,338.6,2.3,3.2,3.9,0.0
2026,9,6,8,44,08:44,330.9,1.7,3.1,4.5,0.0
2026,9,6,8,46,08:46,338.2,1.6,2.9,3.7,0.0
2026,9,6,8,48,08:48,338.5,1.9,3.2,4.6,0.0
2026,9,6,8,49,08:49,334.5,2.4,3.7,4.8,0.0
2026,9,6,8,51,08:51,333.0,2.7,4.1,6.2,0.0
2026,9,6,8,53,08:53,330.8,2.6,3.5,4.9,0.0
2026,9,6,8,54,08:54,322.3,2.1,3.9,5.1,0.0
2026,9,6,8,56,08:56,346.0,3.9,6.8,8.4,0.0
2026,9,6,8,58,08:58,334.7,3.1,4.1,5.4,0.0
2026,9,6,8,59,08:59,335.7,2.7,3.7,5.2,0.0
2026,9,6,9,1,09:01,328.1,2.1,2.5,3.0,0.0
2026,9,6,9,3,09:03,340.5,2.3,2.8,4.0,0.0
2026,9,6,9,4,09:04,343.6,1.8,3.7,6.2,0.0
2026,9,6,9,6,09:06,347.8,1.8,3.7,6.0,0.0
2026,9,6,9,8,09:08,317.7,2.8,4.2,5.5,0.0
2026,9,6,9,9,09:09,319.9,2.8,3.9,5.5,0.0
2026,9,6,9,11,09:11,317.4,2.3,3.6,5.7,0.0
2026,9,6,9,13,09:13,339.1,3.0,5.0,8.3,0.0
2026,9,6,9,14,09:14,348.0,3.2,4.9,6.4,0.0
2026,9,6,9,16,09:16,311.7,2.8,5.3,7.8,0.0
2026,9,6,9,18,09:18,318.8,3.0,4.3,6.4,0.0
2026,9,6,9,19,09:19,323.6,3.0,3.8,4.7,0.0
2026,9,6,9,21,09:21,332.3,2.3,4.0,5.8,0.0
2026,9,6,9,23,09:23,322.5,3.2,5.5,7.5,0.0
2026,9,6,9,24,09:24,304.7,3.3,4.6,5.8,0.0
2026,9,6,9,27,09:26,330.6,2.7,4.8,7.5,0.0
2026,9,6,9,28,09:28,317.0,2.6,4.8,7.2,0.0
2026,9,6,9,29,09:29,315.9,3.0,4.9,6.4,0.0
2026,9,6,9,31,09:31,321.1,3.1,4.2,5.3,0.0
2026,9,6,9,33,09:33,327.5,3.1,3.8,4.6,0.0
2026,9,6,9,34,09:34,346.6,1.6,3.6,5.6,0.0
2026,9,6,9,36,09:36,344.7,3.7,4.7,5.8,0.0
2026,9,6,9,38,09:38,329.7,4.0,5.3,7.3,0.0
2026,9,6,9,39,09:39,343.6,3.2,4.6,5.9,0.0
2026,9,6,9,41,09:41,308.9,3.1,4.5,6.2,0.0
2026,9,6,9,43,09:43,323.9,3.6,5.3,7.2,0.0
2026,9,6,9,44,09:44,315.5,2.6,3.8,5.3,0.0
2026,9,6,9,47,09:46,315.8,2.8,3.4,4.8,0.0
2026,9,6,9,48,09:48,314.3,3.6,5.4,8.5,0.0
2026,9,6,9,49,09:49,306.6,5.0,6.6,8.8,0.0
2026,9,6,9,52,09:51,319.8,4.3,5.5,7.0,0.0
2026,9,6,9,53,09:53,318.4,3.5,5.0,6.8,0.0
2026,9,6,9,54,09:54,311.8,4.5,6.2,9.3,0.0
2026,9,6,9,57,09:56,320.5,3.4,5.3,7.8,0.0
2026,9,6,9,58,09:58,328.3,3.7,5.1,7.6,0.0
2026,9,6,9,59,09:59,324.5,4.4,6.8,9.8,0.0
2026,9,6,10,1,10:01,326.9,3.7,5.3,7.2,0.0
2026,9,6,10,3,10:03,316.9,3.9,5.8,7.7,0.0
2026,9,6,10,4,10:04,325.4,3.4,5.5,7.6,0.0
2026,9,6,10,6,10:06,318.7,3.4,4.6,6.6,0.0
2026,9,6,10,8,10:08,324.1,3.6,4.7,6.3,0.0
2026,9,6,10,9,10:09,341.2,4.1,6.4,10.0,0.0
2026,9,6,10,11,10:11,330.8,3.8,6.0,9.5,0.0
2026,9,6,10,13,10:13,325.9,3.8,5.1,6.5,0.0
2026,9,6,10,14,10:14,353.1,3.0,5.9,8.5,0.0
2026,9,6,10,16,10:16,339.0,4.0,5.9,8.1,0.0
2026,9,6,10,18,10:18,337.8,3.6,5.2,6.9,0.0
2026,9,6,10,19,10:19,338.3,3.1,5.1,7.4,0.0
2026,9,6,10,21,10:21,332.5,5.3,6.6,8.2,0.0
2026,9,6,10,23,10:23,335.4,3.2,4.7,5.8,0.0
2026,9,6,10,24,10:24,307.1,3.0,3.5,4.9,0.0
2026,9,6,10,26,10:26,299.1,3.8,5.0,6.8,0.0
2026,9,6,10,28,10:28,316.3,3.7,5.7,8.3,0.0
2026,9,6,10,29,10:29,302.9,3.5,5.1,7.1,0.0
2026,9,6,10,31,10:31,319.0,3.9,5.4,8.2,0.0
2026,9,6,10,33,10:33,297.7,3.8,5.6,9.1,0.0
2026,9,6,10,34,10:34,317.0,3.3,5.1,7.2,0.0
2026,9,6,10,36,10:36,333.1,3.6,5.7,8.8,0.0
2026,9,6,10,38,10:38,328.3,3.3,5.1,7.7,0.0
2026,9,6,10,39,10:39,320.7,3.3,4.3,5.5,0.0
2026,9,6,10,42,10:41,312.5,3.0,5.1,8.9,0.0
2026,9,6,10,43,10:43,316.5,4.8,6.4,9.5,0.0
2026,9,6,10,44,10:44,328.4,3.7,5.8,7.7,0.0
2026,9,6,10,46,10:46,333.7,4.5,6.3,8.0,0.0
2026,9,6,10,48,10:48,331.3,2.9,4.9,7.0,0.0
2026,9,6,10,49,10:49,334.4,2.7,4.1,5.6,0.0
2026,9,6,10,51,10:51,337.2,2.1,4.5,6.4,0.0
2026,9,6,10,53,10:53,333.0,3.6,6.3,8.6,0.0
2026,9,6,10,54,10:54,323.8,3.8,5.3,6.8,0.0
2026,9,6,10,56,10:56,336.3,2.3,4.6,7.1,0.0
2026,9,6,10,58,10:58,333.8,4.2,6.3,9.2,0.0
2026,9,6,10,59,10:59,320.7,4.2,5.2,6.3,0.0
2026,9,6,11,1,11:01,330.1,3.4,6.3,9.2,0.0
2026,9,6,11,3,11:03,341.4,3.4,5.0,6.8,0.0
2026,9,6,11,4,11:04,334.7,4.0,5.6,8.3,0.0
2026,9,6,11,6,11:06,341.6,4.1,6.6,8.8,0.0
2026,9,6,11,8,11:08,336.8,3.7,5.5,8.4,0.0
2026,9,6,11,9,11:09,319.9,3.5,4.8,6.5,0.0
2026,9,6,11,12,11:11,303.1,2.4,3.4,4.6,0.0
2026,9,6,11,13,11:13,296.8,2.5,3.6,5.7,0.0
2026,9,6,11,14,11:14,301.4,2.6,3.5,4.3,0.0
2026,9,6,11,16,11:16,280.1,2.7,4.0,5.7,0.0
2026,9,6,11,18,11:18,283.5,3.8,5.6,7.3,0.0
2026,9,6,11,19,11:19,279.4,5.2,6.8,9.1,0.0
2026,9,6,11,22,11:21,294.3,4.3,5.6,7.6,0.0
2026,9,6,11,23,11:23,321.1,5.2,6.5,9.0,0.0
2026,9,6,11,24,11:24,315.9,5.2,7.4,10.9,0.0
2026,9,6,11,27,11:26,321.9,3.5,5.8,8.4,0.0
2026,9,6,11,28,11:28,306.3,3.8,5.5,7.6,0.0
2026,9,6,11,29,11:29,304.3,4.1,6.2,8.4,0.0
2026,9,6,11,32,11:31,281.5,4.0,6.0,8.3,0.0
2026,9,6,11,33,11:33,296.8,4.4,5.6,7.1,0.0
2026,9,6,11,34,11:34,303.7,2.7,4.3,7.5,0.0
2026,9,6,11,36,11:36,292.7,4.6,6.1,9.7,0.0
2026,9,6,11,38,11:38,288.8,3.4,4.8,5.9,0.0
2026,9,6,11,39,11:39,300.6,2.5,4.3,6.0,0.0
2026,9,6,11,41,11:41,291.4,3.9,5.0,6.6,0.0
2026,9,6,11,43,11:43,287.2,3.4,4.4,5.4,0.0
2026,9,6,11,44,11:44,298.0,3.7,5.5,9.5,0.0
2026,9,6,11,46,11:46,323.0,3.5,5.0,7.0,0.0
2026,9,6,11,48,11:48,300.9,4.1,5.6,7.1,0.0
2026,9,6,11,49,11:49,311.8,4.5,6.5,8.2,0.0
2026,9,6,11,51,11:51,312.2,4.2,5.3,6.6,0.0
2026,9,6,11,53,11:53,319.9,4.2,5.5,7.3,0.0
2026,9,6,11,54,11:54,320.2,3.0,4.6,6.6,0.0
2026,9,6,11,56,11:56,313.6,2.4,3.3,5.6,0.0
2026,9,6,11,58,11:58,294.2,4.1,6.1,9.2,0.0
2026,9,6,11,59,11:59,292.9,3.5,6.0,8.1,0.0
2026,9,6,12,1,12:01,297.7,3.7,4.6,5.8,0.0
2026,9,6,12,3,12:03,308.1,4.9,6.8,9.7,0.0
2026,9,6,12,4,12:04,298.3,5.5,7.4,9.1,0.0
2026,9,6,12,7,12:06,318.6,4.5,5.9,8.0,0.0
2026,9,6,12,8,12:08,330.8,2.8,5.1,6.9,0.0
2026,9,6,12,9,12:09,312.3,3.8,5.3,7.3,0.0
2026,9,6,12,11,12:11,304.4,2.1,3.4,5.7,0.0
2026,9,6,12,13,12:13,305.5,4.1,6.5,9.8,0.0
2026,9,6,12,14,12:14,310.3,4.3,5.8,9.8,0.0
2026,9,6,12,16,12:16,308.0,2.1,6.2,9.5,0.0
2026,9,6,12,18,12:18,308.0,4.7,6.6,9.3,0.0
2026,9,6,12,19,12:19,330.7,4.7,6.4,9.8,0.0
2026,9,6,12,22,12:21,314.1,5.0,6.9,9.8,0.0
2026,9,6,12,23,12:23,297.6,4.5,5.8,7.4,0.0
2026,9,6,12,24,12:24,317.9,3.6,5.2,6.8,0.0
2026,9,6,12,26,12:26,326.2,3.9,5.7,8.3,0.0
2026,9,6,12,28,12:28,323.6,4.8,6.5,8.7,0.0
2026,9,6,12,29,12:29,325.4,3.7,5.3,7.7,0.0
2026,9,6,12,32,12:31,307.3,2.8,4.4,6.6,0.0
2026,9,6,12,33,12:33,323.9,3.3,5.2,9.1,0.0
2026,9,6,12,34,12:34,325.0,3.8,5.7,9.1,0.0
2026,9,6,12,37,12:36,304.9,3.7,5.9,8.8,0.0
2026,9,6,12,38,12:38,323.7,4.1,6.4,9.9,0.0
2026,9,6,12,39,12:39,333.3,3.5,5.5,7.2,0.0
2026,9,6,12,42,12:41,325.7,4.3,5.7,7.3,0.0
2026,9,6,12,43,12:43,318.1,3.5,5.1,7.8,0.0
2026,9,6,12,44,12:44,310.7,3.1,4.6,7.8,0.0
2026,9,6,12,46,12:46,313.8,2.8,4.8,6.8,0.0
2026,9,6,12,48,12:48,295.7,2.6,3.7,4.5,0.0
2026,9,6,12,49,12:49,319.1,2.6,4.2,5.4,0.0
2026,9,6,12,52,12:51,290.3,2.2,3.5,4.9,0.0
2026,9,6,12,53,12:53,297.0,3.5,4.3,5.8,0.0
2026,9,6,12,54,12:54,327.3,2.2,4.9,6.3,0.0
2026,9,6,12,56,12:56,316.1,3.9,5.4,7.0,0.0
2026,9,6,12,58,12:58,292.0,3.7,5.1,6.7,0.0
2026,9,6,12,59,12:59,290.5,2.6,4.1,5.7,0.0
2026,9,6,13,1,13:01,317.4,3.4,4.8,6.6,0.0
2026,9,6,13,3,13:03,294.9,2.6,4.4,6.1,0.0
2026,9,6,13,4,13:04,288.9,3.8,4.8,6.0,0.0
2026,9,6,13,6,13:06,284.6,2.5,3.2,4.3,0.0
2026,9,6,13,8,13:08,327.7,3.4,4.8,7.2,0.0
2026,9,6,13,9,13:09,327.9,2.8,4.9,7.5,0.0
2026,9,6,13,12,13:11,318.7,4.1,6.4,8.4,0.0
2026,9,6,13,13,13:13,305.0,4.2,5.0,6.2,0.0
2026,9,6,13,14,13:14,296.5,4.2,5.6,7.1,0.0
2026,9,6,13,16,13:16,316.4,3.8,4.9,6.1,0.0
2026,9,6,13,18,13:18,297.5,3.1,4.7,8.7,0.0
2026,9,6,13,19,13:19,290.9,4.1,5.1,6.6,0.0
2026,9,6,13,21,13:21,332.2,2.9,4.8,6.9,0.0
2026,9,6,13,23,13:23,326.5,2.5,4.3,6.3,0.0
2026,9,6,13,24,13:24,323.2,3.1,4.0,5.0,0.0
2026,9,6,13,27,13:26,293.0,2.5,4.1,6.7,0.0
2026,9,6,13,28,13:28,295.7,4.4,5.9,7.8,0.0
2026,9,6,13,29,13:29,307.6,4.2,6.3,8.4,0.0
2026,9,6,13,31,13:31,301.5,3.2,4.7,7.3,0.0
2026,9,6,13,33,13:33,287.7,3.9,4.7,6.0,0.0
2026,9,6,13,34,13:34,297.7,4.0,5.1,6.7,0.0
2026,9,6,13,37,13:36,297.0,3.3,5.0,6.5,0.0
2026,9,6,13,38,13:38,303.3,2.4,4.5,6.3,0.0
2026,9,6,13,39,13:39,293.2,3.6,5.2,8.2,0.0
2026,9,6,13,41,13:41,276.0,2.2,5.0,8.0,0.0
2026,9,6,13,43,13:43,297.7,3.3,4.2,5.7,0.0
2026,9,6,13,44,13:44,301.5,3.2,4.9,6.9,0.0
2026,9,6,13,46,13:46,289.5,3.8,5.1,6.7,0.0
2026,9,6,13,48,13:48,324.1,4.4,5.7,7.7,0.0
2026,9,6,13,49,13:49,312.5,3.7,5.0,6.7,0.0
2026,9,6,13,52,13:51,290.0,3.4,5.3,7.4,0.0
2026,9,6,13,53,13:53,273.7,4.5,5.9,6.8,0.0
2026,9,6,13,54,13:54,279.9,4.5,5.6,6.6,0.0
2026,9,6,13,57,13:56,291.7,3.4,5.3,7.6,0.0
2026,9,6,13,58,13:58,286.0,2.9,3.8,5.3,0.0
2026,9,6,13,59,13:59,278.3,2.5,3.5,4.4,0.0
2026,9,6,14,1,14:01,302.5,2.2,3.5,6.3,0.0
2026,9,6,14,3,14:03,322.1,3.4,4.1,5.5,0.0
2026,9,6,14,4,14:04,318.4,3.0,4.4,6.5,0.0
2026,9,6,14,6,14:06,317.8,3.9,5.8,6.9,0.0
2026,9,6,14,8,14:08,299.3,2.9,4.0,4.8,0.0
2026,9,6,14,9,14:09,297.9,3.6,4.6,6.0,0.0
2026,9,6,14,11,14:11,292.7,2.5,3.3,4.3,0.0
2026,9,6,14,13,14:13,285.3,2.5,3.8,5.1,0.0
2026,9,6,14,14,14:14,295.3,3.1,4.2,5.5,0.0
2026,9,6,14,16,14:16,314.8,2.2,4.3,6.0,0.0
2026,9,6,14,18,14:18,292.3,2.7,3.9,5.7,0.0
2026,9,6,14,19,14:19,316.2,3.9,5.3,7.3,0.0
2026,9,6,14,21,14:21,307.4,4.2,6.4,9.3,0.0
2026,9,6,14,23,14:23,314.5,5.0,6.2,8.1,0.0
2026,9,6,14,24,14:24,323.4,3.6,6.4,9.4,0.0
2026,9,6,14,26,14:26,315.0,2.9,4.7,6.3,0.0
2026,9,6,14,28,14:28,319.7,4.5,5.6,6.8,0.0
2026,9,6,14,29,14:29,304.7,2.8,4.8,8.8,0.0
2026,9,6,14,31,14:31,298.2,3.8,5.2,6.3,0.0
2026,9,6,14,33,14:33,302.5,3.1,4.9,7.1,0.0
2026,9,6,14,34,14:34,296.4,3.5,5.6,8.1,0.0
2026,9,6,14,36,14:36,314.0,3.8,5.4,7.9,0.0
2026,9,6,14,38,14:38,295.3,3.8,5.2,6.6,0.0
2026,9,6,14,39,14:39,294.7,3.5,4.9,6.3,0.0
2026,9,6,14,42,14:41,279.8,2.9,4.1,5.2,0.0
2026,9,6,14,43,14:43,270.4,3.5,5.2,7.8,0.0
2026,9,6,14,44,14:44,267.5,4.5,6.0,8.2,0.0
2026,9,6,14,46,14:46,270.7,2.8,3.7,4.9,0.0
2026,9,6,14,48,14:48,293.8,3.1,3.8,4.7,0.0
2026,9,6,14,49,14:49,302.2,3.2,4.8,7.1,0.0
2026,9,6,14,51,14:51,306.8,3.9,5.4,7.1,0.0
2026,9,6,14,53,14:53,288.3,2.2,3.2,4.7,0.0
2026,9,6,14,54,14:54,285.3,2.8,3.5,5.0,0.0
2026,9,6,14,56,14:56,312.3,3.4,4.9,6.6,0.0
2026,9,6,14,58,14:58,325.0,4.4,6.2,8.1,0.0
2026,9,6,14,59,14:59,293.3,3.6,4.5,6.3,0.0
2026,9,6,15,1,15:01,319.4,4.7,5.9,8.5,0.0
2026,9,6,15,3,15:03,319.6,4.1,5.4,8.6,0.0
2026,9,6,15,4,15:04,324.0,3.6,4.9,6.4,0.0
2026,9,6,15,6,15:06,309.4,1.9,2.9,4.4,0.0
2026,9,6,15,8,15:08,293.0,3.6,5.4,7.4,0.0
2026,9,6,15,9,15:09,288.2,2.4,5.2,7.7,0.0
2026,9,6,15,11,15:11,308.6,4.2,5.9,7.9,0.0
2026,9,6,15,13,15:13,288.4,3.2,5.7,8.3,0.0
2026,9,6,15,14,15:14,270.5,3.5,4.6,6.8,0.0
2026,9,6,15,16,15:16,284.5,2.8,3.9,5.2,0.0
2026,9,6,15,18,15:18,299.4,2.7,4.2,8.7,0.0
2026,9,6,15,19,15:19,289.0,3.9,5.9,9.3,0.0
2026,9,6,15,22,15:21,302.6,3.4,4.7,7.7,0.0
2026,9,6,15,23,15:23,299.7,3.4,4.8,6.8,0.0
2026,9,6,15,24,15:24,322.5,4.2,5.3,6.9,0.0
2026,9,6,15,26,15:26,326.4,3.5,4.9,7.3,0.0
2026,9,6,15,28,15:28,310.0,3.7,4.9,6.2,0.0
2026,9,6,15,29,15:29,325.5,3.7,6.6,9.9,0.0
2026,9,6,15,32,15:31,312.0,4.0,5.2,6.4,0.0
2026,9,6,15,33,15:33,288.7,2.9,4.6,6.2,0.0
2026,9,6,15,34,15:34,310.7,3.2,4.1,5.4,0.0
2026,9,6,15,36,15:36,318.1,2.2,3.3,5.8,0.0
2026,9,6,15,38,15:38,305.7,4.3,6.2,8.9,0.0
2026,9,6,15,39,15:39,279.1,4.4,5.6,7.0,0.0
2026,9,6,15,41,15:41,286.3,2.7,3.8,5.6,0.0
2026,9,6,15,43,15:43,310.2,2.7,5.1,8.5,0.0
2026,9,6,15,44,15:44,347.2,2.8,6.7,9.4,0.0
2026,9,6,15,46,15:46,323.6,3.2,5.6,7.3,0.0
2026,9,6,15,48,15:48,289.4,2.8,3.8,4.9,0.0
2026,9,6,15,49,15:49,281.2,2.4,4.6,8.0,0.0
2026,9,6,15,52,15:51,291.6,4.3,6.1,8.8,0.0
2026,9,6,15,53,15:53,315.3,2.3,4.7,6.5,0.0
2026,9,6,15,54,15:54,330.9,3.6,5.9,8.8,0.0
2026,9,6,15,56,15:56,290.4,2.0,3.4,6.6,0.0
2026,9,6,15,58,15:58,305.1,3.4,5.9,8.1,0.0
2026,9,6,15,59,15:59,316.6,3.8,5.4,6.7,0.0
2026,9,6,16,1,16:01,312.6,4.6,6.0,8.5,0.0
2026,9,6,16,3,16:03,308.8,2.2,5.1,8.8,0.0
2026,9,6,16,4,16:04,323.7,4.1,6.6,9.1,0.0
2026,9,6,16,6,16:06,321.3,3.7,5.9,8.3,0.0
2026,9,6,16,8,16:08,315.8,4.1,5.6,7.4,0.0
2026,9,6,16,9,16:09,331.0,3.6,5.3,6.6,0.0
2026,9,6,16,12,16:11,299.4,4.3,5.3,6.5,0.0
2026,9,6,16,13,16:13,290.4,3.0,4.7,6.0,0.0
2026,9,6,16,14,16:14,297.9,2.6,4.4,6.3,0.0
2026,9,6,16,17,16:16,289.7,2.7,4.5,6.4,0.0
2026,9,6,16,18,16:18,298.6,3.2,4.6,6.9,0.0
2026,9,6,16,19,16:19,285.9,2.0,3.6,5.7,0.0
2026,9,6,16,22,16:21,296.8,2.5,4.3,5.9,0.0
2026,9,6,16,23,16:23,297.1,3.4,4.4,6.0,0.0
2026,9,6,16,24,16:24,268.5,3.9,5.7,8.1,0.0
2026,9,6,16,26,16:26,291.5,3.6,4.9,7.4,0.0
2026,9,6,16,28,16:28,278.8,3.8,5.6,7.8,0.0
2026,9,6,16,29,16:29,287.9,3.7,5.1,6.2,0.0
2026,9,6,16,31,16:31,288.1,2.3,3.9,6.1,0.0
2026,9,6,16,33,16:33,286.0,3.1,4.7,8.4,0.0
2026,9,6,16,34,16:34,291.2,4.9,6.2,7.9,0.0
2026,9,6,16,36,16:36,283.1,4.7,6.3,9.6,0.0
2026,9,6,16,38,16:38,289.5,3.4,7.0,9.9,0.0
2026,9,6,16,39,16:39,294.9,2.7,5.6,8.9,0.0
2026,9,6,16,42,16:41,306.2,3.7,5.6,7.0,0.0
2026,9,6,16,43,16:43,318.7,4.6,6.3,8.8,0.0
2026,9,6,16,44,16:44,304.3,4.3,6.2,8.2,0.0
2026,9,6,16,46,16:46,314.9,5.3,7.9,10.4,0.0
2026,9,6,16,48,16:48,287.4,4.2,5.3,7.2,0.0
2026,9,6,16,49,16:49,311.0,4.1,6.2,8.9,0.0
2026,9,6,16,51,16:51,315.4,5.8,7.2,10.0,0.0
2026,9,6,16,53,16:53,319.5,3.5,5.8,8.1,0.0
2026,9,6,16,54,16:54,322.5,3.5,5.8,8.3,0.0
2026,9,6,16,57,16:56,315.5,3.2,4.3,5.5,0.0
2026,9,6,16,58,16:58,335.8,4.6,6.4,9.5,0.0
2026,9,6,16,59,16:59,313.9,4.2,5.9,8.8,0.0
2026,9,6,17,1,17:01,339.3,3.7,5.7,8.5,0.0
2026,9,6,17,3,17:03,326.2,4.0,5.9,8.1,0.0
2026,9,6,17,4,17:04,331.2,3.8,5.9,8.3,0.0
2026,9,6,17,7,17:06,314.3,3.2,5.5,7.5,0.0
2026,9,6,17,8,17:08,299.2,3.4,4.4,5.7,0.0
2026,9,6,17,9,17:09,307.3,2.8,4.0,4.9,0.0
2026,9,6,17,11,17:11,297.2,2.7,4.0,6.2,0.0
2026,9,6,17,13,17:13,312.0,2.7,4.8,8.1,0.0
2026,9,6,17,14,17:14,290.1,2.6,4.3,6.9,0.0
2026,9,6,17,17,17:16,290.5,3.0,4.7,7.7,0.0
2026,9,6,17,18,17:18,293.0,2.7,3.6,4.7,0.0
2026,9,6,17,22,17:21,331.7,2.5,4.9,7.5,0.0
2026,9,6,17,23,17:23,328.4,4.3,7.2,10.0,0.0
2026,9,6,17,24,17:24,313.2,4.3,5.6,8.0,0.0
2026,9,6,17,26,17:26,301.2,4.1,5.2,6.5,0.0
2026,9,6,17,28,17:28,304.5,3.3,4.0,5.3,0.0
2026,9,6,17,32,17:31,316.2,2.9,4.7,6.8,0.0
2026,9,6,17,33,17:33,324.6,4.3,5.7,8.9,0.0
2026,9,6,17,34,17:34,287.9,3.6,5.0,7.2,0.0
2026,9,6,17,36,17:36,313.5,3.4,5.5,7.3,0.0
2026,9,6,17,38,17:38,294.9,3.3,4.4,5.4,0.0
2026,9,6,17,41,17:40,285.0,3.2,4.2,5.9,0.0
2026,9,6,17,43,17:43,288.0,2.3,3.7,4.9,0.0
2026,9,6,17,44,17:44,298.4,2.6,3.5,5.5,0.0
2026,9,6,17,46,17:46,308.9,4.2,6.5,9.8,0.0
2026,9,6,17,48,17:48,305.3,3.5,6.0,8.1,0.0
2026,9,6,17,49,17:49,310.1,3.9,5.7,8.3,0.0
2026,9,6,17,51,17:51,299.4,2.9,3.7,5.0,0.0
2026,9,6,17,53,17:53,298.0,3.1,3.9,4.9,0.0
2026,9,6,17,54,17:54,292.4,3.3,4.8,7.0,0.0
2026,9,6,17,56,17:56,286.8,3.2,4.2,5.8,0.0
2026,9,6,17,58,17:58,303.2,4.6,6.0,8.6,0.0
2026,9,6,17,59,17:59,306.8,3.8,4.9,6.7,0.0
2026,9,6,18,1,18:00,302.6,4.0,4.9,6.8,0.0
2026,9,6,18,3,18:03,298.7,4.3,5.6,8.3,0.0
2026,9,6,18,4,18:04,305.6,2.4,4.2,6.5,0.0
2026,9,6,18,6,18:06,296.1,4.7,6.2,8.9,0.0
2026,9,6,18,8,18:08,310.6,4.6,6.6,8.5,0.0
2026,9,6,18,9,18:09,303.5,4.3,6.0,7.9,0.0
2026,9,6,18,11,18:11,293.9,3.9,5.3,7.7,0.0
2026,9,6,18,13,18:13,310.4,3.5,4.8,8.1,0.0
2026,9,6,18,14,18:14,326.8,3.8,5.6,7.5,0.0
2026,9,6,18,16,18:16,314.0,3.8,5.4,7.6,0.0
2026,9,6,18,18,18:18,316.4,3.9,4.8,6.1,0.0
2026,9,6,18,19,18:19,335.2,3.1,4.1,5.6,0.0
2026,9,6,18,22,18:21,335.2,2.9,4.9,9.1,0.0
2026,9,6,18,23,18:23,321.2,3.6,4.4,5.3,0.0
2026,9,6,18,24,18:24,329.0,3.0,4.5,7.1,0.0
2026,9,6,18,26,18:25,290.5,3.1,4.8,7.6,0.0
2026,9,6,18,28,18:28,304.7,3.9,4.9,6.3,0.0
2026,9,6,18,29,18:29,308.4,3.2,4.0,5.5,0.0
2026,9,6,18,31,18:31,323.8,2.8,4.1,6.4,0.0
2026,9,6,18,33,18:33,314.7,2.9,3.8,4.8,0.0
2026,9,6,18,34,18:34,299.6,2.9,4.0,5.8,0.0
2026,9,6,18,36,18:36,323.9,2.7,4.4,7.1,0.0
2026,9,6,18,38,18:38,330.1,3.7,4.5,5.6,0.0
2026,9,6,18,39,18:39,315.2,3.2,4.5,5.7,0.0
2026,9,6,18,41,18:40,326.4,3.2,4.5,6.1,0.0
2026,9,6,18,43,18:43,306.4,2.7,4.0,5.5,0.0
2026,9,6,18,44,18:44,300.7,3.1,4.2,5.1,0.0
2026,9,6,18,47,18:46,315.7,2.7,3.5,4.2,0.0
2026,9,6,18,48,18:48,311.2,2.3,3.5,5.9,0.0
2026,9,6,18,49,18:49,301.6,2.3,3.0,4.0,0.0
2026,9,6,18,51,18:50,288.8,2.2,3.0,4.1,0.0
2026,9,6,18,53,18:53,301.6,2.3,2.7,3.6,0.0
2026,9,6,18,54,18:54,285.2,2.4,3.3,4.6,0.0
2026,9,6,18,57,18:56,312.8,3.4,4.0,5.0,0.0
2026,9,6,18,58,18:58,307.0,2.5,5.1,9.0,0.0
2026,9,6,18,59,18:59,313.3,4.8,7.2,9.9,0.0
2026,9,6,19,1,19:00,314.6,3.6,4.9,6.4,0.0
2026,9,6,19,3,19:03,315.3,2.9,5.0,8.8,0.0
2026,9,6,19,4,19:04,333.6,4.0,5.6,7.1,0.0
2026,9,6,19,7,19:06,292.8,3.5,4.9,6.5,0.0
2026,9,6,19,8,19:08,295.6,4.1,5.4,7.5,0.0
2026,9,6,19,9,19:09,307.8,4.0,5.2,7.2,0.0
2026,9,6,19,11,19:10,314.1,3.4,4.6,7.4,0.0
2026,9,6,19,13,19:13,329.4,3.3,4.6,6.7,0.0
2026,9,6,19,14,19:14,318.3,2.4,3.7,5.4,0.0
2026,9,6,19,16,19:16,323.6,2.5,3.8,5.2,0.0
2026,9,6,19,18,19:18,319.3,2.3,3.3,5.4,0.0
2026,9,6,19,19,19:19,291.4,2.7,3.8,5.8,0.0
2026,9,6,19,21,19:21,319.4,2.1,3.0,3.6,0.0
2026,9,6,19,23,19:23,310.8,2.8,3.4,4.4,0.0
2026,9,6,19,24,19:24,337.5,2.1,2.8,3.7,0.0
2026,9,6,19,27,19:26,314.9,1.5,2.4,4.2,0.0
2026,9,6,19,28,19:28,332.6,2.3,2.8,3.9,0.0
2026,9,6,19,29,19:29,323.6,2.3,2.8,3.5,0.0
2026,9,6,19,32,19:31,305.8,1.9,2.7,3.5,0.0
2026,9,6,19,33,19:33,313.6,3.3,4.1,5.6,0.0
2026,9,6,19,34,19:34,321.5,2.6,3.7,4.3,0.0
2026,9,6,19,36,19:36,317.9,2.1,3.0,4.0,0.0
2026,9,6,19,38,19:38,339.7,2.0,3.1,4.2,0.0
2026,9,6,19,39,19:39,311.5,2.2,2.9,3.6,0.0
2026,9,6,19,42,19:41,329.2,3.1,4.1,5.1,0.0
2026,9,6,19,43,19:43,313.8,3.1,4.3,6.3,0.0
2026,9,6,19,44,19:44,304.9,3.2,4.5,6.4,0.0
2026,9,6,19,47,19:46,327.3,2.5,4.0,5.9,0.0
2026,9,6,19,48,19:48,314.3,2.5,4.1,5.9,0.0
2026,9,6,19,49,19:49,301.7,3.1,3.8,4.6,0.0
2026,9,6,19,51,19:51,308.3,2.6,3.1,4.1,0.0
2026,9,6,19,53,19:53,325.6,2.8,4.1,5.2,0.0
2026,9,6,19,54,19:54,314.7,2.5,3.4,4.3,0.0
2026,9,6,19,56,19:56,319.3,2.3,3.8,5.4,0.0
2026,9,6,19,58,19:58,315.3,2.3,3.0,3.8,0.0
2026,9,6,19,59,19:59,308.0,2.0,2.5,3.2,0.0
2026,9,6,20,2,20:01,311.5,2.4,3.5,4.9,0.0
2026,9,6,20,3,20:03,310.3,1.9,2.4,3.0,0.0
2026,9,6,20,4,20:03,310.3,1.9,2.4,3.0,0.0
2026,9,6,20,6,20:06,306.6,2.5,3.4,4.4,0.0
2026,9,6,20,8,20:08,291.7,1.8,2.4,3.2,0.0
2026,9,6,20,9,20:09,315.5,1.8,2.4,3.4,0.0
2026,9,6,20,11,20:11,314.8,2.2,3.3,4.7,0.0
2026,9,6,20,13,20:13,303.6,2.0,2.8,3.8,0.0
2026,9,6,20,14,20:14,292.0,1.9,2.5,3.4,0.0
2026,9,6,20,16,20:16,310.2,1.6,1.9,2.6,0.0
2026,9,6,20,18,20:18,298.0,2.2,2.6,3.3,0.0
2026,9,6,20,19,20:19,296.4,1.7,2.6,3.4,0.0
2026,9,6,20,21,20:21,309.7,1.8,2.5,3.6,0.0
2026,9,6,20,23,20:23,307.3,1.6,2.4,3.7,0.0
2026,9,6,20,24,20:24,314.2,2.4,2.9,4.0,0.0
2026,9,6,20,27,20:26,299.5,1.7,2.0,2.3,0.0
2026,9,6,20,28,20:28,319.8,1.8,2.4,3.5,0.0
2026,9,6,20,29,20:29,299.2,1.9,2.2,2.7,0.0
2026,9,6,20,32,20:31,309.4,2.0,2.4,2.8,0.0
2026,9,6,20,33,20:33,311.1,2.3,2.9,3.9,0.0
2026,9,6,20,34,20:34,305.1,1.7,2.1,2.5,0.0
2026,9,6,20,37,20:36,309.1,1.3,1.7,2.1,0.0
2026,9,6,20,38,20:38,304.3,1.4,1.9,2.4,0.0
2026,9,6,20,39,20:39,306.4,1.6,2.5,3.5,0.0
2026,9,6,20,41,20:41,321.3,2.2,2.6,3.2,0.0
2026,9,6,20,43,20:43,318.5,1.5,2.0,2.8,0.0
2026,9,6,20,44,20:44,306.6,1.8,2.3,2.8,0.0
2026,9,6,20,46,20:46,314.3,2.0,2.6,3.5,0.0
2026,9,6,20,48,20:48,301.9,1.6,2.2,2.7,0.0
2026,9,6,20,49,20:49,313.4,1.9,2.1,2.6,0.0
2026,9,6,20,52,20:51,311.0,1.1,1.8,2.2,0.0
2026,9,6,20,53,20:53,310.6,1.4,1.8,2.4,0.0
2026,9,6,20,54,20:54,293.1,1.5,1.7,1.9,0.0
2026,9,6,20,56,20:56,288.0,1.3,1.9,2.8,0.0
2026,9,6,20,58,20:58,286.2,1.8,2.1,2.6,0.0
2026,9,6,20,59,20:58,286.2,1.8,2.1,2.6,0.0
2026,9,6,21,1,21:00,311.6,1.6,2.0,2.7,0.0
2026,9,6,21,3,21:03,301.1,1.1,1.9,3.1,0.0
2026,9,6,21,4,21:04,308.1,1.5,2.0,2.9,0.0
2026,9,6,21,7,21:06,285.3,1.1,1.5,2.1,0.0
2026,9,6,21,8,21:08,298.2,1.3,1.6,2.0,0.0
2026,9,6,21,9,21:09,303.8,1.7,2.2,3.5,0.0
2026,9,6,21,11,21:11,305.6,1.7,2.3,2.8,0.0
2026,9,6,21,13,21:13,299.3,1.4,1.8,2.2,0.0
2026,9,6,21,14,21:14,301.3,1.2,1.6,1.9,0.0
2026,9,6,21,16,21:16,296.0,1.0,1.4,1.8,0.0
2026,9,6,21,18,21:18,295.1,1.1,1.6,2.2,0.0
2026,9,6,21,19,21:19,301.6,1.1,1.5,1.9,0.0
2026,9,6,21,21,21:21,301.6,0.8,1.1,1.4,0.0
2026,9,6,21,23,21:23,283.6,1.1,1.6,2.0,0.0
2026,9,6,21,24,21:24,266.6,0.8,1.2,1.6,0.0
2026,9,6,21,27,21:26,291.8,1.0,1.9,2.7,0.0
2026,9,6,21,28,21:28,318.9,0.9,2.0,2.9,0.0
2026,9,6,21,29,21:29,313.4,2.0,2.7,3.7,0.0
2026,9,6,21,32,21:31,304.7,2.0,3.0,4.1,0.0
2026,9,6,21,33,21:33,291.1,2.1,2.8,3.4,0.0
2026,9,6,21,34,21:34,302.7,1.7,2.5,3.8,0.0
2026,9,6,21,37,21:36,302.0,1.6,2.2,3.0,0.0
2026,9,6,21,38,21:38,290.6,1.5,2.2,3.2,0.0
2026,9,6,21,39,21:39,297.1,2.0,2.7,3.7,0.0
2026,9,6,21,41,21:41,298.1,1.5,2.4,3.0,0.0
2026,9,6,21,43,21:43,314.8,1.5,2.2,3.6,0.0
2026,9,6,21,44,21:44,301.2,1.0,1.9,3.1,0.0
2026,9,6,21,46,21:45,298.4,2.2,2.5,3.1,0.0
2026,9,6,21,48,21:48,285.2,1.4,1.8,2.3,0.0
2026,9,6,21,49,21:49,303.4,1.0,1.5,2.0,0.0
2026,9,6,21,52,21:51,299.9,1.1,1.7,2.5,0.0
2026,9,6,21,53,21:53,292.7,1.3,1.8,2.2,0.0
2026,9,6,21,54,21:54,295.5,1.3,1.7,2.2,0.0
2026,9,6,21,56,21:56,291.7,1.2,1.4,1.8,0.0
2026,9,6,21,58,21:58,313.2,1.1,1.4,1.9,0.0
2026,9,6,21,59,21:59,313.2,1.3,1.7,2.3,0.0
2026,9,6,22,2,22:01,287.7,0.7,1.1,1.5,0.0
2026,9,6,22,3,22:03,296.3,1.4,1.7,2.1,0.0
2026,9,6,22,4,22:04,301.6,1.1,1.4,1.7,0.0
2026,9,6,22,6,22:06,294.4,1.6,2.3,2.8,0.0
2026,9,6,22,8,22:08,281.1,1.5,2.0,2.5,0.0
2026,9,6,22,9,22:09,288.9,1.9,2.6,3.3,0.0
2026,9,6,22,11,22:10,297.0,1.2,2.3,4.1,0.0
2026,9,6,22,13,22:13,294.2,1.7,2.7,3.2,0.0
2026,9,6,22,14,22:14,303.0,1.6,2.4,3.3,0.0
2026,9,6,22,17,22:16,297.9,1.8,2.5,3.8,0.0
2026,9,6,22,18,22:18,285.8,2.1,3.5,4.7,0.0
2026,9,6,22,19,22:19,296.0,1.7,2.5,3.4,0.0
2026,9,6,22,21,22:21,300.6,2.6,3.1,3.9,0.0
2026,9,6,22,23,22:23,310.3,2.3,3.8,5.6,0.0
2026,9,6,22,24,22:24,306.5,2.0,2.6,4.1,0.0
2026,9,6,22,26,22:26,312.5,1.5,3.1,5.7,0.0
2026,9,6,22,28,22:28,307.4,2.4,3.5,4.8,0.0
2026,9,6,22,29,22:29,304.2,2.5,3.7,5.3,0.0
2026,9,6,22,31,22:31,293.0,2.3,3.3,4.6,0.0
2026,9,6,22,33,22:33,304.0,2.4,3.5,4.8,0.0
2026,9,6,22,34,22:34,295.4,2.4,3.4,4.2,0.0
2026,9,6,22,36,22:36,289.8,2.8,4.1,5.5,0.0
2026,9,6,22,38,22:38,314.6,2.5,3.1,4.2,0.0
2026,9,6,22,39,22:39,303.8,2.1,2.7,4.2,0.0
2026,9,6,22,42,22:41,317.6,2.6,3.8,6.0,0.0
2026,9,6,22,43,22:43,304.2,3.1,4.3,5.4,0.0
2026,9,6,22,44,22:44,315.6,3.9,4.5,5.2,0.0
2026,9,6,22,46,22:46,310.0,3.5,4.2,5.4,0.0
2026,9,6,22,48,22:48,307.3,2.7,3.6,4.8,0.0
2026,9,6,22,49,22:49,317.2,2.7,3.7,5.0,0.0
2026,9,6,22,51,22:51,308.6,2.3,3.2,4.9,0.0
2026,9,6,22,53,22:53,310.1,2.4,3.6,4.6,0.0
2026,9,6,22,54,22:54,312.4,2.4,3.5,5.2,0.0
2026,9,6,22,57,22:56,317.6,2.5,4.0,5.1,0.0
2026,9,6,22,58,22:58,312.5,2.3,3.3,4.5,0.0
2026,9,6,22,59,22:59,321.2,3.0,3.7,4.4,0.0
2026,9,6,23,1,23:00,321.7,2.2,3.8,5.8,0.0
2026,9,6,23,3,23:03,326.8,2.7,3.2,4.4,0.0
2026,9,6,23,4,23:04,316.6,3.1,3.8,5.1,0.0
2026,9,6,23,6,23:06,311.6,2.2,3.6,5.8,0.0
2026,9,6,23,8,23:08,317.8,3.2,3.7,4.7,0.0
2026,9,6,23,9,23:09,305.8,2.6,3.6,4.6,0.0
2026,9,6,23,11,23:11,333.1,2.2,3.8,5.1,0.0
2026,9,6,23,13,23:13,303.4,2.7,4.0,5.5,0.0
2026,9,6,23,14,23:14,312.8,2.0,3.5,4.7,0.0
2026,9,6,23,16,23:15,321.0,1.9,3.9,5.7,0.0
2026,9,6,23,18,23:18,309.4,1.9,3.2,4.3,0.0
2026,9,6,23,19,23:19,312.1,2.5,2.9,3.3,0.0
2026,9,6,23,22,23:21,319.4,3.3,4.5,5.7,0.0
2026,9,6,23,23,23:23,313.0,2.3,3.1,3.8,0.0
2026,9,6,23,24,23:24,309.8,2.4,3.1,4.6,0.0
2026,9,6,23,27,23:26,325.0,1.9,3.7,4.7,0.0
2026,9,6,23,28,23:28,309.7,2.1,3.9,5.2,0.0
2026,9,6,23,29,23:29,314.8,2.5,3.1,4.4,0.0
2026,9,6,23,32,23:31,305.5,2.3,3.6,5.0,0.0
2026,9,6,23,33,23:33,325.4,2.5,3.2,4.5,0.0
2026,9,6,23,34,23:34,326.3,2.0,2.6,3.4,0.0
2026,9,6,23,36,23:36,316.1,1.7,2.5,3.7,0.0
2026,9,6,23,38,23:38,321.8,1.8,2.4,3.0,0.0
2026,9,6,23,39,23:39,327.2,2.2,2.8,3.5,0.0
2026,9,6,23,42,23:41,328.6,2.1,2.8,4.1,0.0
2026,9,6,23,43,23:43,313.3,2.0,2.9,4.1,0.0
2026,9,6,23,44,23:44,317.1,2.0,3.3,4.3,0.0
2026,9,6,23,46,23:46,324.9,2.7,3.6,5.8,0.0
2026,9,6,23,48,23:48,327.5,1.8,2.8,4.0,0.0
2026,9,6,23,49,23:49,317.2,2.3,3.0,3.7,0.0
2026,9,6,23,51,23:51,325.9,2.1,2.6,3.3,0.0
2026,9,6,23,53,23:53,317.4,2.9,3.9,4.7,0.0
2026,9,6,23,54,23:53,317.4,2.9,3.9,4.7,0.0
2026,9,6,23,56,23:55,314.5,2.3,2.6,3.0,0.0
2026,9,6,23,58,23:58,325.6,2.3,3.6,4.4,0.0
2026,9,6,23,59,23:59,328.5,2.2,3.0,3.9,0.0
