# Helsinki Laru (dlarah.org Lauttasaari) 2026-10-04 Suomen aikaa — lähteen Laru_2026-277.txt sellaisenaan
# vuosi kk pv kirjoitus-h kirjoitus-min hh:mm suunta min ka max lämpötila (asemalla ei mittaria)
2026,10,4,0,2,00:02,246.4,1.7,2.6,4.0,0.0
2026,10,4,0,3,00:03,264.9,2.3,3.1,3.6,0.0
2026,10,4,0,4,00:04,264.0,2.3,3.3,4.0,0.0
2026,10,4,0,7,00:07,248.8,1.3,2.4,3.7,0.0
2026,10,4,0,8,00:08,257.9,2.0,2.6,3.5,0.0
2026,10,4,0,9,00:09,253.8,1.8,2.9,4.8,0.0
2026,10,4,0,12,00:12,262.2,1.2,1.8,2.6,0.0
2026,10,4,0,13,00:13,240.1,1.2,2.1,2.9,0.0
2026,10,4,0,14,00:14,253.8,1.9,2.8,4.0,0.0
2026,10,4,0,17,00:16,267.9,2.4,3.0,3.6,0.0
2026,10,4,0,18,00:18,258.8,1.5,2.3,3.1,0.0
2026,10,4,0,19,00:19,245.8,1.5,2.3,3.3,0.0
2026,10,4,0,22,00:22,252.5,2.0,3.4,4.4,0.0
2026,10,4,0,23,00:23,257.7,2.3,3.5,4.4,0.0
2026,10,4,0,24,00:24,261.5,2.7,3.5,4.1,0.0
2026,10,4,0,27,00:27,270.2,1.8,3.0,4.0,0.0
2026,10,4,0,28,00:28,274.5,3.5,4.0,4.8,0.0
2026,10,4,0,29,00:29,269.7,2.6,3.3,4.0,0.0
2026,10,4,0,31,00:31,266.0,3.2,3.9,4.6,0.0
2026,10,4,0,33,00:33,262.5,1.3,2.4,3.5,0.0
2026,10,4,0,34,00:34,261.5,2.1,3.1,3.9,0.0
2026,10,4,0,37,00:36,271.0,2.4,3.1,3.7,0.0
2026,10,4,0,38,00:38,258.9,3.0,3.5,4.5,0.0
2026,10,4,0,39,00:39,267.8,2.1,3.2,3.8,0.0
2026,10,4,0,42,00:42,257.9,2.4,3.1,3.5,0.0
2026,10,4,0,43,00:43,266.6,2.3,3.0,3.5,0.0
2026,10,4,0,44,00:44,267.6,2.5,2.9,3.2,0.0
2026,10,4,0,46,00:46,257.5,1.5,2.0,2.6,0.0
2026,10,4,0,48,00:48,245.9,1.4,2.2,3.2,0.0
2026,10,4,0,49,00:49,268.5,1.9,2.4,2.9,0.0
2026,10,4,0,51,00:51,277.2,2.2,2.6,3.0,0.0
2026,10,4,0,53,00:53,263.2,2.0,2.7,4.1,0.0
2026,10,4,0,54,00:54,255.9,1.9,2.7,3.3,0.0
2026,10,4,0,56,00:56,262.4,1.4,2.2,2.7,0.0
2026,10,4,0,58,00:58,252.3,1.5,1.7,2.4,0.0
2026,10,4,0,59,00:59,247.3,0.9,2.0,2.9,0.0
2026,10,4,1,1,01:01,248.7,1.6,2.2,3.3,0.0
2026,10,4,1,3,01:03,270.4,1.9,2.5,3.0,0.0
2026,10,4,1,4,01:04,246.4,1.6,2.4,4.0,0.0
2026,10,4,1,6,01:06,240.3,1.4,2.2,3.4,0.0
2026,10,4,1,8,01:08,292.2,1.3,2.5,4.5,0.0
2026,10,4,1,9,01:09,282.7,2.1,2.8,4.3,0.0
2026,10,4,1,12,01:11,271.3,2.2,3.1,3.6,0.0
2026,10,4,1,13,01:13,263.4,2.2,2.8,3.4,0.0
2026,10,4,1,14,01:14,274.9,1.8,2.3,3.2,0.0
2026,10,4,1,16,01:16,263.3,1.4,2.2,3.0,0.0
2026,10,4,1,18,01:18,268.7,2.0,2.6,3.3,0.0
2026,10,4,1,19,01:19,286.3,2.2,2.6,3.1,0.0
2026,10,4,1,21,01:21,268.0,1.5,2.3,3.6,0.0
2026,10,4,1,23,01:23,262.9,1.7,2.4,3.7,0.0
2026,10,4,1,24,01:24,268.5,2.1,2.5,3.2,0.0
2026,10,4,1,26,01:26,267.1,1.1,1.9,2.3,0.0
2026,10,4,1,28,01:28,268.9,2.0,2.5,2.8,0.0
2026,10,4,1,29,01:29,260.7,1.4,2.5,3.9,0.0
2026,10,4,1,31,01:31,257.1,1.3,2.1,3.0,0.0
2026,10,4,1,33,01:33,268.7,1.5,2.0,2.4,0.0
2026,10,4,1,34,01:34,252.2,1.5,2.0,2.7,0.0
2026,10,4,1,37,01:36,254.9,0.8,1.4,1.7,0.0
2026,10,4,1,38,01:38,246.3,1.1,1.7,2.3,0.0
2026,10,4,1,39,01:39,239.6,1.6,2.1,2.4,0.0
2026,10,4,1,42,01:42,239.3,1.6,2.9,3.9,0.0
2026,10,4,1,43,01:43,249.4,0.6,1.7,2.8,0.0
2026,10,4,1,44,01:44,271.7,1.9,2.3,2.6,0.0
2026,10,4,1,46,01:46,251.7,1.3,2.2,3.0,0.0
2026,10,4,1,48,01:48,247.4,1.5,2.3,3.3,0.0
2026,10,4,1,49,01:49,265.6,2.1,2.6,3.0,0.0
2026,10,4,1,51,01:51,268.6,1.5,2.6,3.3,0.0
2026,10,4,1,53,01:53,245.4,1.2,2.2,3.1,0.0
2026,10,4,1,54,01:54,261.8,1.7,2.2,2.7,0.0
2026,10,4,1,57,01:57,269.8,1.9,2.4,2.9,0.0
2026,10,4,1,58,01:58,268.1,1.7,2.0,2.7,0.0
2026,10,4,1,59,01:59,271.5,1.3,2.2,2.9,0.0
2026,10,4,2,2,02:01,271.3,1.4,1.8,2.1,0.0
2026,10,4,2,3,02:03,257.5,1.8,2.4,3.1,0.0
2026,10,4,2,4,02:04,244.4,0.7,1.3,1.9,0.0
2026,10,4,2,6,02:06,259.4,1.3,1.9,2.4,0.0
2026,10,4,2,8,02:08,269.3,1.4,2.0,2.6,0.0
2026,10,4,2,9,02:09,268.5,1.9,2.1,2.5,0.0
2026,10,4,2,11,02:11,264.4,1.8,2.1,2.5,0.0
2026,10,4,2,13,02:13,270.0,1.2,1.6,1.9,0.0
2026,10,4,2,14,02:14,260.5,1.5,1.8,2.2,0.0
2026,10,4,2,16,02:16,279.2,1.3,1.6,2.1,0.0
2026,10,4,2,18,02:18,282.1,1.5,2.0,2.9,0.0
2026,10,4,2,19,02:19,274.9,1.3,1.7,2.3,0.0
2026,10,4,2,21,02:21,277.1,1.1,1.4,1.8,0.0
2026,10,4,2,23,02:23,278.8,1.1,1.4,2.0,0.0
2026,10,4,2,24,02:24,278.4,1.2,1.7,2.1,0.0
2026,10,4,2,26,02:26,280.0,0.5,0.8,1.4,0.0
2026,10,4,2,28,02:28,267.3,1.0,1.4,1.7,0.0
2026,10,4,2,29,02:29,254.7,0.7,1.0,1.3,0.0
2026,10,4,2,32,02:32,251.2,0.8,1.3,1.9,0.0
2026,10,4,2,33,02:33,267.8,1.0,1.3,1.4,0.0
2026,10,4,2,34,02:34,272.1,1.0,1.7,2.3,0.0
2026,10,4,2,37,02:37,265.9,0.6,0.8,1.4,0.0
2026,10,4,2,38,02:38,265.9,0.7,0.9,1.1,0.0
2026,10,4,2,41,02:41,265.9,0.6,0.9,1.7,0.0
2026,10,4,2,43,02:43,244.7,1.0,1.3,1.8,0.0
2026,10,4,2,44,02:44,244.7,1.0,1.3,1.6,0.0
2026,10,4,2,46,02:46,244.6,0.8,1.2,1.3,0.0
2026,10,4,2,48,02:48,244.7,0.5,0.6,0.7,0.0
2026,10,4,2,49,02:49,244.7,0.7,0.9,1.2,0.0
2026,10,4,2,52,02:52,244.7,0.7,0.8,0.9,0.0
2026,10,4,2,53,02:53,244.7,0.6,0.7,0.8,0.0
2026,10,4,2,54,02:54,244.7,0.4,0.6,0.7,0.0
2026,10,4,2,56,02:56,244.7,0.6,1.0,1.2,0.0
2026,10,4,2,58,02:58,244.7,0.9,0.9,0.9,0.0
2026,10,4,2,59,02:59,244.7,0.7,0.8,0.9,0.0
2026,10,4,3,1,03:01,244.7,0.6,0.9,1.2,0.0
2026,10,4,3,3,03:03,244.7,0.6,0.9,1.4,0.0
2026,10,4,3,4,03:04,244.7,0.6,0.8,1.0,0.0
2026,10,4,3,7,03:06,244.7,0.6,0.7,0.7,0.0
2026,10,4,3,8,03:08,244.7,0.6,0.8,0.9,0.0
2026,10,4,3,9,03:09,244.7,0.7,0.7,0.7,0.0
2026,10,4,3,11,03:11,244.7,0.0,0.4,0.5,0.0
2026,10,4,3,13,03:13,244.7,0.8,1.0,1.1,0.0
2026,10,4,3,14,03:14,244.7,0.7,0.7,0.9,0.0
2026,10,4,3,16,03:16,244.7,0.0,0.1,0.2,0.0
2026,10,4,3,18,03:18,244.7,0.5,0.7,0.9,0.0
2026,10,4,3,19,03:19,244.7,0.0,0.5,0.7,0.0
2026,10,4,3,21,03:21,244.7,0.7,0.9,1.0,0.0
2026,10,4,3,23,03:23,244.7,0.7,0.8,0.9,0.0
2026,10,4,3,24,03:24,244.7,0.6,0.7,0.9,0.0
2026,10,4,3,26,03:26,244.7,0.6,0.8,0.9,0.0
2026,10,4,3,28,03:28,244.7,0.9,0.9,1.0,0.0
2026,10,4,3,29,03:29,244.7,0.8,0.9,1.0,0.0
2026,10,4,3,31,03:31,244.0,0.9,1.3,1.7,0.0
2026,10,4,3,33,03:33,244.7,1.0,1.2,1.4,0.0
2026,10,4,3,34,03:34,244.7,1.2,1.4,1.7,0.0
2026,10,4,3,36,03:36,213.1,1.1,2.4,3.4,0.0
2026,10,4,3,38,03:38,227.1,1.5,2.1,3.0,0.0
2026,10,4,3,39,03:39,220.0,2.2,2.5,3.0,0.0
2026,10,4,3,42,03:42,213.9,1.8,2.0,2.4,0.0
2026,10,4,3,43,03:43,234.0,1.6,2.1,3.1,0.0
2026,10,4,3,44,03:44,221.4,1.8,2.6,3.6,0.0
2026,10,4,3,46,03:46,235.1,1.5,1.8,2.1,0.0
2026,10,4,3,48,03:48,233.3,1.0,1.3,1.7,0.0
2026,10,4,3,51,03:51,233.0,1.6,2.3,2.8,0.0
2026,10,4,3,53,03:53,237.0,1.6,2.1,2.6,0.0
2026,10,4,3,54,03:54,236.3,1.7,2.2,2.8,0.0
2026,10,4,3,56,03:56,237.6,1.2,1.4,1.7,0.0
2026,10,4,3,58,03:58,254.7,1.1,1.3,1.8,0.0
2026,10,4,3,59,03:59,238.3,0.5,1.7,2.6,0.0
2026,10,4,4,1,04:01,234.8,1.4,1.7,2.0,0.0
2026,10,4,4,3,04:03,238.2,0.8,1.5,2.1,0.0
2026,10,4,4,4,04:04,238.2,1.2,1.6,2.1,0.0
2026,10,4,4,7,04:07,245.9,1.2,2.0,2.9,0.0
2026,10,4,4,8,04:08,249.6,1.5,2.1,2.7,0.0
2026,10,4,4,11,04:11,243.6,1.5,2.0,2.7,0.0
2026,10,4,4,13,04:13,253.2,1.0,1.8,2.7,0.0
2026,10,4,4,14,04:14,256.5,2.2,2.8,3.6,0.0
2026,10,4,4,16,04:16,272.2,2.2,2.7,3.3,0.0
2026,10,4,4,18,04:18,267.7,1.8,2.7,3.5,0.0
2026,10,4,4,19,04:19,251.7,1.7,2.4,3.2,0.0
2026,10,4,4,22,04:22,263.9,2.6,3.9,4.7,0.0
2026,10,4,4,23,04:23,254.2,2.5,3.3,4.5,0.0
2026,10,4,4,24,04:24,240.7,1.7,3.3,4.2,0.0
2026,10,4,4,26,04:26,249.8,1.6,2.6,3.6,0.0
2026,10,4,4,28,04:28,238.9,1.5,2.5,3.3,0.0
2026,10,4,4,29,04:29,250.8,1.6,2.1,2.8,0.0
2026,10,4,4,32,04:32,240.0,2.2,2.6,3.1,0.0
2026,10,4,4,33,04:33,243.8,1.7,2.1,2.6,0.0
2026,10,4,4,34,04:34,242.6,1.7,2.3,3.3,0.0
2026,10,4,4,37,04:37,262.9,1.4,1.8,2.3,0.0
2026,10,4,4,38,04:38,267.2,1.5,2.1,2.5,0.0
2026,10,4,4,39,04:39,260.5,1.4,1.7,2.1,0.0
2026,10,4,4,41,04:41,244.4,1.2,1.9,2.3,0.0
2026,10,4,4,43,04:43,246.7,0.9,1.5,2.2,0.0
2026,10,4,4,44,04:44,270.7,1.9,2.2,2.5,0.0
2026,10,4,4,46,04:46,264.4,1.2,1.6,2.0,0.0
2026,10,4,4,48,04:48,264.4,1.1,1.4,1.8,0.0
2026,10,4,4,49,04:49,268.5,1.4,2.0,2.4,0.0
2026,10,4,4,52,04:51,260.9,1.2,1.4,1.8,0.0
2026,10,4,4,53,04:53,256.1,1.0,1.3,1.5,0.0
2026,10,4,4,54,04:54,264.6,0.7,1.2,1.6,0.0
2026,10,4,4,56,04:56,266.3,1.1,1.4,1.8,0.0
2026,10,4,4,58,04:58,266.3,0.5,0.8,1.0,0.0
2026,10,4,4,59,04:59,266.3,0.4,0.6,0.7,0.0
2026,10,4,5,1,05:01,266.3,0.6,0.9,1.2,0.0
2026,10,4,5,3,05:03,266.3,0.8,1.1,1.8,0.0
2026,10,4,5,4,05:04,260.5,1.1,1.3,1.8,0.0
2026,10,4,5,6,05:06,257.1,0.8,1.7,2.3,0.0
2026,10,4,5,8,05:08,240.2,0.7,1.2,1.5,0.0
2026,10,4,5,9,05:09,236.4,1.0,1.2,1.5,0.0
2026,10,4,5,11,05:11,236.6,0.7,1.2,1.8,0.0
2026,10,4,5,13,05:13,243.6,1.0,1.5,2.0,0.0
2026,10,4,5,14,05:14,258.9,1.2,1.7,2.3,0.0
2026,10,4,5,17,05:17,236.4,1.0,1.4,2.0,0.0
2026,10,4,5,18,05:18,236.5,1.2,1.5,1.8,0.0
2026,10,4,5,19,05:19,236.4,0.8,1.1,1.4,0.0
2026,10,4,5,21,05:21,236.4,0.8,1.0,1.2,0.0
2026,10,4,5,23,05:23,265.8,1.2,1.6,1.9,0.0
2026,10,4,5,24,05:24,263.7,0.8,1.2,1.7,0.0
2026,10,4,5,26,05:26,255.8,1.0,1.2,1.4,0.0
2026,10,4,5,28,05:28,251.3,0.8,1.4,2.0,0.0
2026,10,4,5,29,05:29,232.2,1.1,1.5,2.0,0.0
2026,10,4,5,31,05:31,241.3,0.9,1.5,1.8,0.0
2026,10,4,5,33,05:33,236.5,1.3,1.5,1.7,0.0
2026,10,4,5,34,05:34,236.5,1.4,1.8,2.1,0.0
2026,10,4,5,36,05:36,235.9,1.3,1.8,2.2,0.0
2026,10,4,5,38,05:38,235.9,1.3,1.5,1.8,0.0
2026,10,4,5,39,05:39,236.0,1.0,1.5,2.0,0.0
2026,10,4,5,41,05:41,235.9,1.2,1.4,1.6,0.0
2026,10,4,5,43,05:43,235.9,1.4,1.6,1.9,0.0
2026,10,4,5,44,05:44,235.9,1.3,1.5,1.7,0.0
2026,10,4,5,47,05:46,235.9,0.5,1.2,2.0,0.0
2026,10,4,5,48,05:48,235.9,1.2,1.5,1.8,0.0
2026,10,4,5,49,05:49,235.9,1.3,1.5,1.8,0.0
2026,10,4,5,51,05:51,229.1,1.4,1.8,2.3,0.0
2026,10,4,5,53,05:53,220.3,1.5,2.0,2.3,0.0
2026,10,4,5,54,05:54,220.2,1.2,1.6,2.0,0.0
2026,10,4,5,56,05:56,216.2,1.6,1.8,2.0,0.0
2026,10,4,5,58,05:58,216.2,1.1,1.5,1.9,0.0
2026,10,4,5,59,05:59,216.2,1.4,1.7,2.0,0.0
2026,10,4,6,1,06:01,216.2,1.6,1.8,2.2,0.0
2026,10,4,6,3,06:03,216.2,1.5,1.5,1.6,0.0
2026,10,4,6,4,06:04,216.2,1.2,1.4,1.6,0.0
2026,10,4,6,6,06:06,216.2,1.1,1.4,1.6,0.0
2026,10,4,6,8,06:08,216.2,1.2,1.5,1.8,0.0
2026,10,4,6,9,06:09,216.2,1.4,1.7,1.8,0.0
2026,10,4,6,11,06:11,216.2,1.1,1.3,1.5,0.0
2026,10,4,6,13,06:13,216.2,1.1,1.2,1.4,0.0
2026,10,4,6,14,06:14,215.7,1.2,1.6,2.1,0.0
2026,10,4,6,16,06:16,213.0,1.3,1.6,1.8,0.0
2026,10,4,6,18,06:17,213.0,1.3,1.5,1.6,0.0
2026,10,4,6,19,06:19,213.0,1.2,1.4,1.7,0.0
2026,10,4,6,21,06:21,213.0,0.9,1.1,1.2,0.0
2026,10,4,6,23,06:23,213.0,1.5,1.7,1.8,0.0
2026,10,4,6,24,06:23,213.0,1.5,1.7,1.8,0.0
2026,10,4,6,27,06:26,213.0,1.2,1.4,1.6,0.0
2026,10,4,6,28,06:28,213.0,1.1,1.3,1.5,0.0
2026,10,4,6,31,06:31,213.0,0.9,1.1,1.3,0.0
2026,10,4,6,33,06:33,213.0,1.4,1.5,1.6,0.0
2026,10,4,6,34,06:34,213.0,1.0,1.4,1.6,0.0
2026,10,4,6,37,06:37,213.0,1.3,1.6,1.8,0.0
2026,10,4,6,38,06:38,213.0,1.7,1.9,2.1,0.0
2026,10,4,6,39,06:39,206.4,1.7,2.1,2.3,0.0
2026,10,4,6,41,06:41,204.3,1.6,1.9,2.3,0.0
2026,10,4,6,43,06:43,204.3,2.0,2.2,2.6,0.0
2026,10,4,6,44,06:44,204.3,1.6,1.9,2.2,0.0
2026,10,4,6,46,06:46,204.3,1.8,2.2,2.5,0.0
2026,10,4,6,48,06:48,204.8,2.0,2.3,2.8,0.0
2026,10,4,6,49,06:49,204.5,2.1,2.3,2.5,0.0
2026,10,4,6,51,06:51,202.6,1.9,2.3,2.6,0.0
2026,10,4,6,53,06:53,200.3,1.8,2.2,2.3,0.0
2026,10,4,6,54,06:54,200.0,2.1,2.4,2.8,0.0
2026,10,4,6,56,06:56,203.1,2.2,2.9,3.5,0.0
2026,10,4,6,58,06:58,199.3,2.6,3.1,3.6,0.0
2026,10,4,6,59,06:59,199.4,2.4,2.8,3.4,0.0
2026,10,4,7,1,07:00,197.7,2.8,3.1,3.6,0.0
2026,10,4,7,3,07:03,198.6,2.3,2.6,2.9,0.0
2026,10,4,7,4,07:04,200.9,1.9,2.3,2.7,0.0
2026,10,4,7,7,07:06,204.1,2.0,2.5,3.0,0.0
2026,10,4,7,8,07:08,201.8,2.0,2.3,2.5,0.0
2026,10,4,7,9,07:09,201.8,1.8,2.2,2.7,0.0
2026,10,4,7,12,07:12,201.5,2.1,2.3,2.8,0.0
2026,10,4,7,13,07:13,202.9,1.7,1.9,2.1,0.0
2026,10,4,7,14,07:14,202.9,1.8,2.1,2.3,0.0
2026,10,4,7,17,07:16,199.0,2.0,2.1,2.4,0.0
2026,10,4,7,18,07:18,207.3,1.9,2.1,2.3,0.0
2026,10,4,7,19,07:19,207.8,1.6,1.9,2.4,0.0
2026,10,4,7,21,07:21,201.6,1.9,2.2,2.5,0.0
2026,10,4,7,23,07:23,201.6,1.9,2.1,2.4,0.0
2026,10,4,7,24,07:24,201.6,1.9,2.1,2.6,0.0
2026,10,4,7,27,07:27,201.6,1.6,1.9,2.3,0.0
2026,10,4,7,28,07:28,200.7,1.8,2.1,2.5,0.0
2026,10,4,7,29,07:29,200.5,1.4,1.6,1.9,0.0
2026,10,4,7,32,07:32,215.8,1.2,1.6,1.9,0.0
2026,10,4,7,33,07:33,222.7,1.4,1.8,2.7,0.0
2026,10,4,7,34,07:34,217.6,1.3,1.9,2.6,0.0
2026,10,4,7,36,07:36,216.5,1.4,1.8,2.2,0.0
2026,10,4,7,38,07:38,219.3,1.7,2.2,2.8,0.0
2026,10,4,7,41,07:41,215.3,2.2,2.6,3.3,0.0
2026,10,4,7,43,07:43,217.7,2.3,3.0,3.8,0.0
2026,10,4,7,44,07:44,215.7,2.1,2.6,3.0,0.0
2026,10,4,7,46,07:46,215.3,2.4,2.9,3.4,0.0
2026,10,4,7,48,07:48,213.2,2.3,3.0,3.7,0.0
2026,10,4,7,49,07:49,213.4,3.0,3.3,3.6,0.0
2026,10,4,7,51,07:51,215.8,2.3,3.1,4.1,0.0
2026,10,4,7,53,07:53,215.1,2.9,3.4,4.3,0.0
2026,10,4,7,54,07:54,220.4,3.0,3.7,4.5,0.0
2026,10,4,7,56,07:56,219.8,2.8,3.4,4.3,0.0
2026,10,4,7,58,07:58,224.7,2.2,3.1,4.0,0.0
2026,10,4,7,59,07:59,223.2,2.6,3.4,4.4,0.0
2026,10,4,8,1,08:01,228.6,2.4,3.4,4.3,0.0
2026,10,4,8,3,08:03,226.4,2.8,3.6,4.8,0.0
2026,10,4,8,4,08:04,227.0,2.8,3.7,4.8,0.0
2026,10,4,8,6,08:06,222.6,2.1,2.9,3.7,0.0
2026,10,4,8,8,08:08,231.2,2.0,3.2,4.2,0.0
2026,10,4,8,9,08:09,216.3,2.5,3.2,3.9,0.0
2026,10,4,8,11,08:11,221.2,2.9,3.6,4.5,0.0
2026,10,4,8,13,08:13,227.0,2.1,3.4,4.5,0.0
2026,10,4,8,14,08:14,228.9,3.0,3.6,4.3,0.0
2026,10,4,8,16,08:16,221.4,3.0,3.8,4.6,0.0
2026,10,4,8,18,08:18,229.9,3.1,3.7,4.3,0.0
2026,10,4,8,22,08:21,247.7,2.1,3.3,4.7,0.0
2026,10,4,8,23,08:23,230.8,2.9,3.5,4.6,0.0
2026,10,4,8,24,08:24,233.2,2.8,3.5,4.2,0.0
2026,10,4,8,26,08:26,226.3,3.5,4.5,5.5,0.0
2026,10,4,8,28,08:28,230.0,1.8,3.2,4.5,0.0
2026,10,4,8,31,08:31,222.8,3.4,4.5,5.8,0.0
2026,10,4,8,33,08:33,233.0,2.3,3.4,4.2,0.0
2026,10,4,8,34,08:34,221.8,2.9,3.4,4.2,0.0
2026,10,4,8,36,08:36,224.2,2.9,3.6,4.3,0.0
2026,10,4,8,38,08:38,225.3,2.1,3.1,3.7,0.0
2026,10,4,8,39,08:39,227.1,2.6,3.5,4.2,0.0
2026,10,4,8,41,08:41,214.3,2.4,3.1,4.1,0.0
2026,10,4,8,43,08:43,226.4,3.2,3.7,4.3,0.0
2026,10,4,8,44,08:44,222.4,3.3,4.1,4.9,0.0
2026,10,4,8,46,08:46,229.8,3.0,3.6,4.2,0.0
2026,10,4,8,48,08:48,220.1,3.1,4.0,5.2,0.0
2026,10,4,8,49,08:49,221.3,3.3,3.8,4.5,0.0
2026,10,4,8,52,08:51,223.8,3.0,3.6,4.1,0.0
2026,10,4,8,53,08:53,220.2,2.4,3.0,3.9,0.0
2026,10,4,8,54,08:54,224.3,2.8,3.6,4.2,0.0
2026,10,4,8,56,08:56,225.6,3.0,3.7,4.4,0.0
2026,10,4,8,58,08:58,230.5,2.9,3.6,4.7,0.0
2026,10,4,9,1,09:01,221.4,2.9,3.6,4.1,0.0
2026,10,4,9,3,09:03,213.9,3.0,3.4,3.9,0.0
2026,10,4,9,4,09:04,214.3,3.0,3.7,4.3,0.0
2026,10,4,9,6,09:06,212.3,2.7,3.4,4.2,0.0
2026,10,4,9,8,09:08,215.2,3.2,3.9,4.6,0.0
2026,10,4,9,9,09:09,215.6,3.0,3.8,4.9,0.0
2026,10,4,9,11,09:11,214.1,3.3,3.8,4.2,0.0
2026,10,4,9,13,09:13,212.3,3.6,4.1,5.3,0.0
2026,10,4,9,14,09:14,211.8,4.3,4.9,5.6,0.0
2026,10,4,9,16,09:16,204.7,3.8,4.3,5.0,0.0
2026,10,4,9,18,09:18,212.1,3.7,4.3,5.5,0.0
2026,10,4,9,19,09:19,208.3,3.7,4.4,5.6,0.0
2026,10,4,9,22,09:21,208.9,3.8,4.7,5.5,0.0
2026,10,4,9,23,09:23,213.8,4.2,4.8,5.8,0.0
2026,10,4,9,24,09:24,211.4,4.4,5.0,6.1,0.0
2026,10,4,9,26,09:26,212.4,4.1,4.7,5.2,0.0
2026,10,4,9,28,09:28,212.5,4.2,4.9,5.4,0.0
2026,10,4,9,29,09:29,214.7,3.9,4.6,5.3,0.0
2026,10,4,9,31,09:31,211.6,3.8,4.3,4.9,0.0
2026,10,4,9,33,09:33,211.3,3.8,4.6,5.6,0.0
2026,10,4,9,34,09:34,212.4,4.3,4.9,5.4,0.0
2026,10,4,9,37,09:37,211.0,3.4,4.5,5.3,0.0
2026,10,4,9,38,09:38,210.7,3.9,4.5,5.6,0.0
2026,10,4,9,41,09:41,213.6,4.2,5.0,5.7,0.0
2026,10,4,9,43,09:43,209.7,3.9,4.7,5.6,0.0
2026,10,4,9,44,09:44,214.5,4.2,5.0,5.7,0.0
2026,10,4,9,46,09:46,211.1,4.1,5.0,6.0,0.0
2026,10,4,9,48,09:48,206.9,4.2,4.9,5.9,0.0
2026,10,4,9,49,09:49,206.7,4.4,5.0,5.8,0.0
2026,10,4,9,51,09:51,205.3,4.1,4.7,5.3,0.0
2026,10,4,9,53,09:53,205.8,4.3,5.4,6.2,0.0
2026,10,4,9,54,09:54,202.5,4.4,5.0,5.4,0.0
2026,10,4,9,57,09:56,198.8,4.5,5.1,6.6,0.0
2026,10,4,9,58,09:58,202.1,5.0,6.1,6.9,0.0
2026,10,4,9,59,09:59,202.2,5.8,6.7,7.9,0.0
2026,10,4,10,1,10:01,203.6,6.0,6.9,8.3,0.0
2026,10,4,10,3,10:03,203.2,5.2,6.7,7.8,0.0
2026,10,4,10,4,10:04,207.5,5.2,6.5,7.6,0.0
2026,10,4,10,7,10:06,203.1,5.4,6.8,7.7,0.0
2026,10,4,10,8,10:08,207.6,5.7,6.8,8.3,0.0
2026,10,4,10,11,10:11,207.7,6.2,7.0,8.8,0.0
2026,10,4,10,13,10:13,206.8,5.1,6.1,7.0,0.0
2026,10,4,10,14,10:14,206.1,6.2,7.2,8.2,0.0
2026,10,4,10,16,10:16,209.5,5.6,6.4,7.8,0.0
2026,10,4,10,18,10:18,205.0,6.0,6.9,8.1,0.0
2026,10,4,10,19,10:19,207.6,5.8,6.7,8.0,0.0
2026,10,4,10,21,10:21,206.3,5.3,6.4,8.1,0.0
2026,10,4,10,23,10:23,205.9,5.2,6.0,6.7,0.0
2026,10,4,10,24,10:24,205.2,5.0,6.0,6.9,0.0
2026,10,4,10,26,10:26,210.3,5.9,7.1,8.4,0.0
2026,10,4,10,28,10:28,205.3,6.2,7.8,9.5,0.0
2026,10,4,10,29,10:29,207.2,6.0,7.2,8.1,0.0
2026,10,4,10,31,10:31,207.4,5.7,7.1,8.5,0.0
2026,10,4,10,33,10:33,204.3,6.1,7.1,8.8,0.0
2026,10,4,10,34,10:34,208.4,5.7,6.6,7.7,0.0
2026,10,4,10,36,10:36,206.8,6.2,7.8,9.1,0.0
2026,10,4,10,38,10:38,200.9,6.2,7.0,8.1,0.0
2026,10,4,10,39,10:39,202.2,6.5,7.4,8.4,0.0
2026,10,4,10,42,10:42,199.8,6.5,7.6,8.7,0.0
2026,10,4,10,43,10:43,202.1,6.2,7.2,7.9,0.0
2026,10,4,10,44,10:44,199.3,6.5,7.6,8.5,0.0
2026,10,4,10,46,10:46,203.7,6.3,7.2,8.1,0.0
2026,10,4,10,48,10:48,202.2,7.0,8.1,9.1,0.0
2026,10,4,10,49,10:49,203.8,6.0,7.2,8.8,0.0
2026,10,4,10,51,10:51,203.4,6.7,7.7,9.1,0.0
2026,10,4,10,53,10:53,206.7,6.8,7.7,9.4,0.0
2026,10,4,10,54,10:54,203.8,6.2,7.7,9.3,0.0
2026,10,4,10,57,10:57,210.1,6.1,7.4,9.2,0.0
2026,10,4,10,58,10:58,209.8,5.8,6.9,8.0,0.0
2026,10,4,11,1,11:01,210.2,5.4,6.8,7.7,0.0
2026,10,4,11,3,11:03,212.3,5.8,7.2,9.0,0.0
2026,10,4,11,4,11:04,212.9,6.0,7.3,8.4,0.0
2026,10,4,11,7,11:07,215.6,6.5,7.8,9.2,0.0
2026,10,4,11,8,11:08,211.1,6.1,7.9,9.8,0.0
2026,10,4,11,9,11:09,208.8,6.5,7.9,9.1,0.0
2026,10,4,11,12,11:11,219.3,7.3,8.5,9.9,0.0
2026,10,4,11,13,11:13,216.1,5.5,6.7,7.7,0.0
2026,10,4,11,14,11:14,211.7,5.8,7.4,8.7,0.0
2026,10,4,11,16,11:16,212.3,5.8,7.4,8.9,0.0
2026,10,4,11,18,11:18,208.2,6.7,7.8,9.4,0.0
2026,10,4,11,19,11:19,216.0,6.0,7.5,9.1,0.0
2026,10,4,11,21,11:21,220.1,5.1,7.5,9.5,0.0
2026,10,4,11,23,11:23,216.2,5.4,6.5,7.9,0.0
2026,10,4,11,24,11:24,217.7,5.5,6.5,7.6,0.0
2026,10,4,11,26,11:26,221.4,6.2,7.1,8.6,0.0
2026,10,4,11,28,11:28,213.2,4.8,6.3,8.8,0.0
2026,10,4,11,29,11:29,215.7,5.7,7.0,7.9,0.0
2026,10,4,11,31,11:31,208.2,5.7,6.7,7.9,0.0
2026,10,4,11,33,11:33,216.5,4.9,5.7,6.5,0.0
2026,10,4,11,34,11:34,213.5,4.8,5.6,6.3,0.0
2026,10,4,11,36,11:36,223.1,5.8,6.9,8.5,0.0
2026,10,4,11,38,11:38,218.4,5.3,6.3,8.6,0.0
2026,10,4,11,39,11:39,223.4,5.7,6.7,7.8,0.0
2026,10,4,11,42,11:41,218.4,6.4,7.8,9.7,0.0
2026,10,4,11,43,11:43,214.1,4.2,5.6,7.2,0.0
2026,10,4,11,44,11:44,211.6,4.7,5.9,7.2,0.0
2026,10,4,11,46,11:46,214.1,5.1,6.5,8.5,0.0
2026,10,4,11,48,11:48,218.7,6.2,7.8,9.1,0.0
2026,10,4,11,49,11:49,207.9,6.4,7.4,8.8,0.0
2026,10,4,11,52,11:52,209.8,5.4,6.3,7.9,0.0
2026,10,4,11,53,11:53,217.3,6.4,7.5,9.0,0.0
2026,10,4,11,54,11:54,215.5,5.8,7.0,8.7,0.0
2026,10,4,11,56,11:56,214.1,5.6,7.3,9.0,0.0
2026,10,4,11,58,11:58,215.7,7.9,9.1,10.4,0.0
2026,10,4,11,59,11:59,214.1,5.2,7.5,10.1,0.0
2026,10,4,12,2,12:02,218.3,5.7,6.7,7.7,0.0
2026,10,4,12,3,12:03,214.9,6.2,7.1,8.6,0.0
2026,10,4,12,4,12:04,216.9,5.0,6.3,7.2,0.0
2026,10,4,12,6,12:06,215.8,5.0,6.1,7.1,0.0
2026,10,4,12,8,12:08,218.2,6.0,7.5,8.9,0.0
2026,10,4,12,9,12:09,209.1,5.5,6.6,7.5,0.0
2026,10,4,12,12,12:12,214.7,5.5,6.3,7.4,0.0
2026,10,4,12,13,12:13,212.0,4.8,6.2,7.9,0.0
2026,10,4,12,14,12:14,212.8,4.9,5.4,6.2,0.0
2026,10,4,12,16,12:16,219.1,5.9,7.0,8.4,0.0
2026,10,4,12,18,12:18,217.8,6.1,7.3,9.4,0.0
2026,10,4,12,21,12:21,215.3,6.4,7.1,8.1,0.0
2026,10,4,12,23,12:23,203.1,6.3,7.4,8.5,0.0
2026,10,4,12,24,12:24,214.7,6.3,8.0,9.7,0.0
2026,10,4,12,27,12:27,212.4,6.3,7.8,9.8,0.0
2026,10,4,12,28,12:28,213.6,6.8,7.8,9.5,0.0
2026,10,4,12,29,12:29,213.4,5.9,6.8,8.2,0.0
2026,10,4,12,31,12:31,209.9,5.7,7.4,8.3,0.0
2026,10,4,12,33,12:33,216.6,5.8,7.8,9.3,0.0
2026,10,4,12,34,12:34,219.4,5.8,7.3,9.3,0.0
2026,10,4,12,36,12:36,211.3,6.5,7.4,8.3,0.0
2026,10,4,12,38,12:38,219.5,5.5,6.7,8.3,0.0
2026,10,4,12,39,12:39,210.5,6.2,6.9,8.0,0.0
2026,10,4,12,41,12:41,214.5,5.4,7.2,8.4,0.0
2026,10,4,12,43,12:43,223.2,6.2,7.1,8.3,0.0
2026,10,4,12,44,12:44,211.3,5.7,6.8,7.7,0.0
2026,10,4,12,46,12:46,226.8,4.8,5.8,7.1,0.0
2026,10,4,12,48,12:48,224.5,6.3,7.3,9.4,0.0
2026,10,4,12,49,12:49,216.0,5.9,7.1,8.0,0.0
2026,10,4,12,52,12:51,217.6,5.5,6.8,8.7,0.0
2026,10,4,12,53,12:53,211.7,6.0,7.0,8.1,0.0
2026,10,4,12,54,12:54,218.3,5.5,7.0,8.0,0.0
2026,10,4,12,57,12:56,217.1,5.6,6.7,7.8,0.0
2026,10,4,12,58,12:58,220.5,6.1,6.9,7.8,0.0
2026,10,4,13,1,13:01,223.5,5.2,6.8,8.6,0.0
2026,10,4,13,3,13:03,220.8,5.0,6.7,8.6,0.0
2026,10,4,13,4,13:04,217.3,6.3,7.5,8.8,0.0
2026,10,4,13,7,13:07,215.8,5.3,6.1,6.8,0.0
2026,10,4,13,8,13:08,221.7,5.0,7.0,9.9,0.0
2026,10,4,13,9,13:09,215.8,5.3,6.4,8.1,0.0
2026,10,4,13,11,13:11,220.6,6.7,8.1,9.4,0.0
2026,10,4,13,13,13:13,220.8,5.6,6.9,8.2,0.0
2026,10,4,13,14,13:14,217.1,6.1,6.8,8.0,0.0
2026,10,4,13,16,13:16,219.7,5.4,6.5,7.3,0.0
2026,10,4,13,18,13:18,212.9,5.0,6.6,8.3,0.0
2026,10,4,13,19,13:19,218.0,4.8,6.0,7.1,0.0
2026,10,4,13,21,13:21,222.1,5.5,6.7,8.0,0.0
2026,10,4,13,23,13:23,214.8,5.3,6.1,7.1,0.0
2026,10,4,13,24,13:24,218.4,5.1,6.8,8.5,0.0
2026,10,4,13,26,13:26,218.6,5.6,6.7,7.6,0.0
2026,10,4,13,28,13:28,218.9,5.0,6.4,7.6,0.0
2026,10,4,13,31,13:31,217.7,5.7,6.7,7.4,0.0
2026,10,4,13,33,13:33,216.0,4.6,7.0,8.6,0.0
2026,10,4,13,34,13:34,221.4,5.8,6.9,8.3,0.0
2026,10,4,13,36,13:36,217.1,5.9,7.2,8.8,0.0
2026,10,4,13,38,13:38,212.3,6.1,7.3,8.6,0.0
2026,10,4,13,39,13:39,220.4,6.6,7.3,8.3,0.0
2026,10,4,13,42,13:41,220.0,5.1,6.2,7.8,0.0
2026,10,4,13,43,13:43,217.1,5.1,6.8,7.8,0.0
2026,10,4,13,44,13:44,226.4,5.0,6.1,7.4,0.0
2026,10,4,13,46,13:46,226.1,5.0,6.8,8.0,0.0
2026,10,4,13,48,13:48,224.7,5.1,6.6,7.5,0.0
2026,10,4,13,49,13:49,222.3,4.7,5.6,6.4,0.0
2026,10,4,13,51,13:51,225.2,5.9,7.0,9.0,0.0
2026,10,4,13,53,13:53,221.7,5.4,6.3,7.8,0.0
2026,10,4,13,54,13:54,222.1,5.4,7.2,8.4,0.0
2026,10,4,13,56,13:56,216.0,5.7,6.7,7.8,0.0
2026,10,4,13,58,13:58,218.3,6.0,6.7,7.9,0.0
2026,10,4,13,59,13:59,212.8,5.9,7.1,8.7,0.0
2026,10,4,14,1,14:01,215.3,5.8,6.6,7.2,0.0
2026,10,4,14,3,14:03,219.9,4.7,5.9,6.8,0.0
2026,10,4,14,4,14:04,209.0,4.8,6.1,7.0,0.0
2026,10,4,14,6,14:06,217.8,5.4,6.8,8.4,0.0
2026,10,4,14,8,14:08,221.8,5.0,6.0,7.2,0.0
2026,10,4,14,9,14:09,215.4,4.6,6.2,7.4,0.0
2026,10,4,14,11,14:11,210.8,4.8,5.6,6.3,0.0
2026,10,4,14,13,14:13,210.6,4.7,5.3,6.6,0.0
2026,10,4,14,14,14:14,214.7,4.5,5.6,6.5,0.0
2026,10,4,14,16,14:16,210.4,4.8,5.6,6.1,0.0
2026,10,4,14,18,14:18,214.0,4.6,5.5,6.3,0.0
2026,10,4,14,19,14:19,217.6,4.3,5.4,6.4,0.0
2026,10,4,14,22,14:22,214.2,4.8,5.7,6.8,0.0
2026,10,4,14,23,14:23,217.0,4.6,5.5,6.3,0.0
2026,10,4,14,24,14:24,209.8,4.4,5.3,6.2,0.0
2026,10,4,14,26,14:26,216.0,4.9,5.5,6.6,0.0
2026,10,4,14,28,14:28,217.6,4.2,5.5,6.4,0.0
2026,10,4,14,29,14:29,211.9,4.9,6.1,7.4,0.0
2026,10,4,14,31,14:31,215.5,4.7,5.3,6.0,0.0
2026,10,4,14,33,14:33,219.1,3.8,4.8,6.3,0.0
2026,10,4,14,34,14:34,217.9,4.2,4.9,5.5,0.0
2026,10,4,14,36,14:36,216.5,4.4,5.2,6.2,0.0
2026,10,4,14,38,14:38,224.6,3.6,4.4,5.7,0.0
2026,10,4,14,39,14:39,228.4,3.3,4.3,4.8,0.0
2026,10,4,14,41,14:41,223.2,3.7,4.7,5.5,0.0
2026,10,4,14,43,14:43,225.3,3.7,4.7,5.6,0.0
2026,10,4,14,44,14:44,222.6,3.4,4.4,5.7,0.0
2026,10,4,14,46,14:46,228.5,3.7,4.4,5.4,0.0
2026,10,4,14,48,14:48,222.3,3.8,4.3,4.7,0.0
2026,10,4,14,49,14:49,224.1,4.0,4.6,5.3,0.0
2026,10,4,14,52,14:51,219.1,4.7,5.2,5.7,0.0
2026,10,4,14,53,14:53,217.0,3.2,4.3,5.4,0.0
2026,10,4,14,54,14:54,219.9,3.8,4.5,5.3,0.0
2026,10,4,14,57,14:57,217.4,4.1,4.8,5.3,0.0
2026,10,4,14,58,14:58,220.9,3.4,4.3,4.8,0.0
2026,10,4,14,59,14:59,220.5,3.8,4.4,4.9,0.0
2026,10,4,15,2,15:02,224.5,4.0,4.7,5.6,0.0
2026,10,4,15,3,15:03,220.8,4.3,5.2,6.1,0.0
2026,10,4,15,4,15:04,219.0,3.3,4.5,5.6,0.0
2026,10,4,15,7,15:06,216.1,3.8,4.8,5.6,0.0
2026,10,4,15,8,15:08,215.7,3.7,4.6,5.6,0.0
2026,10,4,15,9,15:09,215.2,3.8,4.4,5.2,0.0
2026,10,4,15,11,15:11,213.3,4.1,4.5,5.0,0.0
2026,10,4,15,13,15:13,214.5,3.9,5.1,5.7,0.0
2026,10,4,15,14,15:14,219.3,3.8,4.8,5.6,0.0
2026,10,4,15,16,15:16,216.4,3.2,5.0,6.0,0.0
2026,10,4,15,18,15:18,221.4,4.3,5.1,6.1,0.0
2026,10,4,15,19,15:19,215.1,4.8,5.4,6.3,0.0
2026,10,4,15,21,15:21,221.0,4.0,5.1,6.0,0.0
2026,10,4,15,23,15:23,216.2,4.0,4.9,5.8,0.0
2026,10,4,15,24,15:24,213.0,4.2,5.0,5.9,0.0
2026,10,4,15,26,15:26,215.4,5.0,5.9,6.9,0.0
2026,10,4,15,28,15:28,215.3,3.8,4.6,5.3,0.0
2026,10,4,15,29,15:29,217.6,3.9,4.6,5.4,0.0
2026,10,4,15,31,15:31,219.2,4.0,4.9,6.0,0.0
2026,10,4,15,33,15:33,214.7,4.6,5.3,6.2,0.0
2026,10,4,15,34,15:34,217.5,4.7,5.2,6.0,0.0
2026,10,4,15,36,15:36,220.1,4.1,4.7,5.6,0.0
2026,10,4,15,38,15:38,221.7,3.5,4.3,5.2,0.0
2026,10,4,15,39,15:39,227.0,3.0,3.9,5.1,0.0
2026,10,4,15,42,15:41,235.9,3.2,4.1,5.4,0.0
2026,10,4,15,43,15:43,228.0,3.5,4.8,7.4,0.0
2026,10,4,15,44,15:44,236.3,2.9,4.7,5.9,0.0
2026,10,4,15,46,15:46,235.7,3.4,4.5,5.4,0.0
2026,10,4,15,48,15:48,232.1,3.3,4.2,5.4,0.0
2026,10,4,15,49,15:49,234.8,3.1,4.3,5.9,0.0
2026,10,4,15,51,15:51,238.0,3.7,4.6,5.4,0.0
2026,10,4,15,53,15:53,231.6,3.9,4.5,5.5,0.0
2026,10,4,15,54,15:54,240.0,3.2,4.3,5.2,0.0
2026,10,4,15,57,15:57,224.4,3.2,3.9,4.8,0.0
2026,10,4,15,58,15:58,224.3,3.2,3.9,4.6,0.0
2026,10,4,15,59,15:59,219.4,2.9,3.9,4.9,0.0
2026,10,4,16,1,16:01,217.7,2.9,3.4,4.2,0.0
2026,10,4,16,3,16:03,216.9,3.5,4.2,5.1,0.0
2026,10,4,16,4,16:04,212.0,3.5,4.5,5.2,0.0
2026,10,4,16,6,16:06,224.1,4.6,5.5,6.3,0.0
2026,10,4,16,8,16:08,219.4,4.1,4.9,6.0,0.0
2026,10,4,16,9,16:09,223.9,4.0,5.4,7.2,0.0
2026,10,4,16,12,16:12,224.4,4.0,4.9,5.7,0.0
2026,10,4,16,13,16:13,225.1,3.7,5.2,6.1,0.0
2026,10,4,16,14,16:14,223.2,3.8,4.6,5.9,0.0
2026,10,4,16,16,16:16,218.2,3.5,5.3,7.0,0.0
2026,10,4,16,18,16:18,223.3,4.2,4.9,6.3,0.0
2026,10,4,16,19,16:19,221.4,4.0,4.7,6.0,0.0
2026,10,4,16,22,16:22,227.7,2.6,3.7,4.9,0.0
2026,10,4,16,23,16:23,235.3,2.8,3.8,4.6,0.0
2026,10,4,16,24,16:24,224.8,3.5,4.6,5.5,0.0
2026,10,4,16,26,16:26,227.6,3.3,4.4,5.5,0.0
2026,10,4,16,28,16:28,224.1,3.9,4.9,6.8,0.0
2026,10,4,16,29,16:29,231.4,4.0,5.0,6.3,0.0
2026,10,4,16,31,16:31,217.8,3.0,3.6,4.6,0.0
2026,10,4,16,33,16:33,225.1,2.5,4.1,5.2,0.0
2026,10,4,16,34,16:34,236.0,2.9,3.9,5.3,0.0
2026,10,4,16,36,16:36,240.8,2.6,4.6,7.0,0.0
2026,10,4,16,38,16:38,231.8,3.9,4.7,6.8,0.0
2026,10,4,16,39,16:39,232.2,4.0,5.2,6.3,0.0
2026,10,4,16,41,16:41,225.6,4.6,6.1,7.9,0.0
2026,10,4,16,43,16:43,224.9,3.9,4.9,6.4,0.0
2026,10,4,16,44,16:44,229.6,3.3,4.3,5.6,0.0
2026,10,4,16,47,16:47,222.9,3.1,3.9,4.8,0.0
2026,10,4,16,48,16:48,232.3,3.1,3.9,4.9,0.0
2026,10,4,16,49,16:49,233.9,3.0,3.8,4.7,0.0
2026,10,4,16,52,16:51,237.3,2.7,4.1,5.3,0.0
2026,10,4,16,53,16:53,235.0,2.1,2.9,3.5,0.0
2026,10,4,16,54,16:54,245.7,2.6,3.6,5.4,0.0
2026,10,4,16,56,16:56,243.6,3.0,4.2,5.4,0.0
2026,10,4,16,58,16:58,248.5,1.8,2.9,4.2,0.0
2026,10,4,16,59,16:59,245.5,2.1,3.5,4.8,0.0
2026,10,4,17,2,17:02,250.3,2.1,3.8,5.2,0.0
2026,10,4,17,3,17:03,240.0,2.6,4.2,6.3,0.0
2026,10,4,17,4,17:04,266.9,2.7,4.4,5.9,0.0
2026,10,4,17,6,17:06,252.6,2.3,4.1,5.5,0.0
2026,10,4,17,8,17:08,263.3,2.8,3.6,4.4,0.0
2026,10,4,17,11,17:11,240.9,2.6,4.0,4.9,0.0
2026,10,4,17,13,17:13,255.0,2.6,3.6,4.6,0.0
2026,10,4,17,14,17:14,246.0,1.5,3.2,5.0,0.0
2026,10,4,17,17,17:16,239.1,2.8,3.6,4.8,0.0
2026,10,4,17,18,17:18,247.6,2.1,3.2,4.1,0.0
2026,10,4,17,19,17:19,255.2,2.2,3.4,4.9,0.0
2026,10,4,17,21,17:21,240.4,1.6,3.2,4.0,0.0
2026,10,4,17,23,17:23,249.9,2.6,4.1,5.1,0.0
2026,10,4,17,24,17:24,245.3,2.2,3.7,4.8,0.0
2026,10,4,17,26,17:26,241.0,1.1,3.0,4.9,0.0
2026,10,4,17,28,17:28,244.0,2.5,3.7,4.6,0.0
2026,10,4,17,29,17:29,264.7,3.0,4.2,5.6,0.0
2026,10,4,17,31,17:31,241.9,1.4,4.2,7.4,0.0
2026,10,4,17,33,17:33,263.2,1.9,5.3,8.8,0.0
2026,10,4,17,34,17:34,256.3,3.4,4.7,6.5,0.0
2026,10,4,17,36,17:36,256.2,1.9,4.2,5.7,0.0
2026,10,4,17,38,17:38,266.9,2.8,4.6,5.8,0.0
2026,10,4,17,39,17:39,269.0,3.3,4.2,5.0,0.0
2026,10,4,17,41,17:41,271.9,3.7,4.5,5.7,0.0
2026,10,4,17,43,17:43,263.9,2.4,3.4,4.3,0.0
2026,10,4,17,44,17:44,260.3,2.6,3.9,5.2,0.0
2026,10,4,17,46,17:46,267.9,2.7,3.9,5.2,0.0
2026,10,4,17,48,17:48,267.5,1.9,4.6,7.3,0.0
2026,10,4,17,49,17:49,268.3,3.2,4.6,5.5,0.0
2026,10,4,17,51,17:51,271.0,3.9,4.9,5.8,0.0
2026,10,4,17,53,17:53,262.9,2.5,3.8,4.9,0.0
2026,10,4,17,54,17:54,258.5,2.9,3.8,5.0,0.0
2026,10,4,17,57,17:57,272.5,2.6,3.7,4.9,0.0
2026,10,4,17,58,17:58,262.3,2.8,3.7,4.9,0.0
2026,10,4,17,59,17:59,268.1,2.7,4.5,5.9,0.0
2026,10,4,18,1,18:01,266.8,3.9,5.6,7.1,0.0
2026,10,4,18,3,18:03,271.4,4.4,5.4,6.9,0.0
2026,10,4,18,4,18:04,264.9,4.6,6.1,8.5,0.0
2026,10,4,18,7,18:07,261.6,3.9,5.4,6.5,0.0
2026,10,4,18,8,18:08,268.4,4.5,5.5,6.6,0.0
2026,10,4,18,9,18:09,266.2,3.3,4.6,6.1,0.0
2026,10,4,18,12,18:11,278.3,3.8,4.7,5.8,0.0
2026,10,4,18,13,18:13,274.6,3.6,4.6,5.5,0.0
2026,10,4,18,14,18:14,270.6,4.0,4.9,5.9,0.0
2026,10,4,18,16,18:16,270.9,3.8,5.4,7.1,0.0
2026,10,4,18,18,18:18,268.5,4.2,5.2,6.2,0.0
2026,10,4,18,21,18:21,252.7,2.4,4.3,7.0,0.0
2026,10,4,18,23,18:23,267.8,3.5,4.5,6.2,0.0
2026,10,4,18,24,18:24,268.2,3.0,3.9,5.5,0.0
2026,10,4,18,26,18:26,253.9,2.7,3.5,4.9,0.0
2026,10,4,18,28,18:28,266.6,2.4,3.7,5.0,0.0
2026,10,4,18,29,18:29,268.3,2.9,3.6,4.4,0.0
2026,10,4,18,31,18:31,261.1,3.3,4.6,5.9,0.0
2026,10,4,18,33,18:33,268.2,2.6,4.1,5.6,0.0
2026,10,4,18,34,18:34,266.4,3.1,3.9,5.2,0.0
2026,10,4,18,36,18:36,260.2,1.9,2.5,3.1,0.0
2026,10,4,18,38,18:38,247.8,2.5,3.4,4.5,0.0
2026,10,4,18,39,18:39,261.7,2.5,3.3,3.9,0.0
2026,10,4,18,42,18:41,257.8,2.3,3.4,4.5,0.0
2026,10,4,18,43,18:43,257.4,2.5,3.5,4.6,0.0
2026,10,4,18,44,18:44,261.7,2.5,3.8,5.2,0.0
2026,10,4,18,46,18:46,261.5,2.4,3.6,4.7,0.0
2026,10,4,18,48,18:48,264.2,2.4,2.8,3.4,0.0
2026,10,4,18,49,18:49,264.0,2.4,3.8,5.0,0.0
2026,10,4,18,52,18:52,271.9,2.3,2.9,4.0,0.0
2026,10,4,18,53,18:53,269.8,1.9,2.6,3.7,0.0
2026,10,4,18,54,18:54,262.8,2.5,3.5,4.7,0.0
2026,10,4,18,57,18:56,265.2,2.8,3.6,4.5,0.0
2026,10,4,18,58,18:58,256.6,2.6,3.3,4.4,0.0
2026,10,4,18,59,18:59,270.7,2.3,3.1,3.8,0.0
2026,10,4,19,1,19:01,268.7,2.7,3.1,3.6,0.0
2026,10,4,19,3,19:03,271.3,3.0,3.4,4.2,0.0
2026,10,4,19,4,19:04,269.5,3.1,3.5,3.9,0.0
2026,10,4,19,6,19:06,269.1,1.7,2.5,3.0,0.0
2026,10,4,19,8,19:08,271.6,2.4,3.4,4.4,0.0
2026,10,4,19,9,19:09,276.0,2.1,2.8,3.4,0.0
2026,10,4,19,11,19:11,272.5,2.7,3.7,5.1,0.0
2026,10,4,19,13,19:13,265.4,2.4,2.9,3.7,0.0
2026,10,4,19,14,19:14,255.1,1.9,2.9,3.9,0.0
2026,10,4,19,16,19:16,260.0,2.0,3.4,4.1,0.0
2026,10,4,19,18,19:18,264.4,2.7,3.3,4.3,0.0
2026,10,4,19,19,19:19,269.3,2.4,3.0,3.7,0.0
2026,10,4,19,21,19:21,266.5,2.0,3.0,4.0,0.0
2026,10,4,19,23,19:23,272.5,1.7,2.6,3.3,0.0
2026,10,4,19,24,19:24,263.3,1.4,2.3,3.3,0.0
2026,10,4,19,26,19:26,265.7,2.7,3.2,3.5,0.0
2026,10,4,19,28,19:28,264.9,1.4,2.0,2.9,0.0
2026,10,4,19,29,19:29,269.8,2.0,2.5,3.1,0.0
2026,10,4,19,31,19:31,274.7,1.7,2.5,3.5,0.0
2026,10,4,19,33,19:33,270.8,1.9,2.3,3.0,0.0
2026,10,4,19,34,19:34,270.9,1.4,2.0,2.6,0.0
2026,10,4,19,36,19:36,284.5,1.5,2.3,2.8,0.0
2026,10,4,19,38,19:38,270.3,1.9,2.3,3.0,0.0
2026,10,4,19,39,19:39,266.6,1.4,1.6,2.2,0.0
2026,10,4,19,41,19:41,279.5,1.4,2.0,2.4,0.0
2026,10,4,19,43,19:43,273.7,0.8,1.2,2.0,0.0
2026,10,4,19,44,19:44,284.2,1.2,1.8,2.6,0.0
2026,10,4,19,47,19:46,277.4,1.4,2.1,2.7,0.0
2026,10,4,19,48,19:48,278.1,1.0,1.6,2.0,0.0
2026,10,4,19,51,19:51,275.6,1.5,1.9,2.2,0.0
2026,10,4,19,53,19:53,277.9,1.8,2.2,2.8,0.0
2026,10,4,19,54,19:54,275.8,2.0,2.9,4.0,0.0
2026,10,4,19,56,19:56,267.3,2.1,2.4,3.1,0.0
2026,10,4,19,58,19:58,263.7,0.9,1.9,3.0,0.0
2026,10,4,19,59,19:59,265.6,2.1,2.6,3.6,0.0
2026,10,4,20,1,20:01,262.0,2.0,2.7,3.7,0.0
2026,10,4,20,3,20:03,267.2,2.2,2.7,3.3,0.0
2026,10,4,20,4,20:04,271.1,1.8,2.7,3.4,0.0
2026,10,4,20,6,20:06,264.4,2.7,3.5,4.8,0.0
2026,10,4,20,8,20:08,265.8,2.1,3.2,3.8,0.0
2026,10,4,20,9,20:09,265.4,2.5,3.3,4.2,0.0
2026,10,4,20,11,20:11,277.8,1.8,2.7,3.3,0.0
2026,10,4,20,13,20:13,266.3,2.2,3.3,4.3,0.0
2026,10,4,20,14,20:14,278.7,1.3,2.5,3.3,0.0
2026,10,4,20,16,20:16,280.0,1.8,2.6,3.1,0.0
2026,10,4,20,18,20:18,266.6,1.6,2.3,3.0,0.0
2026,10,4,20,19,20:19,265.4,1.8,2.4,3.3,0.0
2026,10,4,20,21,20:21,274.3,1.9,2.6,3.4,0.0
2026,10,4,20,23,20:23,257.0,1.7,2.6,3.0,0.0
2026,10,4,20,24,20:24,266.9,1.9,2.2,2.6,0.0
2026,10,4,20,26,20:26,278.1,1.4,2.4,3.6,0.0
2026,10,4,20,28,20:28,286.5,1.3,2.0,2.4,0.0
2026,10,4,20,29,20:29,264.7,1.8,2.4,3.1,0.0
2026,10,4,20,32,20:31,288.1,1.9,2.4,3.0,0.0
2026,10,4,20,33,20:33,270.3,1.4,1.9,2.3,0.0
2026,10,4,20,34,20:34,280.7,1.3,1.8,2.9,0.0
2026,10,4,20,36,20:36,272.1,1.8,2.6,3.5,0.0
2026,10,4,20,38,20:38,278.7,1.6,2.1,2.7,0.0
2026,10,4,20,39,20:39,279.4,2.1,2.6,3.0,0.0
2026,10,4,20,42,20:41,262.2,1.0,1.5,2.1,0.0
2026,10,4,20,43,20:43,276.4,1.7,2.1,2.6,0.0
2026,10,4,20,44,20:44,278.3,1.0,1.7,2.3,0.0
2026,10,4,20,46,20:46,279.5,1.7,2.4,3.2,0.0
2026,10,4,20,48,20:48,288.3,1.7,2.7,4.2,0.0
2026,10,4,20,49,20:49,281.9,1.8,2.2,2.6,0.0
2026,10,4,20,52,20:51,279.7,1.1,1.7,2.4,0.0
2026,10,4,20,53,20:53,277.0,1.5,2.1,2.5,0.0
2026,10,4,20,54,20:54,268.7,1.1,1.6,2.1,0.0
2026,10,4,20,57,20:56,286.5,0.9,1.3,2.1,0.0
2026,10,4,20,58,20:58,267.1,2.0,2.6,3.3,0.0
2026,10,4,20,59,20:59,279.9,1.8,2.3,2.7,0.0
2026,10,4,21,2,21:01,279.0,1.4,1.8,2.2,0.0
2026,10,4,21,3,21:03,283.3,1.1,2.1,2.9,0.0
2026,10,4,21,4,21:04,280.4,1.6,2.0,2.6,0.0
2026,10,4,21,7,21:06,255.6,1.2,1.8,2.3,0.0
2026,10,4,21,8,21:08,264.0,1.4,2.2,2.9,0.0
2026,10,4,21,9,21:09,255.6,1.5,2.4,3.4,0.0
2026,10,4,21,12,21:11,262.3,2.3,2.9,3.4,0.0
2026,10,4,21,13,21:13,266.7,1.8,2.7,3.5,0.0
2026,10,4,21,14,21:14,266.2,1.8,2.5,3.0,0.0
2026,10,4,21,16,21:16,271.3,2.4,3.0,3.8,0.0
2026,10,4,21,18,21:18,270.0,2.4,3.0,3.7,0.0
2026,10,4,21,19,21:19,268.4,2.1,2.7,3.3,0.0
2026,10,4,21,22,21:21,267.0,2.1,2.9,3.7,0.0
2026,10,4,21,23,21:23,272.8,2.4,3.0,3.7,0.0
2026,10,4,21,24,21:24,267.8,2.2,3.2,3.9,0.0
2026,10,4,21,26,21:26,270.0,1.4,2.1,2.5,0.0
2026,10,4,21,28,21:28,272.1,1.8,2.2,2.7,0.0
2026,10,4,21,29,21:29,267.0,1.6,2.3,2.9,0.0
2026,10,4,21,31,21:31,266.6,2.0,2.5,3.1,0.0
2026,10,4,21,33,21:33,289.9,1.7,2.4,3.0,0.0
2026,10,4,21,34,21:34,260.2,1.8,2.6,3.2,0.0
2026,10,4,21,36,21:36,263.7,1.4,2.0,2.5,0.0
2026,10,4,21,38,21:38,275.8,1.7,2.4,3.1,0.0
2026,10,4,21,39,21:39,271.1,1.9,2.8,3.7,0.0
2026,10,4,21,41,21:41,274.7,2.5,2.7,3.0,0.0
2026,10,4,21,43,21:43,273.3,1.3,2.0,2.7,0.0
2026,10,4,21,44,21:44,273.7,1.5,2.4,3.3,0.0
2026,10,4,21,46,21:46,260.5,1.3,2.3,3.1,0.0
2026,10,4,21,48,21:48,273.5,1.8,2.2,2.6,0.0
2026,10,4,21,49,21:49,267.7,0.8,3.0,4.3,0.0
2026,10,4,21,51,21:51,265.5,1.9,3.2,4.1,0.0
2026,10,4,21,53,21:53,260.3,2.7,3.3,3.8,0.0
2026,10,4,21,54,21:54,262.5,1.9,2.8,4.2,0.0
2026,10,4,21,56,21:56,265.9,2.4,3.5,4.7,0.0
2026,10,4,21,58,21:58,275.1,2.4,3.0,3.6,0.0
2026,10,4,21,59,21:59,269.4,3.0,3.9,5.4,0.0
2026,10,4,22,1,22:01,267.5,3.5,4.0,4.9,0.0
2026,10,4,22,3,22:03,268.9,3.2,3.8,4.6,0.0
2026,10,4,22,4,22:04,263.5,1.9,3.5,4.6,0.0
2026,10,4,22,6,22:06,267.6,1.8,3.0,4.2,0.0
2026,10,4,22,8,22:08,261.0,2.7,3.5,4.3,0.0
2026,10,4,22,9,22:09,269.2,2.9,3.7,4.4,0.0
2026,10,4,22,12,22:11,269.7,2.5,3.1,3.6,0.0
2026,10,4,22,13,22:13,266.5,3.1,3.5,4.0,0.0
2026,10,4,22,14,22:14,264.8,2.9,3.6,4.3,0.0
2026,10,4,22,16,22:16,259.9,2.1,2.6,3.2,0.0
2026,10,4,22,18,22:18,267.2,2.0,3.4,4.6,0.0
2026,10,4,22,19,22:19,266.6,2.8,3.6,4.6,0.0
2026,10,4,22,22,22:21,271.1,1.9,2.6,3.7,0.0
2026,10,4,22,23,22:23,268.2,1.0,1.5,2.1,0.0
2026,10,4,22,24,22:24,288.7,0.9,1.9,2.7,0.0
2026,10,4,22,27,22:26,268.5,1.3,1.8,2.3,0.0
2026,10,4,22,28,22:28,272.3,1.3,1.8,2.3,0.0
2026,10,4,22,29,22:29,279.5,1.6,1.9,2.7,0.0
2026,10,4,22,31,22:31,280.9,1.5,2.0,2.8,0.0
2026,10,4,22,33,22:33,266.0,1.8,2.2,2.7,0.0
2026,10,4,22,34,22:34,264.1,0.9,1.5,2.3,0.0
2026,10,4,22,37,22:36,263.3,1.3,1.7,2.2,0.0
2026,10,4,22,38,22:38,268.6,1.7,2.2,2.7,0.0
2026,10,4,22,39,22:39,265.9,0.8,1.7,2.8,0.0
2026,10,4,22,42,22:41,265.7,1.6,2.1,2.6,0.0
2026,10,4,22,43,22:43,266.7,1.2,1.8,2.5,0.0
2026,10,4,22,44,22:44,272.0,1.1,1.7,2.5,0.0
2026,10,4,22,46,22:46,272.9,2.1,2.5,2.8,0.0
2026,10,4,22,48,22:48,267.0,1.5,2.2,2.8,0.0
2026,10,4,22,49,22:49,263.8,1.7,2.4,3.0,0.0
2026,10,4,22,51,22:51,273.4,1.7,2.2,2.9,0.0
2026,10,4,22,53,22:53,280.1,1.5,2.9,4.2,0.0
2026,10,4,22,54,22:54,280.3,2.4,3.0,4.2,0.0
2026,10,4,22,56,22:56,274.1,1.4,2.2,2.8,0.0
2026,10,4,22,58,22:58,276.3,2.1,3.1,4.0,0.0
2026,10,4,22,59,22:59,256.9,2.1,2.8,3.8,0.0
2026,10,4,23,1,23:01,275.4,2.9,3.8,4.9,0.0
2026,10,4,23,3,23:03,269.7,2.3,3.4,4.7,0.0
2026,10,4,23,4,23:04,274.0,2.3,3.0,3.8,0.0
2026,10,4,23,6,23:06,273.5,1.8,2.6,4.1,0.0
2026,10,4,23,8,23:08,280.8,2.6,3.2,4.6,0.0
2026,10,4,23,9,23:09,271.0,1.9,2.4,3.4,0.0
2026,10,4,23,12,23:11,269.2,1.8,2.5,3.4,0.0
2026,10,4,23,13,23:13,286.4,1.3,1.6,2.1,0.0
2026,10,4,23,14,23:14,273.3,1.6,2.7,3.5,0.0
2026,10,4,23,16,23:16,287.9,1.3,2.1,3.0,0.0
2026,10,4,23,18,23:18,277.0,1.3,2.2,3.3,0.0
2026,10,4,23,19,23:19,282.8,2.1,2.7,3.4,0.0
2026,10,4,23,22,23:21,286.5,2.2,2.7,3.6,0.0
2026,10,4,23,23,23:23,291.2,2.0,2.4,2.9,0.0
2026,10,4,23,24,23:24,268.6,2.1,2.7,4.1,0.0
2026,10,4,23,27,23:26,286.3,1.7,2.1,2.6,0.0
2026,10,4,23,28,23:28,285.7,1.5,2.0,2.3,0.0
2026,10,4,23,29,23:29,284.7,1.7,2.3,2.6,0.0
2026,10,4,23,31,23:31,290.7,0.9,1.7,2.7,0.0
2026,10,4,23,33,23:33,288.7,1.5,2.3,3.4,0.0
2026,10,4,23,34,23:34,283.1,2.0,2.4,3.1,0.0
2026,10,4,23,36,23:36,289.5,2.0,2.5,3.2,0.0
2026,10,4,23,38,23:38,277.1,2.0,2.7,3.7,0.0
2026,10,4,23,39,23:39,280.0,1.6,2.1,2.9,0.0
2026,10,4,23,41,23:41,282.6,1.8,2.4,2.9,0.0
2026,10,4,23,43,23:43,277.6,1.3,1.7,2.0,0.0
2026,10,4,23,44,23:44,277.9,1.3,1.6,2.1,0.0
2026,10,4,23,46,23:46,260.2,1.3,2.0,3.4,0.0
2026,10,4,23,48,23:48,271.2,0.9,1.8,2.3,0.0
2026,10,4,23,49,23:49,259.5,1.4,1.8,2.4,0.0
2026,10,4,23,51,23:51,272.3,1.1,1.5,2.0,0.0
2026,10,4,23,53,23:53,282.7,1.3,1.7,2.2,0.0
2026,10,4,23,54,23:54,267.1,0.8,1.7,2.3,0.0
2026,10,4,23,57,23:56,280.0,1.0,1.6,2.1,0.0
2026,10,4,23,58,23:58,274.6,1.4,1.8,2.5,0.0
2026,10,4,23,59,23:59,283.2,1.1,1.4,1.9,0.0
