# Helsinki Laru (dlarah.org Lauttasaari) 2026-10-09 Suomen aikaa — lähteen Laru_2026-282.txt sellaisenaan
# vuosi kk pv kirjoitus-h kirjoitus-min hh:mm suunta min ka max lämpötila (asemalla ei mittaria)
2026,10,9,0,2,00:01,107.6,0.6,0.9,1.4,0.0
2026,10,9,0,3,00:02,116.2,0.0,0.5,0.9,0.0
2026,10,9,0,4,00:04,91.8,0.0,0.6,1.3,0.0
2026,10,9,0,6,00:06,103.2,0.4,0.8,1.2,0.0
2026,10,9,0,8,00:07,96.5,0.6,1.2,1.8,0.0
2026,10,9,0,9,00:09,88.3,0.7,0.9,1.3,0.0
2026,10,9,0,12,00:11,105.9,0.6,1.1,3.0,0.0
2026,10,9,0,13,00:13,118.0,0.0,1.2,3.3,0.0
2026,10,9,0,14,00:14,122.3,0.0,0.7,1.2,0.0
2026,10,9,0,16,00:16,107.9,0.8,1.3,2.2,0.0
2026,10,9,0,18,00:17,98.0,0.9,1.3,2.4,0.0
2026,10,9,0,19,00:19,98.2,0.6,1.2,3.6,0.0
2026,10,9,0,22,00:21,99.6,0.5,0.7,1.1,0.0
2026,10,9,0,23,00:22,94.9,0.9,1.5,2.9,0.0
2026,10,9,0,24,00:23,97.2,0.9,1.2,1.7,0.0
2026,10,9,0,26,00:26,86.7,0.5,0.9,1.3,0.0
2026,10,9,0,28,00:27,104.5,0.0,0.8,1.4,0.0
2026,10,9,0,29,00:29,115.6,0.5,0.7,1.1,0.0
2026,10,9,0,31,00:31,51.2,0.0,0.5,0.9,0.0
2026,10,9,0,33,00:32,83.6,0.5,0.7,1.1,0.0
2026,10,9,0,34,00:34,96.6,0.5,0.8,1.5,0.0
2026,10,9,0,36,00:36,89.6,0.0,0.7,1.2,0.0
2026,10,9,0,38,00:38,83.3,0.0,0.7,2.1,0.0
2026,10,9,0,39,00:39,97.2,0.0,0.5,1.0,0.0
2026,10,9,0,41,00:40,104.9,0.0,0.8,1.6,0.0
2026,10,9,0,43,00:42,88.6,0.8,1.1,1.4,0.0
2026,10,9,0,44,00:44,77.5,0.4,0.8,1.4,0.0
2026,10,9,0,47,00:46,72.4,0.5,0.7,1.1,0.0
2026,10,9,0,48,00:47,82.1,0.5,1.1,3.0,0.0
2026,10,9,0,49,00:49,81.6,0.6,1.2,2.3,0.0
2026,10,9,0,51,00:51,89.7,0.0,0.5,1.3,0.0
2026,10,9,0,53,00:52,86.4,0.5,1.2,3.0,0.0
2026,10,9,0,54,00:54,84.6,0.4,1.0,1.9,0.0
2026,10,9,0,56,00:56,102.0,0.0,0.5,0.9,0.0
2026,10,9,0,58,00:57,65.8,0.4,1.2,3.1,0.0
2026,10,9,0,59,00:59,70.3,0.0,0.6,1.0,0.0
2026,10,9,1,1,01:00,70.3,0.0,0.7,1.1,0.0
2026,10,9,1,3,01:02,109.3,0.0,0.6,1.0,0.0
2026,10,9,1,4,01:04,99.2,0.5,0.7,1.1,0.0
2026,10,9,1,6,01:06,83.0,0.5,1.3,2.6,0.0
2026,10,9,1,8,01:07,93.7,0.0,1.4,2.9,0.0
2026,10,9,1,9,01:08,84.6,0.7,1.1,1.6,0.0
2026,10,9,1,11,01:11,89.2,0.5,0.9,1.5,0.0
2026,10,9,1,13,01:12,111.8,0.7,1.1,2.1,0.0
2026,10,9,1,14,01:14,90.6,0.6,0.8,1.5,0.0
2026,10,9,1,17,01:16,95.2,0.6,1.0,2.3,0.0
2026,10,9,1,18,01:17,91.4,0.0,0.5,0.9,0.0
2026,10,9,1,19,01:19,98.0,0.7,1.3,2.7,0.0
2026,10,9,1,22,01:21,90.0,0.9,1.4,4.3,0.0
2026,10,9,1,23,01:22,132.2,0.6,0.6,1.3,0.0
2026,10,9,1,24,01:24,94.2,0.8,1.3,2.3,0.0
2026,10,9,1,27,01:26,104.1,0.6,1.2,2.9,0.0
2026,10,9,1,28,01:27,101.4,0.6,1.0,1.6,0.0
2026,10,9,1,29,01:29,97.0,0.0,0.8,1.6,0.0
2026,10,9,1,31,01:30,96.5,0.9,1.6,3.8,0.0
2026,10,9,1,33,01:32,85.5,0.0,0.8,1.3,0.0
2026,10,9,1,34,01:34,91.2,0.7,1.1,1.6,0.0
2026,10,9,1,36,01:35,66.1,0.5,1.1,2.1,0.0
2026,10,9,1,38,01:37,98.5,0.0,0.9,2.0,0.0
2026,10,9,1,39,01:39,99.6,0.0,0.7,1.3,0.0
2026,10,9,1,41,01:41,100.4,0.6,1.1,1.8,0.0
2026,10,9,1,43,01:42,92.0,0.6,1.2,2.5,0.0
2026,10,9,1,44,01:43,94.4,0.5,1.3,3.6,0.0
2026,10,9,1,46,01:46,110.8,0.8,1.3,1.7,0.0
2026,10,9,1,48,01:47,113.8,0.8,1.4,3.1,0.0
2026,10,9,1,49,01:49,100.4,0.8,1.3,2.0,0.0
2026,10,9,1,51,01:50,103.8,0.9,1.1,1.9,0.0
2026,10,9,1,53,01:53,92.8,0.8,1.2,1.8,0.0
2026,10,9,1,54,01:54,95.2,0.6,0.8,1.1,0.0
2026,10,9,1,57,01:56,81.6,0.4,0.8,2.8,0.0
2026,10,9,1,58,01:57,94.1,0.7,1.0,1.6,0.0
2026,10,9,1,59,01:59,82.8,0.0,0.7,1.7,0.0
2026,10,9,2,2,02:01,112.6,0.0,0.7,1.4,0.0
2026,10,9,2,3,02:02,101.1,0.0,0.8,1.5,0.0
2026,10,9,2,4,02:03,81.9,0.4,0.6,0.8,0.0
2026,10,9,2,6,02:06,88.2,0.0,0.5,0.8,0.0
2026,10,9,2,8,02:07,85.0,0.3,0.8,1.3,0.0
2026,10,9,2,9,02:08,103.6,0.7,1.1,1.7,0.0
2026,10,9,2,11,02:11,125.1,0.5,1.0,1.5,0.0
2026,10,9,2,13,02:12,125.1,0.0,0.4,0.9,0.0
2026,10,9,2,14,02:14,95.6,0.6,1.2,1.8,0.0
2026,10,9,2,17,02:16,116.5,0.6,0.8,1.3,0.0
2026,10,9,2,18,02:17,105.9,0.5,1.1,1.8,0.0
2026,10,9,2,19,02:19,86.1,0.0,0.6,2.0,0.0
2026,10,9,2,22,02:21,53.3,0.0,0.8,2.7,0.0
2026,10,9,2,23,02:22,57.4,0.0,0.3,0.6,0.0
2026,10,9,2,24,02:24,63.7,0.0,0.6,0.9,0.0
2026,10,9,2,26,02:26,74.7,0.0,0.5,0.7,0.0
2026,10,9,2,28,02:27,96.5,0.6,0.9,1.4,0.0
2026,10,9,2,29,02:29,78.0,0.0,0.6,0.9,0.0
2026,10,9,2,31,02:31,65.7,0.2,0.4,0.6,0.0
2026,10,9,2,33,02:32,102.5,0.6,0.9,1.4,0.0
2026,10,9,2,34,02:34,91.6,0.4,0.6,0.9,0.0
2026,10,9,2,37,02:36,161.7,0.0,0.8,1.4,0.0
2026,10,9,2,38,02:37,161.7,0.0,0.4,0.9,0.0
2026,10,9,2,39,02:38,130.9,0.2,1.1,1.7,0.0
2026,10,9,2,41,02:41,113.7,0.7,1.3,2.1,0.0
2026,10,9,2,43,02:42,102.3,0.7,1.3,2.9,0.0
2026,10,9,2,44,02:43,100.9,0.6,0.9,1.4,0.0
2026,10,9,2,46,02:45,108.4,0.4,0.7,1.2,0.0
2026,10,9,2,48,02:47,100.3,0.0,0.6,1.1,0.0
2026,10,9,2,49,02:48,84.2,0.0,0.6,0.9,0.0
2026,10,9,2,51,02:51,79.8,0.0,0.8,1.6,0.0
2026,10,9,2,53,02:52,89.9,0.6,1.0,1.4,0.0
2026,10,9,2,54,02:54,123.5,0.0,0.6,1.0,0.0
2026,10,9,2,56,02:56,120.0,0.0,0.9,1.8,0.0
2026,10,9,2,58,02:57,130.6,0.5,0.9,1.6,0.0
2026,10,9,2,59,02:58,185.6,0.0,0.7,0.9,0.0
2026,10,9,3,1,03:00,100.5,0.8,1.1,2.2,0.0
2026,10,9,3,3,03:02,127.2,0.5,0.9,1.7,0.0
2026,10,9,3,4,03:04,80.1,0.0,0.4,1.6,0.0
2026,10,9,3,6,03:06,90.0,0.0,0.4,0.6,0.0
2026,10,9,3,8,03:07,108.2,0.0,0.7,1.0,0.0
2026,10,9,3,9,03:09,73.8,0.0,0.5,0.8,0.0
2026,10,9,3,11,03:11,96.2,0.0,0.6,0.8,0.0
2026,10,9,3,13,03:12,102.3,0.0,0.6,1.3,0.0
2026,10,9,3,14,03:13,101.1,0.5,0.8,1.5,0.0
2026,10,9,3,16,03:15,90.2,0.0,0.7,1.2,0.0
2026,10,9,3,18,03:17,105.7,0.5,0.9,1.1,0.0
2026,10,9,3,19,03:19,90.1,0.0,0.4,1.1,0.0
2026,10,9,3,22,03:20,84.1,0.4,0.7,1.4,0.0
2026,10,9,3,23,03:22,99.9,0.0,0.5,1.0,0.0
2026,10,9,3,24,03:24,108.7,0.5,0.8,1.4,0.0
2026,10,9,3,27,03:26,94.2,0.0,0.5,0.6,0.0
2026,10,9,3,28,03:27,102.6,0.0,0.8,1.2,0.0
2026,10,9,3,29,03:29,105.0,0.0,0.3,0.5,0.0
2026,10,9,3,32,03:31,91.2,0.4,0.9,3.6,0.0
2026,10,9,3,33,03:32,75.7,0.8,1.3,2.2,0.0
2026,10,9,3,34,03:34,127.9,0.3,0.6,1.0,0.0
2026,10,9,3,36,03:36,134.0,0.0,0.6,1.0,0.0
2026,10,9,3,38,03:37,99.6,0.0,0.6,1.0,0.0
2026,10,9,3,39,03:39,90.3,0.0,0.6,1.2,0.0
2026,10,9,3,42,03:41,91.0,0.0,0.6,0.8,0.0
2026,10,9,3,43,03:42,99.5,0.5,0.8,1.1,0.0
2026,10,9,3,44,03:43,102.2,0.5,0.9,1.7,0.0
2026,10,9,3,46,03:46,103.2,0.0,0.6,0.7,0.0
2026,10,9,3,48,03:47,106.6,0.0,0.7,1.1,0.0
2026,10,9,3,49,03:49,101.9,0.5,0.8,1.3,0.0
2026,10,9,3,51,03:51,133.5,0.6,0.8,1.1,0.0
2026,10,9,3,53,03:52,92.5,0.0,0.9,2.3,0.0
2026,10,9,3,54,03:54,115.4,0.0,0.5,0.7,0.0
2026,10,9,3,56,03:56,115.4,0.5,0.6,0.9,0.0
2026,10,9,3,58,03:57,115.4,0.5,0.5,0.9,0.0
2026,10,9,3,59,03:59,79.3,0.0,0.8,1.2,0.0
2026,10,9,4,2,04:01,91.1,0.7,1.0,1.5,0.0
2026,10,9,4,3,04:02,99.7,0.7,1.1,1.7,0.0
2026,10,9,4,4,04:04,111.4,0.6,0.7,1.0,0.0
2026,10,9,4,7,04:06,105.4,0.8,1.2,1.7,0.0
2026,10,9,4,8,04:07,114.8,0.0,0.8,1.6,0.0
2026,10,9,4,9,04:09,90.8,0.0,0.9,1.7,0.0
2026,10,9,4,12,04:11,93.2,0.5,0.7,1.0,0.0
2026,10,9,4,13,04:12,108.6,0.0,0.6,1.2,0.0
2026,10,9,4,14,04:14,113.8,0.8,1.3,2.0,0.0
2026,10,9,4,16,04:16,102.8,0.6,0.9,1.2,0.0
2026,10,9,4,18,04:17,110.5,0.7,0.9,1.5,0.0
2026,10,9,4,19,04:18,98.1,0.6,0.9,1.1,0.0
2026,10,9,4,21,04:20,96.6,0.0,0.6,1.6,0.0
2026,10,9,4,23,04:22,88.7,0.4,0.8,1.4,0.0
2026,10,9,4,24,04:24,87.6,0.5,1.0,2.1,0.0
2026,10,9,4,26,04:26,99.1,0.6,0.8,1.2,0.0
2026,10,9,4,28,04:27,94.0,0.7,1.2,3.1,0.0
2026,10,9,4,29,04:29,111.6,0.6,0.7,1.3,0.0
2026,10,9,4,31,04:31,72.6,0.5,0.7,1.0,0.0
2026,10,9,4,33,04:32,109.9,0.4,1.3,4.2,0.0
2026,10,9,4,34,04:34,77.7,0.7,1.2,2.5,0.0
2026,10,9,4,37,04:36,73.8,0.7,0.9,1.5,0.0
2026,10,9,4,38,04:37,79.0,0.4,0.7,1.2,0.0
2026,10,9,4,39,04:38,86.2,0.6,1.2,3.3,0.0
2026,10,9,4,41,04:40,86.4,0.6,1.4,3.4,0.0
2026,10,9,4,43,04:42,122.5,0.4,1.0,2.6,0.0
2026,10,9,4,44,04:44,81.2,0.5,1.1,4.0,0.0
2026,10,9,4,47,04:46,101.0,0.5,0.9,1.5,0.0
2026,10,9,4,48,04:47,84.5,0.5,1.0,1.6,0.0
2026,10,9,4,49,04:49,79.3,1.0,1.4,2.1,0.0
2026,10,9,4,51,04:51,98.7,0.8,1.4,2.9,0.0
2026,10,9,4,53,04:52,88.2,0.5,0.7,1.3,0.0
2026,10,9,4,54,04:54,108.8,0.5,0.7,1.0,0.0
2026,10,9,4,57,04:56,107.7,0.6,1.0,1.7,0.0
2026,10,9,4,58,04:57,111.0,0.5,0.8,1.2,0.0
2026,10,9,4,59,04:59,112.1,0.7,1.1,1.3,0.0
2026,10,9,5,2,05:01,93.0,0.7,1.2,1.7,0.0
2026,10,9,5,3,05:02,93.6,0.3,0.8,1.4,0.0
2026,10,9,5,4,05:03,102.3,0.0,0.2,0.3,0.0
2026,10,9,5,6,05:05,90.5,0.7,0.9,1.4,0.0
2026,10,9,5,8,05:07,80.0,0.0,0.6,1.3,0.0
2026,10,9,5,9,05:09,106.7,0.0,0.8,1.7,0.0
2026,10,9,5,11,05:11,123.0,1.0,1.5,2.8,0.0
2026,10,9,5,13,05:12,122.1,0.3,1.0,1.6,0.0
2026,10,9,5,14,05:13,111.3,0.5,1.0,1.7,0.0
2026,10,9,5,16,05:16,103.0,0.8,1.5,2.1,0.0
2026,10,9,5,18,05:17,102.8,1.2,1.8,2.7,0.0
2026,10,9,5,19,05:18,106.4,0.0,1.1,1.7,0.0
2026,10,9,5,21,05:21,124.3,0.6,0.8,1.1,0.0
2026,10,9,5,23,05:22,112.6,0.0,1.2,2.1,0.0
2026,10,9,5,24,05:23,141.3,1.1,2.0,3.1,0.0
2026,10,9,5,26,05:26,126.4,0.5,1.3,2.4,0.0
2026,10,9,5,28,05:27,117.6,0.7,1.3,2.3,0.0
2026,10,9,5,29,05:28,110.0,0.6,1.1,1.7,0.0
2026,10,9,5,32,05:31,114.6,0.0,1.4,3.6,0.0
2026,10,9,5,33,05:32,94.4,0.6,1.4,5.3,0.0
2026,10,9,5,34,05:34,112.5,0.8,1.4,3.2,0.0
2026,10,9,5,37,05:36,126.7,0.7,0.7,1.2,0.0
2026,10,9,5,38,05:37,132.5,0.8,1.7,3.7,0.0
2026,10,9,5,39,05:38,105.6,0.6,1.1,3.8,0.0
2026,10,9,5,42,05:41,122.0,0.7,1.0,2.5,0.0
2026,10,9,5,43,05:42,120.3,0.6,1.1,1.9,0.0
2026,10,9,5,44,05:44,105.1,0.7,0.9,1.9,0.0
2026,10,9,5,46,05:46,98.5,0.0,1.3,3.2,0.0
2026,10,9,5,48,05:47,104.6,0.5,1.1,1.8,0.0
2026,10,9,5,49,05:49,89.1,0.8,1.2,1.6,0.0
2026,10,9,5,51,05:51,112.4,0.9,1.3,2.2,0.0
2026,10,9,5,53,05:52,91.0,0.6,0.7,1.1,0.0
2026,10,9,5,54,05:53,125.2,0.5,1.3,3.3,0.0
2026,10,9,5,56,05:55,111.8,0.7,1.3,1.9,0.0
2026,10,9,5,58,05:57,103.2,0.8,1.1,1.6,0.0
2026,10,9,5,59,05:58,113.3,0.6,1.0,1.2,0.0
2026,10,9,6,1,06:01,102.7,0.6,1.4,2.7,0.0
2026,10,9,6,3,06:02,114.6,0.5,1.2,2.3,0.0
2026,10,9,6,4,06:03,113.4,0.8,1.1,1.4,0.0
2026,10,9,6,6,06:05,115.5,0.0,1.1,1.9,0.0
2026,10,9,6,8,06:08,101.3,0.8,1.4,2.5,0.0
2026,10,9,6,9,06:09,118.8,0.6,0.9,1.4,0.0
2026,10,9,6,11,06:10,137.7,0.6,1.3,3.6,0.0
2026,10,9,6,13,06:12,109.9,0.7,1.0,1.6,0.0
2026,10,9,6,14,06:14,122.6,0.6,0.9,1.4,0.0
2026,10,9,6,17,06:16,113.7,0.8,1.3,2.2,0.0
2026,10,9,6,18,06:17,107.9,0.0,1.0,1.7,0.0
2026,10,9,6,19,06:19,80.2,0.8,1.1,1.9,0.0
2026,10,9,6,21,06:21,113.4,0.8,1.3,2.2,0.0
2026,10,9,6,23,06:22,105.7,0.8,1.2,1.6,0.0
2026,10,9,6,24,06:24,112.8,0.7,1.4,3.2,0.0
2026,10,9,6,27,06:26,103.6,0.8,1.6,2.8,0.0
2026,10,9,6,28,06:27,107.2,0.9,1.4,2.0,0.0
2026,10,9,6,29,06:28,117.9,0.6,1.2,1.7,0.0
2026,10,9,6,31,06:30,105.5,0.9,1.3,1.8,0.0
2026,10,9,6,33,06:32,125.2,1.1,1.5,2.2,0.0
2026,10,9,6,34,06:34,101.8,0.9,1.3,1.7,0.0
2026,10,9,6,36,06:36,114.2,0.5,1.1,2.3,0.0
2026,10,9,6,38,06:37,127.6,0.9,1.4,2.6,0.0
2026,10,9,6,39,06:39,101.6,0.7,1.3,2.1,0.0
2026,10,9,6,41,06:41,110.2,0.7,0.9,1.5,0.0
2026,10,9,6,43,06:42,109.1,0.6,1.0,1.3,0.0
2026,10,9,6,44,06:44,107.8,0.0,1.2,2.0,0.0
2026,10,9,6,47,06:46,105.5,0.0,1.0,1.7,0.0
2026,10,9,6,48,06:47,119.3,0.9,1.2,1.7,0.0
2026,10,9,6,49,06:48,101.7,0.5,1.2,2.5,0.0
2026,10,9,6,52,06:51,110.9,0.7,1.3,2.8,0.0
2026,10,9,6,53,06:52,108.6,0.0,0.8,1.2,0.0
2026,10,9,6,54,06:54,122.9,0.8,1.4,2.8,0.0
2026,10,9,6,56,06:56,97.9,0.5,0.9,1.5,0.0
2026,10,9,6,58,06:57,111.9,0.9,1.4,3.0,0.0
2026,10,9,6,59,06:59,139.5,0.8,1.2,2.0,0.0
2026,10,9,7,2,07:01,103.0,0.7,1.1,1.8,0.0
2026,10,9,7,3,07:02,99.8,0.0,1.0,1.8,0.0
2026,10,9,7,4,07:03,75.9,0.4,0.7,1.0,0.0
2026,10,9,7,7,07:05,148.1,0.6,0.9,1.5,0.0
2026,10,9,7,8,07:07,147.7,0.7,1.3,3.2,0.0
2026,10,9,7,9,07:08,116.3,0.8,1.4,2.7,0.0
2026,10,9,7,12,07:11,140.8,0.8,1.7,3.6,0.0
2026,10,9,7,13,07:12,117.9,0.9,1.4,2.3,0.0
2026,10,9,7,14,07:13,128.3,1.4,2.0,4.2,0.0
2026,10,9,7,16,07:15,123.5,0.9,1.6,2.5,0.0
2026,10,9,7,18,07:17,133.7,0.9,1.2,2.2,0.0
2026,10,9,7,19,07:19,117.0,0.5,1.1,1.8,0.0
2026,10,9,7,21,07:21,126.1,1.0,1.6,2.3,0.0
2026,10,9,7,23,07:22,123.2,0.7,1.0,1.6,0.0
2026,10,9,7,24,07:24,117.3,0.7,0.8,1.9,0.0
2026,10,9,7,26,07:25,85.2,0.0,0.7,1.1,0.0
2026,10,9,7,28,07:27,136.1,0.9,1.4,1.8,0.0
2026,10,9,7,29,07:29,102.3,0.0,1.1,2.8,0.0
2026,10,9,7,32,07:31,113.2,0.0,1.0,1.5,0.0
2026,10,9,7,33,07:32,121.1,0.7,1.3,2.9,0.0
2026,10,9,7,34,07:34,141.7,0.6,0.9,1.6,0.0
2026,10,9,7,37,07:36,104.9,0.6,1.4,4.2,0.0
2026,10,9,7,38,07:37,114.3,0.8,1.3,2.9,0.0
2026,10,9,7,39,07:39,134.3,0.8,2.5,4.7,0.0
2026,10,9,7,42,07:41,143.6,0.0,1.3,4.1,0.0
2026,10,9,7,43,07:42,153.8,0.6,1.2,3.2,0.0
2026,10,9,7,44,07:44,133.6,0.9,1.6,3.0,0.0
2026,10,9,7,47,07:46,143.9,1.0,2.5,4.3,0.0
2026,10,9,7,48,07:47,144.4,1.2,2.5,4.5,0.0
2026,10,9,7,49,07:49,144.8,1.2,4.2,7.8,0.0
2026,10,9,7,52,07:51,142.9,1.3,2.7,4.6,0.0
2026,10,9,7,53,07:52,128.5,1.0,2.1,4.7,0.0
2026,10,9,7,54,07:54,136.4,1.8,3.2,6.4,0.0
2026,10,9,7,57,07:56,139.1,1.2,3.8,6.2,0.0
2026,10,9,7,58,07:57,149.1,1.7,3.2,5.5,0.0
2026,10,9,7,59,07:59,157.5,0.9,2.1,4.1,0.0
2026,10,9,8,1,08:01,130.9,1.5,2.6,4.9,0.0
2026,10,9,8,3,08:02,155.6,1.6,3.2,5.6,0.0
2026,10,9,8,4,08:04,134.2,1.1,2.8,6.0,0.0
2026,10,9,8,7,08:06,145.9,0.9,3.2,6.5,0.0
2026,10,9,8,8,08:07,152.6,0.9,2.1,5.0,0.0
2026,10,9,8,9,08:09,139.9,1.0,2.6,6.0,0.0
2026,10,9,8,11,08:11,132.7,1.1,2.8,5.6,0.0
2026,10,9,8,13,08:12,152.8,1.3,2.8,4.7,0.0
2026,10,9,8,14,08:13,149.5,1.2,3.1,5.8,0.0
2026,10,9,8,16,08:16,156.4,1.8,4.0,6.9,0.0
2026,10,9,8,18,08:17,141.5,1.3,3.0,5.5,0.0
2026,10,9,8,19,08:19,147.9,1.7,3.7,6.5,0.0
2026,10,9,8,21,08:21,122.8,0.9,1.9,5.6,0.0
2026,10,9,8,23,08:22,145.4,1.2,2.2,4.8,0.0
2026,10,9,8,24,08:23,142.2,1.4,3.6,7.3,0.0
2026,10,9,8,26,08:26,132.7,1.1,2.4,5.8,0.0
2026,10,9,8,28,08:27,132.0,1.0,1.9,3.4,0.0
2026,10,9,8,29,08:29,133.7,1.2,2.8,4.8,0.0
2026,10,9,8,32,08:31,132.3,0.7,2.3,5.8,0.0
2026,10,9,8,33,08:32,149.7,0.9,2.7,7.5,0.0
2026,10,9,8,34,08:34,148.3,0.9,3.4,5.6,0.0
2026,10,9,8,36,08:35,147.0,1.3,2.8,6.9,0.0
2026,10,9,8,38,08:37,154.4,1.4,2.9,5.6,0.0
2026,10,9,8,39,08:38,130.0,1.3,2.2,5.7,0.0
2026,10,9,8,41,08:41,159.3,1.2,3.4,5.2,0.0
2026,10,9,8,43,08:42,146.8,0.0,2.0,4.7,0.0
2026,10,9,8,44,08:44,130.1,1.0,3.1,5.7,0.0
2026,10,9,8,47,08:46,133.3,1.5,2.9,6.1,0.0
2026,10,9,8,48,08:47,147.6,1.1,3.1,7.3,0.0
2026,10,9,8,49,08:48,156.8,1.2,3.0,5.9,0.0
2026,10,9,8,51,08:51,138.5,1.6,3.8,6.6,0.0
2026,10,9,8,53,08:52,134.6,1.6,2.6,6.6,0.0
2026,10,9,8,54,08:54,154.7,1.2,2.4,5.3,0.0
2026,10,9,8,56,08:56,154.1,1.1,3.4,7.1,0.0
2026,10,9,8,58,08:57,132.1,1.3,4.0,9.1,0.0
2026,10,9,8,59,08:59,146.5,1.5,2.7,5.2,0.0
2026,10,9,9,1,09:01,126.3,1.3,2.8,7.0,0.0
2026,10,9,9,3,09:02,143.4,1.2,3.8,8.0,0.0
2026,10,9,9,4,09:04,151.0,1.3,2.3,5.4,0.0
2026,10,9,9,6,09:06,153.6,1.3,3.0,7.0,0.0
2026,10,9,9,8,09:07,151.1,1.0,2.8,5.1,0.0
2026,10,9,9,9,09:09,130.5,1.0,3.1,8.1,0.0
2026,10,9,9,11,09:11,143.7,1.0,2.6,4.6,0.0
2026,10,9,9,13,09:12,156.8,1.9,3.9,6.6,0.0
2026,10,9,9,14,09:14,144.8,1.4,2.6,6.0,0.0
2026,10,9,9,17,09:16,152.0,1.8,4.1,7.4,0.0
2026,10,9,9,18,09:17,149.0,1.5,4.3,8.5,0.0
2026,10,9,9,19,09:19,161.2,2.4,4.3,6.8,0.0
2026,10,9,9,22,09:21,161.7,1.4,3.7,7.3,0.0
2026,10,9,9,23,09:22,165.6,1.3,5.2,8.3,0.0
2026,10,9,9,24,09:24,146.9,3.2,4.9,7.0,0.0
2026,10,9,9,26,09:26,161.0,3.1,5.6,10.8,0.0
2026,10,9,9,28,09:28,154.3,2.5,5.9,8.3,0.0
2026,10,9,9,29,09:29,154.7,2.0,5.8,8.5,0.0
2026,10,9,9,32,09:31,150.7,1.8,4.4,8.1,0.0
2026,10,9,9,33,09:32,156.0,2.5,4.8,7.4,0.0
2026,10,9,9,34,09:34,161.0,2.3,5.7,8.5,0.0
2026,10,9,9,36,09:36,163.8,3.3,6.8,9.1,0.0
2026,10,9,9,38,09:37,156.8,5.2,6.7,9.3,0.0
2026,10,9,9,39,09:38,161.3,2.6,6.1,8.6,0.0
2026,10,9,9,41,09:41,166.9,4.4,6.5,8.8,0.0
2026,10,9,9,43,09:42,155.8,5.0,7.3,9.9,0.0
2026,10,9,9,44,09:43,157.3,4.9,7.2,9.1,0.0
2026,10,9,9,47,09:46,157.7,4.2,7.8,10.8,0.0
2026,10,9,9,48,09:47,169.4,6.2,8.1,10.3,0.0
2026,10,9,9,49,09:49,158.8,4.9,7.5,10.3,0.0
2026,10,9,9,52,09:51,154.5,5.2,7.2,9.1,0.0
2026,10,9,9,53,09:52,156.8,4.4,6.9,8.5,0.0
2026,10,9,9,54,09:54,154.7,4.5,6.6,8.2,0.0
2026,10,9,9,56,09:56,155.7,4.9,7.5,9.5,0.0
2026,10,9,9,58,09:57,151.5,2.9,6.2,7.9,0.0
2026,10,9,9,59,09:59,160.9,4.9,7.5,9.5,0.0
2026,10,9,10,2,10:01,160.1,4.1,7.0,9.7,0.0
2026,10,9,10,3,10:02,161.6,6.0,8.3,10.9,0.0
2026,10,9,10,4,10:04,160.2,5.2,7.4,9.7,0.0
2026,10,9,10,7,10:06,159.2,5.8,8.3,9.9,0.0
2026,10,9,10,8,10:07,157.0,5.9,8.0,9.9,0.0
2026,10,9,10,9,10:09,157.1,3.5,7.8,9.6,0.0
2026,10,9,10,12,10:11,161.2,3.5,6.3,9.0,0.0
2026,10,9,10,13,10:12,160.3,5.0,7.5,8.9,0.0
2026,10,9,10,14,10:14,160.3,5.1,6.8,9.0,0.0
2026,10,9,10,16,10:15,150.9,5.2,7.5,8.8,0.0
2026,10,9,10,18,10:17,156.1,5.9,7.4,9.4,0.0
2026,10,9,10,19,10:19,156.2,5.3,7.1,8.5,0.0
2026,10,9,10,22,10:21,159.5,5.8,7.5,8.8,0.0
2026,10,9,10,23,10:22,164.1,5.6,7.5,9.2,0.0
2026,10,9,10,24,10:24,163.6,5.8,7.2,8.5,0.0
2026,10,9,10,27,10:26,162.8,4.5,7.2,9.5,0.0
2026,10,9,10,28,10:27,165.2,5.3,8.1,9.8,0.0
2026,10,9,10,29,10:28,170.3,5.7,7.9,10.2,0.0
2026,10,9,10,31,10:30,168.6,6.2,7.7,9.5,0.0
2026,10,9,10,33,10:32,162.1,5.8,7.7,8.9,0.0
2026,10,9,10,34,10:34,158.5,4.9,7.6,9.1,0.0
2026,10,9,10,36,10:36,157.3,5.6,6.8,8.5,0.0
2026,10,9,10,38,10:37,159.8,5.6,7.3,8.5,0.0
2026,10,9,10,39,10:38,162.6,4.9,7.1,9.0,0.0
2026,10,9,10,41,10:40,164.7,6.0,7.9,9.2,0.0
2026,10,9,10,43,10:42,164.8,5.6,7.6,9.1,0.0
2026,10,9,10,44,10:43,159.8,5.6,7.4,8.8,0.0
2026,10,9,10,46,10:46,158.7,4.2,6.9,8.8,0.0
2026,10,9,10,48,10:47,169.6,6.2,7.8,8.9,0.0
2026,10,9,10,49,10:49,163.0,6.2,7.7,8.8,0.0
2026,10,9,10,51,10:51,162.1,5.4,6.9,8.0,0.0
2026,10,9,10,53,10:52,160.4,5.8,6.8,8.3,0.0
2026,10,9,10,54,10:54,165.1,4.9,6.3,8.3,0.0
2026,10,9,10,56,10:56,166.1,4.4,6.4,8.2,0.0
2026,10,9,10,58,10:57,160.1,4.7,6.3,7.5,0.0
2026,10,9,10,59,10:59,169.4,5.3,7.3,8.4,0.0
2026,10,9,11,1,11:01,168.4,6.4,7.3,8.1,0.0
2026,10,9,11,3,11:02,167.1,4.5,7.0,8.4,0.0
2026,10,9,11,4,11:04,170.0,6.2,7.2,8.5,0.0
2026,10,9,11,6,11:06,166.3,5.3,6.9,8.1,0.0
2026,10,9,11,8,11:07,169.7,4.3,7.1,8.1,0.0
2026,10,9,11,9,11:09,167.2,5.1,6.8,8.1,0.0
2026,10,9,11,12,11:11,170.6,5.1,6.7,7.7,0.0
2026,10,9,11,13,11:12,169.4,4.1,7.2,8.2,0.0
2026,10,9,11,14,11:14,166.5,5.3,6.4,7.3,0.0
2026,10,9,11,16,11:15,170.5,5.3,6.8,8.1,0.0
2026,10,9,11,18,11:17,170.2,6.8,8.1,9.1,0.0
2026,10,9,11,19,11:19,170.6,5.8,6.7,8.0,0.0
2026,10,9,11,21,11:21,178.5,5.5,6.6,8.0,0.0
2026,10,9,11,23,11:22,174.5,6.3,7.4,8.5,0.0
2026,10,9,11,24,11:24,167.0,6.0,7.5,8.5,0.0
2026,10,9,11,26,11:26,165.4,5.2,6.8,8.4,0.0
2026,10,9,11,28,11:27,162.0,5.2,6.5,7.5,0.0
2026,10,9,11,29,11:29,163.7,5.6,7.0,8.3,0.0
2026,10,9,11,32,11:31,163.4,5.5,7.1,8.3,0.0
2026,10,9,11,33,11:32,164.1,4.8,6.3,7.1,0.0
2026,10,9,11,34,11:34,169.2,5.4,6.5,8.2,0.0
2026,10,9,11,37,11:36,165.9,6.3,7.5,9.9,0.0
2026,10,9,11,38,11:37,169.2,6.7,8.3,10.0,0.0
2026,10,9,11,39,11:39,185.5,8.5,11.5,14.2,0.0
2026,10,9,11,41,11:41,201.6,9.6,11.4,12.6,0.0
2026,10,9,11,43,11:42,207.6,9.1,10.8,12.3,0.0
2026,10,9,11,44,11:44,206.4,8.6,10.1,11.6,0.0
2026,10,9,11,47,11:46,202.3,7.6,9.3,11.5,0.0
2026,10,9,11,48,11:47,206.9,8.1,10.3,13.3,0.0
2026,10,9,11,49,11:49,206.6,8.1,9.1,10.5,0.0
2026,10,9,11,51,11:51,211.5,7.5,9.1,10.4,0.0
2026,10,9,11,53,11:52,212.4,7.4,9.1,10.9,0.0
2026,10,9,11,54,11:54,212.8,6.8,8.3,9.6,0.0
2026,10,9,11,56,11:56,210.0,5.8,7.2,8.9,0.0
2026,10,9,11,58,11:57,207.9,8.1,9.8,11.5,0.0
2026,10,9,11,59,11:59,213.6,6.5,8.3,9.6,0.0
2026,10,9,12,1,12:00,213.0,7.1,8.1,9.1,0.0
2026,10,9,12,3,12:02,211.7,6.2,7.6,9.8,0.0
2026,10,9,12,4,12:03,215.8,6.8,8.2,10.1,0.0
2026,10,9,12,6,12:05,221.8,5.0,7.0,8.6,0.0
2026,10,9,12,8,12:07,216.0,5.6,7.3,8.1,0.0
2026,10,9,12,9,12:09,218.6,7.0,8.1,9.1,0.0
2026,10,9,12,11,12:10,215.7,6.5,7.7,9.0,0.0
2026,10,9,12,13,12:12,216.4,6.2,8.8,10.9,0.0
2026,10,9,12,14,12:13,222.6,6.8,8.5,9.8,0.0
2026,10,9,12,16,12:16,220.3,6.8,7.8,9.2,0.0
2026,10,9,12,18,12:17,216.3,7.6,9.2,10.8,0.0
2026,10,9,12,19,12:19,214.4,7.3,9.1,10.2,0.0
2026,10,9,12,21,12:21,213.1,7.4,8.9,10.3,0.0
2026,10,9,12,23,12:22,216.7,7.3,8.8,11.0,0.0
2026,10,9,12,24,12:24,215.5,7.7,9.4,10.8,0.0
2026,10,9,12,26,12:25,220.5,7.5,8.7,9.7,0.0
2026,10,9,12,28,12:27,216.9,6.8,8.1,10.0,0.0
2026,10,9,12,29,12:29,217.7,6.4,8.2,9.9,0.0
2026,10,9,12,31,12:31,218.8,5.8,7.0,8.9,0.0
2026,10,9,12,33,12:32,225.3,6.1,7.4,8.8,0.0
2026,10,9,12,34,12:33,214.9,6.0,7.2,8.8,0.0
2026,10,9,12,36,12:36,218.1,5.8,7.0,7.9,0.0
2026,10,9,12,38,12:37,220.6,6.0,7.3,8.4,0.0
2026,10,9,12,39,12:39,222.6,5.7,6.6,7.8,0.0
2026,10,9,12,41,12:41,218.4,4.9,6.7,8.2,0.0
2026,10,9,12,43,12:42,221.2,5.4,6.6,7.4,0.0
2026,10,9,12,44,12:44,218.2,4.3,5.9,6.8,0.0
2026,10,9,12,47,12:46,215.3,4.8,5.7,7.8,0.0
2026,10,9,12,48,12:47,213.1,5.2,6.7,7.8,0.0
2026,10,9,12,49,12:48,209.5,6.0,6.9,7.8,0.0
2026,10,9,12,52,12:51,215.4,6.0,6.9,8.6,0.0
2026,10,9,12,53,12:52,209.4,6.6,8.5,10.2,0.0
2026,10,9,12,54,12:54,212.0,6.5,7.7,9.3,0.0
2026,10,9,12,57,12:56,212.0,5.7,7.4,9.7,0.0
2026,10,9,12,58,12:57,213.5,6.3,8.5,10.1,0.0
2026,10,9,12,59,12:58,207.2,7.4,9.1,11.1,0.0
2026,10,9,13,1,13:01,212.4,6.4,8.3,9.5,0.0
2026,10,9,13,3,13:02,210.4,6.9,8.1,9.7,0.0
2026,10,9,13,4,13:04,213.8,6.3,7.8,8.9,0.0
2026,10,9,13,7,13:06,213.4,7.2,8.0,9.2,0.0
2026,10,9,13,8,13:07,217.2,5.8,7.6,8.8,0.0
2026,10,9,13,9,13:08,222.1,5.6,6.6,7.7,0.0
2026,10,9,13,12,13:11,206.7,6.3,8.0,9.8,0.0
2026,10,9,13,13,13:12,211.5,6.1,7.6,9.0,0.0
2026,10,9,13,14,13:14,215.8,6.8,7.7,8.5,0.0
2026,10,9,13,17,13:16,212.8,5.7,7.1,8.3,0.0
2026,10,9,13,18,13:17,211.8,5.6,7.0,8.1,0.0
2026,10,9,13,19,13:19,220.0,5.8,6.3,7.3,0.0
2026,10,9,13,22,13:21,217.3,5.2,6.1,6.8,0.0
2026,10,9,13,23,13:22,213.3,5.6,6.8,8.0,0.0
2026,10,9,13,24,13:24,206.7,5.4,6.7,7.9,0.0
2026,10,9,13,27,13:26,207.5,6.8,8.1,9.7,0.0
2026,10,9,13,28,13:27,205.3,8.2,9.1,10.1,0.0
2026,10,9,13,29,13:29,206.8,7.2,8.3,9.5,0.0
2026,10,9,13,31,13:30,200.8,6.8,8.3,9.3,0.0
2026,10,9,13,33,13:32,202.0,7.1,8.3,9.3,0.0
2026,10,9,13,34,13:34,201.5,6.1,8.3,9.7,0.0
2026,10,9,13,37,13:36,202.7,7.7,8.8,9.8,0.0
2026,10,9,13,38,13:37,209.0,7.0,8.3,9.8,0.0
2026,10,9,13,39,13:39,204.0,6.5,8.0,9.1,0.0
2026,10,9,13,42,13:41,205.1,6.8,8.0,9.3,0.0
2026,10,9,13,43,13:42,199.9,7.9,9.1,10.1,0.0
2026,10,9,13,44,13:44,203.7,7.5,8.5,9.3,0.0
2026,10,9,13,47,13:46,208.9,6.4,7.5,8.4,0.0
2026,10,9,13,48,13:47,204.7,6.8,7.7,8.8,0.0
2026,10,9,13,49,13:49,207.9,6.0,7.6,9.1,0.0
2026,10,9,13,52,13:51,210.8,5.7,6.8,8.1,0.0
2026,10,9,13,53,13:52,219.8,5.0,6.2,7.2,0.0
2026,10,9,13,54,13:54,215.8,5.6,6.5,7.8,0.0
2026,10,9,13,56,13:56,200.7,6.0,7.1,8.3,0.0
2026,10,9,13,58,13:57,202.6,5.8,7.0,8.0,0.0
2026,10,9,13,59,13:58,205.2,6.1,7.2,7.8,0.0
2026,10,9,14,2,14:01,199.3,6.1,7.1,8.1,0.0
2026,10,9,14,3,14:02,196.7,6.6,7.4,8.3,0.0
2026,10,9,14,4,14:03,198.6,6.2,7.1,8.5,0.0
2026,10,9,14,6,14:05,197.3,6.8,7.9,8.5,0.0
2026,10,9,14,8,14:07,202.4,6.6,7.7,8.7,0.0
2026,10,9,14,9,14:09,203.9,5.7,6.7,7.8,0.0
2026,10,9,14,12,14:11,201.0,6.8,7.4,8.3,0.0
2026,10,9,14,13,14:12,202.2,6.0,7.1,8.2,0.0
2026,10,9,14,14,14:14,192.8,6.5,7.5,8.4,0.0
2026,10,9,14,16,14:15,195.8,6.0,7.7,9.7,0.0
2026,10,9,14,18,14:17,195.6,6.3,7.4,8.5,0.0
2026,10,9,14,19,14:19,202.9,6.8,7.9,8.8,0.0
2026,10,9,14,22,14:21,202.6,6.3,7.4,8.4,0.0
2026,10,9,14,23,14:22,198.3,6.9,8.3,9.5,0.0
2026,10,9,14,24,14:24,194.3,7.7,8.5,9.5,0.0
2026,10,9,14,26,14:26,200.6,6.3,7.3,8.1,0.0
2026,10,9,14,28,14:27,200.2,6.6,7.6,8.5,0.0
2026,10,9,14,29,14:29,197.1,7.0,8.3,9.2,0.0
2026,10,9,14,31,14:31,199.0,5.9,7.1,8.0,0.0
2026,10,9,14,33,14:32,205.3,6.1,7.1,8.5,0.0
2026,10,9,14,34,14:34,197.2,6.1,7.0,7.9,0.0
2026,10,9,14,36,14:36,203.0,4.9,6.6,7.6,0.0
2026,10,9,14,38,14:37,199.0,5.5,6.4,7.2,0.0
2026,10,9,14,39,14:38,200.9,5.5,6.8,8.3,0.0
2026,10,9,14,41,14:40,200.5,5.7,6.9,7.5,0.0
2026,10,9,14,43,14:42,196.5,5.0,6.8,8.5,0.0
2026,10,9,14,44,14:44,203.4,7.0,8.1,9.5,0.0
2026,10,9,14,47,14:46,199.5,7.2,8.1,9.0,0.0
2026,10,9,14,48,14:47,201.9,7.1,8.2,9.2,0.0
2026,10,9,14,49,14:49,203.0,5.4,7.3,8.7,0.0
2026,10,9,14,51,14:51,204.4,5.7,6.4,7.2,0.0
2026,10,9,14,53,14:52,204.4,5.5,6.5,7.8,0.0
2026,10,9,14,54,14:54,203.2,5.9,7.1,8.1,0.0
2026,10,9,14,57,14:56,207.5,5.8,7.5,8.4,0.0
2026,10,9,14,58,14:57,198.9,6.7,8.4,10.0,0.0
2026,10,9,14,59,14:58,190.3,7.6,9.1,10.3,0.0
2026,10,9,15,1,15:00,199.6,7.7,9.3,11.0,0.0
2026,10,9,15,3,15:02,203.7,7.7,8.9,9.9,0.0
2026,10,9,15,4,15:04,201.2,7.1,8.8,10.2,0.0
2026,10,9,15,7,15:06,210.4,7.4,8.6,10.2,0.0
2026,10,9,15,8,15:07,208.1,7.1,8.5,9.8,0.0
2026,10,9,15,12,15:11,202.1,7.7,8.8,9.8,0.0
2026,10,9,15,13,15:12,204.8,6.3,8.0,9.1,0.0
2026,10,9,15,14,15:14,204.7,6.7,8.6,10.4,0.0
2026,10,9,15,17,15:16,217.9,6.0,7.7,9.2,0.0
2026,10,9,15,18,15:17,209.3,6.5,8.0,9.3,0.0
2026,10,9,15,22,15:21,211.9,6.9,7.7,8.9,0.0
2026,10,9,15,23,15:22,217.8,6.2,7.2,8.5,0.0
2026,10,9,15,24,15:23,215.7,6.2,7.0,7.9,0.0
2026,10,9,15,27,15:26,211.2,6.8,7.7,8.6,0.0
2026,10,9,15,28,15:27,210.6,6.5,7.5,8.8,0.0
2026,10,9,15,29,15:29,207.1,6.6,7.5,8.8,0.0
2026,10,9,15,32,15:31,210.0,5.9,7.4,8.8,0.0
2026,10,9,15,33,15:32,213.0,5.1,6.8,8.1,0.0
2026,10,9,15,34,15:33,207.1,6.0,7.5,8.8,0.0
2026,10,9,15,36,15:35,204.4,7.1,8.0,9.1,0.0
2026,10,9,15,38,15:37,212.7,5.7,6.9,8.3,0.0
2026,10,9,15,39,15:38,211.7,4.9,7.1,8.8,0.0
2026,10,9,15,41,15:41,209.7,6.8,7.6,8.4,0.0
2026,10,9,15,43,15:42,210.8,5.6,6.8,7.6,0.0
2026,10,9,15,44,15:44,211.2,6.0,7.1,8.5,0.0
2026,10,9,15,47,15:46,209.9,6.4,7.6,9.1,0.0
2026,10,9,15,48,15:47,218.2,4.9,6.0,6.8,0.0
2026,10,9,15,49,15:48,216.9,5.0,6.2,7.1,0.0
2026,10,9,15,51,15:51,209.7,6.2,7.1,8.1,0.0
2026,10,9,15,53,15:52,211.2,5.4,6.3,7.1,0.0
2026,10,9,15,54,15:53,215.2,5.1,6.0,7.0,0.0
2026,10,9,15,57,15:56,214.8,5.1,6.8,8.0,0.0
2026,10,9,15,58,15:57,215.2,5.7,7.0,7.9,0.0
2026,10,9,15,59,15:59,218.0,6.0,7.0,8.0,0.0
2026,10,9,16,2,16:01,220.7,5.4,7.0,7.9,0.0
2026,10,9,16,3,16:02,221.2,6.2,7.0,8.0,0.0
2026,10,9,16,4,16:04,213.4,6.1,7.3,8.6,0.0
2026,10,9,16,6,16:06,214.1,5.6,6.7,7.7,0.0
2026,10,9,16,8,16:07,214.6,5.6,6.5,7.7,0.0
2026,10,9,16,9,16:09,221.7,4.4,5.5,6.9,0.0
2026,10,9,16,11,16:10,216.0,4.8,5.7,6.6,0.0
2026,10,9,16,13,16:12,207.3,4.5,5.1,5.7,0.0
2026,10,9,16,14,16:14,206.4,4.5,5.7,6.7,0.0
2026,10,9,16,17,16:16,200.3,5.1,5.8,6.8,0.0
2026,10,9,16,18,16:17,198.9,5.1,5.9,6.5,0.0
2026,10,9,16,19,16:18,202.3,4.6,6.4,7.7,0.0
2026,10,9,16,22,16:21,200.9,5.2,5.9,6.6,0.0
2026,10,9,16,23,16:22,202.3,4.8,6.0,7.2,0.0
2026,10,9,16,24,16:24,198.5,4.5,5.8,6.5,0.0
2026,10,9,16,27,16:26,194.3,5.4,6.2,6.9,0.0
2026,10,9,16,28,16:27,205.9,5.3,6.3,7.2,0.0
2026,10,9,16,29,16:29,203.4,4.7,5.7,6.5,0.0
2026,10,9,16,32,16:31,211.6,4.6,5.6,6.3,0.0
2026,10,9,16,33,16:32,206.3,5.2,5.8,6.4,0.0
2026,10,9,16,34,16:34,208.2,5.1,5.7,6.3,0.0
2026,10,9,16,36,16:36,196.3,4.7,5.7,6.4,0.0
2026,10,9,16,38,16:37,195.2,4.6,5.5,6.2,0.0
2026,10,9,16,41,16:41,199.1,5.8,6.7,7.4,0.0
2026,10,9,16,43,16:42,199.6,5.9,6.8,7.3,0.0
2026,10,9,16,44,16:44,208.7,5.2,6.0,7.0,0.0
2026,10,9,16,47,16:46,201.4,5.7,6.5,7.5,0.0
2026,10,9,16,48,16:47,182.0,5.2,6.1,7.2,0.0
2026,10,9,16,52,16:51,178.6,5.4,6.1,6.8,0.0
2026,10,9,16,53,16:52,183.5,4.6,5.6,6.4,0.0
2026,10,9,16,54,16:54,180.5,4.8,5.3,6.1,0.0
2026,10,9,16,57,16:56,175.8,4.8,5.5,5.8,0.0
2026,10,9,16,58,16:57,177.2,5.0,5.6,6.3,0.0
2026,10,9,17,1,17:01,183.2,4.7,5.4,5.9,0.0
2026,10,9,17,3,17:02,183.6,4.9,5.4,5.7,0.0
2026,10,9,17,4,17:04,180.7,4.4,4.9,5.4,0.0
2026,10,9,17,6,17:06,185.0,4.0,5.1,6.5,0.0
2026,10,9,17,8,17:07,189.3,4.4,5.0,5.8,0.0
2026,10,9,17,9,17:08,178.1,4.0,4.6,5.0,0.0
2026,10,9,17,12,17:11,194.4,4.4,5.4,6.3,0.0
2026,10,9,17,13,17:12,200.1,5.0,5.6,6.1,0.0
2026,10,9,17,14,17:14,201.3,4.4,5.0,5.6,0.0
2026,10,9,17,16,17:15,205.0,4.1,4.8,5.7,0.0
2026,10,9,17,18,17:17,206.5,4.4,5.1,5.7,0.0
2026,10,9,17,19,17:19,204.7,4.3,5.3,6.1,0.0
2026,10,9,17,21,17:20,197.0,4.6,5.3,6.2,0.0
2026,10,9,17,23,17:22,193.6,4.1,4.8,5.4,0.0
2026,10,9,17,24,17:24,191.6,4.3,5.0,5.8,0.0
2026,10,9,17,27,17:26,198.0,4.5,5.1,5.7,0.0
2026,10,9,17,28,17:27,200.4,4.0,4.6,5.0,0.0
2026,10,9,17,29,17:29,204.1,3.5,4.3,4.9,0.0
2026,10,9,17,31,17:31,247.6,1.8,2.4,2.9,0.0
2026,10,9,17,33,17:32,242.9,1.4,2.0,2.8,0.0
2026,10,9,17,34,17:34,260.4,1.6,2.1,2.6,0.0
2026,10,9,17,36,17:35,241.2,1.5,2.2,2.7,0.0
2026,10,9,17,38,17:37,238.1,1.3,1.8,2.3,0.0
2026,10,9,17,39,17:39,240.6,1.6,2.2,2.7,0.0
2026,10,9,17,42,17:41,241.0,1.5,2.0,2.5,0.0
2026,10,9,17,43,17:42,239.9,1.3,1.7,2.4,0.0
2026,10,9,17,44,17:44,242.1,1.5,1.8,2.3,0.0
2026,10,9,17,46,17:46,251.8,1.6,1.9,2.2,0.0
2026,10,9,17,48,17:47,253.9,1.1,1.5,1.9,0.0
2026,10,9,17,49,17:49,255.7,1.1,1.5,2.0,0.0
2026,10,9,17,51,17:51,240.3,1.5,1.7,2.1,0.0
2026,10,9,17,53,17:52,250.7,0.8,1.1,1.6,0.0
2026,10,9,17,54,17:53,257.5,0.8,1.4,2.0,0.0
2026,10,9,17,57,17:56,262.0,1.0,1.4,1.7,0.0
2026,10,9,17,58,17:57,262.0,1.3,1.5,1.8,0.0
2026,10,9,17,59,17:59,240.0,0.9,1.3,1.7,0.0
2026,10,9,18,2,18:01,237.2,1.0,0.7,1.0,0.0
2026,10,9,18,3,18:02,258.6,1.0,1.3,1.4,0.0
2026,10,9,18,4,18:04,262.0,1.4,1.6,1.9,0.0
2026,10,9,18,7,18:06,257.9,0.7,1.2,1.6,0.0
2026,10,9,18,8,18:07,263.1,1.1,1.2,1.3,0.0
2026,10,9,18,11,18:10,263.1,0.5,0.8,1.0,0.0
2026,10,9,18,13,18:12,263.1,0.8,1.0,1.2,0.0
2026,10,9,18,14,18:13,263.1,0.5,0.7,0.9,0.0
2026,10,9,18,16,18:15,263.1,0.8,0.9,1.0,0.0
2026,10,9,18,18,18:17,263.0,0.0,0.6,0.8,0.0
2026,10,9,18,21,18:20,274.4,0.8,1.0,1.3,0.0
2026,10,9,18,23,18:22,276.5,0.9,1.2,1.5,0.0
2026,10,9,18,24,18:24,282.4,1.1,1.2,1.3,0.0
2026,10,9,18,27,18:26,295.7,1.0,1.1,1.3,0.0
2026,10,9,18,28,18:27,308.9,0.8,0.9,1.0,0.0
2026,10,9,18,29,18:28,309.0,1.0,1.1,1.2,0.0
2026,10,9,18,31,18:30,308.9,0.6,0.8,1.0,0.0
2026,10,9,18,33,18:32,308.9,0.6,0.7,0.8,0.0
2026,10,9,18,34,18:34,308.9,0.5,0.6,0.8,0.0
2026,10,9,18,36,18:35,308.9,0.0,0.7,0.9,0.0
2026,10,9,18,38,18:37,308.9,0.6,0.7,1.1,0.0
2026,10,9,18,39,18:39,308.9,0.6,0.8,1.1,0.0
2026,10,9,18,41,18:41,313.7,0.9,1.2,1.7,0.0
2026,10,9,18,43,18:42,311.4,0.0,0.5,0.7,0.0
2026,10,9,18,44,18:44,326.2,0.7,0.8,1.1,0.0
2026,10,9,18,46,18:46,327.9,0.0,0.0,0.0,0.0
2026,10,9,18,48,18:46,327.9,0.0,0.0,0.0,0.0
2026,10,9,18,49,18:46,327.9,0.0,0.0,0.0,0.0
2026,10,9,18,52,18:51,327.9,0.0,0.3,0.9,0.0
2026,10,9,18,53,18:52,327.9,0.0,0.5,0.8,0.0
2026,10,9,18,54,18:54,327.9,0.0,0.2,0.3,0.0
2026,10,9,18,57,18:56,327.9,0.0,0.0,0.0,0.0
2026,10,9,18,58,18:56,327.9,0.0,0.0,0.0,0.0
2026,10,9,18,59,18:56,327.9,0.0,0.0,0.0,0.0
2026,10,9,19,2,18:56,327.9,0.0,0.0,0.0,0.0
2026,10,9,19,3,18:56,327.9,0.0,0.0,0.0,0.0
2026,10,9,19,4,19:04,327.9,0.0,0.0,0.0,0.0
2026,10,9,19,6,19:04,327.9,0.0,0.0,0.0,0.0
2026,10,9,19,8,19:04,327.9,0.0,0.0,0.0,0.0
2026,10,9,19,9,19:04,327.9,0.0,0.0,0.0,0.0
2026,10,9,19,11,19:11,327.9,0.0,0.7,1.2,0.0
2026,10,9,19,13,19:12,327.9,0.8,1.0,1.1,0.0
2026,10,9,19,14,19:14,327.9,0.6,1.1,1.4,0.0
2026,10,9,19,16,19:16,327.9,0.6,0.8,1.1,0.0
2026,10,9,19,18,19:17,327.9,0.4,0.7,0.9,0.0
2026,10,9,19,19,19:19,327.9,0.0,0.6,0.8,0.0
2026,10,9,19,22,19:21,327.9,0.0,0.3,0.5,0.0
2026,10,9,19,23,19:22,327.9,0.0,0.3,0.4,0.0
2026,10,9,19,24,19:24,327.9,0.0,0.5,0.8,0.0
2026,10,9,19,26,19:26,327.9,0.0,0.5,1.0,0.0
2026,10,9,19,28,19:27,327.9,0.0,0.7,1.0,0.0
2026,10,9,19,29,19:29,327.9,0.0,0.9,1.1,0.0
2026,10,9,19,32,19:31,327.9,1.1,1.3,1.4,0.0
2026,10,9,19,33,19:32,334.4,1.3,1.4,1.6,0.0
2026,10,9,19,34,19:34,350.7,1.1,1.5,1.8,0.0
2026,10,9,19,36,19:36,350.7,1.1,1.5,2.0,0.0
2026,10,9,19,38,19:37,350.8,1.2,1.6,2.0,0.0
2026,10,9,19,41,19:41,347.9,1.7,1.9,2.1,0.0
2026,10,9,19,43,19:42,350.3,1.7,1.9,2.1,0.0
2026,10,9,19,44,19:44,344.8,1.7,2.0,2.3,0.0
2026,10,9,19,47,19:46,348.4,1.6,1.8,2.1,0.0
2026,10,9,19,48,19:47,348.1,1.4,1.9,2.2,0.0
2026,10,9,19,52,19:51,348.2,1.5,1.9,2.2,0.0
2026,10,9,19,53,19:52,345.1,1.5,1.7,1.9,0.0
2026,10,9,19,54,19:54,347.9,1.4,1.6,1.8,0.0
2026,10,9,19,56,19:56,341.4,1.2,1.4,1.5,0.0
2026,10,9,19,58,19:57,341.4,1.2,1.4,1.5,0.0
2026,10,9,19,59,19:59,341.4,1.1,1.4,1.7,0.0
2026,10,9,20,2,20:01,341.4,1.2,1.4,1.6,0.0
2026,10,9,20,3,20:02,341.4,1.0,1.2,1.5,0.0
2026,10,9,20,4,20:03,341.4,0.9,1.3,1.7,0.0
2026,10,9,20,6,20:06,341.4,0.0,0.4,0.9,0.0
2026,10,9,20,8,20:07,341.4,0.0,0.2,0.3,0.0
2026,10,9,20,9,20:08,341.5,0.0,0.7,1.3,0.0
2026,10,9,20,11,20:10,341.4,1.1,1.2,1.4,0.0
2026,10,9,20,13,20:12,341.4,1.2,1.5,1.8,0.0
2026,10,9,20,14,20:14,337.1,1.2,1.5,1.9,0.0
2026,10,9,20,17,20:16,341.2,1.1,1.4,1.9,0.0
2026,10,9,20,18,20:17,341.2,1.2,1.6,1.9,0.0
2026,10,9,20,19,20:18,341.2,1.0,1.2,1.4,0.0
2026,10,9,20,21,20:20,341.2,0.9,1.2,1.4,0.0
2026,10,9,20,23,20:22,341.2,0.9,1.1,1.2,0.0
2026,10,9,20,24,20:24,341.2,0.8,0.9,1.1,0.0
2026,10,9,20,26,20:25,341.2,0.6,0.7,0.9,0.0
2026,10,9,20,28,20:27,341.2,0.7,0.8,1.0,0.0
2026,10,9,20,29,20:29,341.2,0.6,0.6,0.7,0.0
2026,10,9,20,31,20:31,341.2,0.0,0.0,0.0,0.0
2026,10,9,20,33,20:32,341.2,0.0,0.0,0.0,0.0
2026,10,9,20,34,20:34,341.2,0.0,0.0,0.0,0.0
2026,10,9,20,36,20:36,341.2,0.0,0.0,0.0,0.0
2026,10,9,20,38,20:37,341.2,0.0,0.0,0.0,0.0
2026,10,9,20,39,20:39,341.2,0.0,0.0,0.0,0.0
2026,10,9,20,41,20:40,341.2,0.0,0.0,0.0,0.0
2026,10,9,20,43,20:42,341.1,0.0,0.2,0.3,0.0
2026,10,9,20,44,20:43,341.2,0.0,0.3,0.5,0.0
2026,10,9,20,46,20:45,341.2,0.4,0.6,0.8,0.0
2026,10,9,20,48,20:47,266.7,0.0,0.5,0.6,0.0
2026,10,9,20,49,20:49,266.7,0.4,0.5,0.7,0.0
2026,10,9,20,52,20:51,266.7,0.6,0.8,0.9,0.0
2026,10,9,20,53,20:52,200.5,1.0,1.4,1.9,0.0
2026,10,9,20,54,20:54,218.8,1.1,1.4,1.6,0.0
2026,10,9,20,56,20:55,218.8,1.1,1.4,1.6,0.0
2026,10,9,20,58,20:57,218.8,1.3,1.5,1.7,0.0
2026,10,9,20,59,20:58,218.8,1.3,1.5,1.6,0.0
2026,10,9,21,1,21:00,218.7,0.9,1.0,1.2,0.0
2026,10,9,21,3,21:02,218.8,0.9,1.1,1.2,0.0
2026,10,9,21,4,21:04,211.2,1.3,1.8,2.2,0.0
2026,10,9,21,7,21:06,211.2,1.4,1.7,2.2,0.0
2026,10,9,21,8,21:07,211.1,1.1,1.3,1.6,0.0
2026,10,9,21,9,21:09,211.1,1.4,1.5,1.8,0.0
2026,10,9,21,11,21:11,211.1,0.8,1.0,1.2,0.0
2026,10,9,21,13,21:12,211.1,1.2,1.6,1.9,0.0
2026,10,9,21,14,21:14,211.1,1.3,1.6,1.7,0.0
2026,10,9,21,17,21:16,211.1,1.4,1.5,1.7,0.0
2026,10,9,21,18,21:17,211.2,1.0,1.2,1.4,0.0
2026,10,9,21,19,21:19,211.1,0.9,1.5,1.9,0.0
2026,10,9,21,21,21:21,211.1,0.5,0.7,0.8,0.0
2026,10,9,21,23,21:22,211.1,0.0,0.6,0.8,0.0
2026,10,9,21,24,21:24,211.1,0.5,0.7,1.0,0.0
2026,10,9,21,27,21:26,211.1,0.8,1.2,1.4,0.0
2026,10,9,21,28,21:27,211.2,0.9,1.2,1.5,0.0
2026,10,9,21,31,21:31,211.2,0.0,0.1,0.2,0.0
2026,10,9,21,33,21:32,211.2,0.0,0.3,0.4,0.0
2026,10,9,21,34,21:34,211.1,0.0,0.3,0.6,0.0
2026,10,9,21,36,21:36,211.1,0.0,0.5,0.9,0.0
2026,10,9,21,38,21:37,211.1,0.8,0.9,1.1,0.0
2026,10,9,21,39,21:39,211.1,0.6,0.8,1.0,0.0
2026,10,9,21,42,21:41,243.2,0.9,1.3,1.8,0.0
2026,10,9,21,43,21:42,241.9,1.0,1.3,1.5,0.0
2026,10,9,21,44,21:44,260.3,1.3,1.8,2.1,0.0
2026,10,9,21,47,21:46,269.6,1.2,1.7,2.1,0.0
2026,10,9,21,48,21:47,263.5,0.9,1.2,2.0,0.0
2026,10,9,21,49,21:49,255.2,1.2,1.4,1.7,0.0
2026,10,9,21,51,21:51,273.1,1.3,1.6,1.8,0.0
2026,10,9,21,53,21:52,279.8,1.1,1.3,1.7,0.0
2026,10,9,21,54,21:54,258.3,1.1,1.4,2.0,0.0
2026,10,9,21,57,21:56,250.3,0.3,0.8,1.4,0.0
2026,10,9,21,58,21:57,250.9,1.5,1.8,2.1,0.0
2026,10,9,21,59,21:58,261.2,1.4,1.8,2.4,0.0
2026,10,9,22,2,22:01,267.5,0.8,1.3,1.8,0.0
2026,10,9,22,3,22:02,272.9,0.8,1.4,1.8,0.0
2026,10,9,22,4,22:04,273.3,1.1,1.4,1.6,0.0
2026,10,9,22,6,22:06,273.3,0.8,1.1,1.4,0.0
2026,10,9,22,8,22:07,273.3,0.9,1.1,1.2,0.0
2026,10,9,22,9,22:09,273.3,0.7,1.0,1.3,0.0
2026,10,9,22,11,22:11,273.3,0.7,1.1,1.5,0.0
2026,10,9,22,13,22:12,273.3,1.2,1.4,1.6,0.0
2026,10,9,22,14,22:14,273.3,0.9,1.2,1.4,0.0
2026,10,9,22,17,22:16,273.3,1.1,1.6,2.0,0.0
2026,10,9,22,18,22:17,273.3,0.9,1.2,1.8,0.0
2026,10,9,22,19,22:19,273.3,1.1,1.3,1.4,0.0
2026,10,9,22,21,22:21,273.3,0.8,1.1,1.4,0.0
2026,10,9,22,23,22:22,273.3,0.9,1.2,1.5,0.0
2026,10,9,22,24,22:24,273.3,1.1,1.6,1.8,0.0
2026,10,9,22,26,22:26,273.3,1.0,1.4,1.7,0.0
2026,10,9,22,28,22:27,273.3,1.1,1.4,1.6,0.0
2026,10,9,22,29,22:28,273.4,1.3,1.5,1.9,0.0
2026,10,9,22,31,22:30,273.3,1.1,1.4,1.7,0.0
2026,10,9,22,33,22:32,257.7,1.1,1.3,1.5,0.0
2026,10,9,22,34,22:33,275.7,1.1,1.3,1.6,0.0
2026,10,9,22,37,22:36,251.0,1.1,1.5,2.0,0.0
2026,10,9,22,38,22:37,266.1,1.0,1.4,2.6,0.0
2026,10,9,22,39,22:38,254.9,1.4,1.9,2.4,0.0
2026,10,9,22,41,22:40,264.8,1.4,1.7,2.1,0.0
2026,10,9,22,43,22:42,273.3,1.2,1.6,2.0,0.0
2026,10,9,22,44,22:43,274.1,1.2,1.5,1.8,0.0
2026,10,9,22,47,22:46,271.8,1.5,1.8,2.0,0.0
2026,10,9,22,48,22:47,270.3,1.3,1.8,2.5,0.0
2026,10,9,22,49,22:49,272.5,1.1,1.5,2.0,0.0
2026,10,9,22,52,22:51,276.9,1.0,1.8,2.5,0.0
2026,10,9,22,53,22:52,275.5,1.9,2.2,2.6,0.0
2026,10,9,22,54,22:54,277.7,1.8,2.1,2.4,0.0
2026,10,9,22,57,22:56,277.0,1.2,1.4,1.6,0.0
2026,10,9,22,58,22:57,264.9,0.9,1.3,2.0,0.0
2026,10,9,22,59,22:58,264.5,1.6,1.8,2.3,0.0
2026,10,9,23,1,23:01,269.1,1.5,2.0,2.5,0.0
2026,10,9,23,3,23:02,279.8,1.5,1.9,2.2,0.0
2026,10,9,23,4,23:04,272.8,1.5,2.2,2.6,0.0
2026,10,9,23,7,23:06,274.3,1.6,1.9,2.1,0.0
2026,10,9,23,8,23:07,271.7,1.5,1.9,2.1,0.0
2026,10,9,23,11,23:10,269.7,1.4,1.7,2.3,0.0
2026,10,9,23,13,23:12,278.7,1.3,1.8,2.3,0.0
2026,10,9,23,14,23:14,281.5,1.3,1.8,2.3,0.0
2026,10,9,23,17,23:16,261.5,1.3,2.0,3.0,0.0
2026,10,9,23,18,23:17,270.5,1.4,1.8,2.3,0.0
2026,10,9,23,19,23:18,269.8,1.4,2.0,2.5,0.0
2026,10,9,23,21,23:20,262.2,1.5,2.1,2.7,0.0
2026,10,9,23,23,23:22,273.6,2.2,2.4,2.7,0.0
2026,10,9,23,24,23:24,274.1,1.7,2.0,2.5,0.0
2026,10,9,23,27,23:26,266.7,1.5,1.7,2.0,0.0
2026,10,9,23,28,23:27,266.4,1.2,2.0,2.6,0.0
2026,10,9,23,29,23:29,254.7,1.5,2.0,2.5,0.0
2026,10,9,23,32,23:31,249.9,1.4,1.9,2.6,0.0
2026,10,9,23,33,23:32,259.7,1.3,1.9,2.3,0.0
2026,10,9,23,34,23:34,260.5,1.6,2.0,2.3,0.0
2026,10,9,23,37,23:36,270.4,1.7,2.2,2.9,0.0
2026,10,9,23,38,23:37,269.9,1.6,2.1,2.6,0.0
2026,10,9,23,39,23:39,260.5,0.8,1.3,1.7,0.0
2026,10,9,23,41,23:41,262.6,1.3,1.7,2.2,0.0
2026,10,9,23,43,23:42,247.5,1.7,2.0,2.4,0.0
2026,10,9,23,44,23:44,243.8,1.4,2.1,2.7,0.0
2026,10,9,23,47,23:46,253.1,0.5,1.6,2.4,0.0
2026,10,9,23,48,23:47,256.0,0.5,1.8,2.6,0.0
2026,10,9,23,49,23:49,253.1,1.7,2.2,2.8,0.0
2026,10,9,23,51,23:51,248.9,1.1,1.5,1.9,0.0
2026,10,9,23,53,23:52,253.5,1.0,1.5,2.2,0.0
2026,10,9,23,54,23:53,244.2,1.0,1.7,2.3,0.0
2026,10,9,23,56,23:55,248.1,1.1,1.4,1.8,0.0
2026,10,9,23,58,23:57,260.8,1.4,1.8,2.4,0.0
2026,10,9,23,59,23:59,250.6,1.1,1.8,2.6,0.0
