# Helsinki Laru (dlarah.org Lauttasaari) 2026-09-10 Suomen aikaa — lähteen Laru_2026-253.txt sellaisenaan
# vuosi kk pv kirjoitus-h kirjoitus-min hh:mm suunta min ka max lämpötila (asemalla ei mittaria)
2026,9,10,0,2,00:01,228.4,1.9,2.7,3.6,0.0
2026,9,10,0,3,00:02,226.1,2.2,2.5,3.3,0.0
2026,9,10,0,4,00:04,228.0,1.8,2.4,3.4,0.0
2026,9,10,0,7,00:06,220.8,2.5,3.0,3.3,0.0
2026,9,10,0,8,00:07,219.0,1.9,2.7,3.2,0.0
2026,9,10,0,9,00:09,213.6,2.3,2.5,2.8,0.0
2026,9,10,0,11,00:11,212.8,2.0,2.8,3.2,0.0
2026,9,10,0,13,00:12,216.8,2.4,2.9,3.2,0.0
2026,9,10,0,14,00:14,202.0,2.3,2.7,3.3,0.0
2026,9,10,0,16,00:16,212.3,2.5,2.8,3.1,0.0
2026,9,10,0,18,00:17,216.2,2.5,2.8,3.1,0.0
2026,9,10,0,19,00:18,216.3,2.5,2.8,3.2,0.0
2026,9,10,0,22,00:21,219.1,2.2,2.5,2.9,0.0
2026,9,10,0,23,00:22,214.0,2.4,2.9,3.2,0.0
2026,9,10,0,24,00:24,219.0,2.4,2.6,2.9,0.0
2026,9,10,0,26,00:25,225.0,1.6,2.1,2.4,0.0
2026,9,10,0,28,00:27,224.9,1.5,2.2,2.7,0.0
2026,9,10,0,29,00:29,220.4,1.6,1.9,2.3,0.0
2026,9,10,0,31,00:30,220.0,1.7,2.3,2.6,0.0
2026,9,10,0,33,00:32,220.0,2.1,2.4,2.9,0.0
2026,9,10,0,34,00:34,215.1,1.6,2.2,2.7,0.0
2026,9,10,0,36,00:36,220.6,1.8,2.2,2.5,0.0
2026,9,10,0,38,00:37,221.0,1.9,2.2,2.6,0.0
2026,9,10,0,39,00:38,225.8,1.8,2.3,2.7,0.0
2026,9,10,0,41,00:41,223.1,1.9,2.3,2.8,0.0
2026,9,10,0,43,00:42,224.3,1.6,2.0,2.3,0.0
2026,9,10,0,44,00:43,219.8,2.4,2.9,3.4,0.0
2026,9,10,0,46,00:45,219.7,2.4,2.6,3.0,0.0
2026,9,10,0,48,00:47,218.9,2.5,3.1,3.7,0.0
2026,9,10,0,49,00:49,218.6,2.3,2.8,3.4,0.0
2026,9,10,0,51,00:51,216.7,2.3,2.7,3.1,0.0
2026,9,10,0,53,00:52,212.1,2.5,2.8,3.4,0.0
2026,9,10,0,54,00:53,215.4,2.5,2.8,3.1,0.0
2026,9,10,0,56,00:56,210.2,2.4,2.8,3.4,0.0
2026,9,10,0,58,00:57,208.8,2.5,2.8,3.2,0.0
2026,9,10,0,59,00:59,207.9,2.7,3.0,3.3,0.0
2026,9,10,1,2,01:01,207.4,2.4,2.8,3.2,0.0
2026,9,10,1,3,01:02,209.6,2.4,2.7,3.0,0.0
2026,9,10,1,4,01:04,207.5,2.5,2.9,3.4,0.0
2026,9,10,1,7,01:06,209.0,2.4,2.8,3.2,0.0
2026,9,10,1,8,01:07,212.4,2.7,3.1,3.6,0.0
2026,9,10,1,9,01:09,216.9,2.6,2.9,3.1,0.0
2026,9,10,1,12,01:11,220.0,2.1,2.6,3.0,0.0
2026,9,10,1,13,01:12,211.9,2.4,2.7,3.2,0.0
2026,9,10,1,14,01:14,215.4,2.4,2.7,3.0,0.0
2026,9,10,1,17,01:16,219.1,2.1,2.5,2.9,0.0
2026,9,10,1,18,01:17,217.4,1.9,2.7,3.0,0.0
2026,9,10,1,19,01:19,218.6,1.9,2.3,2.7,0.0
2026,9,10,1,22,01:21,217.0,2.2,2.7,3.0,0.0
2026,9,10,1,23,01:22,219.2,2.2,2.5,2.8,0.0
2026,9,10,1,24,01:24,218.7,2.0,2.3,2.6,0.0
2026,9,10,1,26,01:26,220.5,2.2,2.4,2.8,0.0
2026,9,10,1,28,01:27,216.4,2.0,2.7,3.4,0.0
2026,9,10,1,29,01:29,219.2,2.3,2.6,3.0,0.0
2026,9,10,1,31,01:30,225.5,2.4,3.0,3.4,0.0
2026,9,10,1,33,01:32,234.7,2.1,2.6,3.1,0.0
2026,9,10,1,34,01:33,227.7,1.9,2.2,2.7,0.0
2026,9,10,1,37,01:36,233.4,1.6,2.0,2.6,0.0
2026,9,10,1,38,01:37,224.5,1.4,2.2,3.7,0.0
2026,9,10,1,39,01:39,227.6,1.9,2.4,2.9,0.0
2026,9,10,1,42,01:41,224.2,2.0,2.3,2.9,0.0
2026,9,10,1,43,01:42,223.7,1.9,2.6,3.0,0.0
2026,9,10,1,44,01:43,226.7,1.8,2.4,3.1,0.0
2026,9,10,1,46,01:45,229.9,1.8,2.2,2.9,0.0
2026,9,10,1,48,01:47,231.6,1.9,2.3,3.0,0.0
2026,9,10,1,49,01:49,238.0,1.5,1.9,2.7,0.0
2026,9,10,1,51,01:51,222.1,1.7,2.2,2.6,0.0
2026,9,10,1,53,01:52,224.5,1.8,2.3,2.7,0.0
2026,9,10,1,54,01:53,233.9,1.5,2.0,2.8,0.0
2026,9,10,1,56,01:55,229.7,1.8,2.2,2.7,0.0
2026,9,10,1,58,01:57,222.3,2.1,2.6,3.3,0.0
2026,9,10,1,59,01:58,225.1,2.4,2.8,3.5,0.0
2026,9,10,2,1,02:01,230.4,2.2,2.6,3.0,0.0
2026,9,10,2,3,02:02,232.9,1.8,2.3,2.9,0.0
2026,9,10,2,4,02:04,243.0,1.6,2.1,2.8,0.0
2026,9,10,2,6,02:05,233.1,1.7,2.1,2.4,0.0
2026,9,10,2,8,02:07,241.7,1.0,1.4,1.9,0.0
2026,9,10,2,9,02:08,254.3,0.8,1.2,1.6,0.0
2026,9,10,2,11,02:10,230.8,1.3,1.5,1.8,0.0
2026,9,10,2,13,02:12,230.8,1.4,1.7,2.1,0.0
2026,9,10,2,14,02:14,230.8,1.2,1.7,2.5,0.0
2026,9,10,2,16,02:16,227.0,1.6,2.0,2.4,0.0
2026,9,10,2,18,02:17,234.9,1.8,2.2,2.9,0.0
2026,9,10,2,19,02:18,224.9,1.8,2.1,2.6,0.0
2026,9,10,2,22,02:21,220.9,2.0,2.5,3.4,0.0
2026,9,10,2,23,02:22,226.7,1.8,2.2,2.6,0.0
2026,9,10,2,24,02:23,222.4,2.0,2.3,2.5,0.0
2026,9,10,2,27,02:26,215.0,1.8,2.7,3.5,0.0
2026,9,10,2,28,02:27,215.2,2.7,3.1,3.5,0.0
2026,9,10,2,29,02:29,212.1,2.5,2.7,3.2,0.0
2026,9,10,2,31,02:31,205.4,2.3,2.6,2.9,0.0
2026,9,10,2,33,02:32,203.4,2.5,2.9,3.2,0.0
2026,9,10,2,34,02:34,206.6,2.6,3.0,3.2,0.0
2026,9,10,2,37,02:36,200.3,2.6,3.2,3.5,0.0
2026,9,10,2,38,02:37,198.4,2.5,3.0,3.5,0.0
2026,9,10,2,39,02:38,198.4,2.8,3.0,3.2,0.0
2026,9,10,2,42,02:41,189.1,2.7,3.0,3.4,0.0
2026,9,10,2,43,02:42,190.2,2.8,3.0,3.3,0.0
2026,9,10,2,44,02:44,199.7,3.1,3.3,3.6,0.0
2026,9,10,2,46,02:45,199.4,2.4,2.9,3.5,0.0
2026,9,10,2,48,02:47,200.8,2.5,2.8,3.3,0.0
2026,9,10,2,49,02:48,202.2,2.2,2.5,2.8,0.0
2026,9,10,2,52,02:51,203.5,2.2,2.5,2.9,0.0
2026,9,10,2,53,02:52,201.0,2.3,2.7,3.2,0.0
2026,9,10,2,54,02:53,200.3,2.5,2.8,3.1,0.0
2026,9,10,2,56,02:56,205.2,1.9,2.3,2.6,0.0
2026,9,10,2,58,02:57,201.5,1.8,2.5,2.9,0.0
2026,9,10,2,59,02:59,202.3,2.3,2.7,3.1,0.0
2026,9,10,3,2,03:01,203.8,2.1,2.3,2.6,0.0
2026,9,10,3,3,03:02,203.2,2.2,2.5,2.8,0.0
2026,9,10,3,4,03:03,202.6,2.2,2.6,3.0,0.0
2026,9,10,3,7,03:06,202.8,2.4,2.7,2.8,0.0
2026,9,10,3,8,03:07,207.4,2.2,2.6,2.9,0.0
2026,9,10,3,9,03:08,204.2,2.4,2.6,2.7,0.0
2026,9,10,3,12,03:11,197.4,2.1,2.6,3.0,0.0
2026,9,10,3,13,03:12,200.4,2.3,2.6,2.9,0.0
2026,9,10,3,14,03:13,200.0,2.3,2.7,3.0,0.0
2026,9,10,3,17,03:16,194.1,2.3,2.6,3.0,0.0
2026,9,10,3,18,03:17,192.5,2.5,2.9,3.6,0.0
2026,9,10,3,19,03:18,196.8,2.7,3.2,3.6,0.0
2026,9,10,3,21,03:21,193.6,2.5,3.0,3.3,0.0
2026,9,10,3,23,03:22,192.7,2.6,3.1,3.6,0.0
2026,9,10,3,24,03:23,195.9,2.4,2.8,3.3,0.0
2026,9,10,3,27,03:26,196.2,2.6,3.1,3.7,0.0
2026,9,10,3,28,03:27,194.3,2.6,2.9,3.4,0.0
2026,9,10,3,29,03:28,195.4,3.0,3.4,3.7,0.0
2026,9,10,3,31,03:31,191.6,2.8,3.2,3.4,0.0
2026,9,10,3,33,03:32,193.5,2.4,2.8,3.3,0.0
2026,9,10,3,34,03:34,195.8,2.4,2.8,3.2,0.0
2026,9,10,3,36,03:35,196.2,2.6,2.8,3.0,0.0
2026,9,10,3,38,03:37,202.1,2.5,2.8,3.2,0.0
2026,9,10,3,39,03:38,200.8,2.4,2.7,2.9,0.0
2026,9,10,3,41,03:41,205.1,2.5,2.9,3.6,0.0
2026,9,10,3,43,03:42,207.0,2.7,3.0,3.4,0.0
2026,9,10,3,44,03:43,205.7,2.6,3.1,3.7,0.0
2026,9,10,3,46,03:45,199.7,2.5,3.0,3.3,0.0
2026,9,10,3,48,03:47,200.2,3.3,3.6,3.9,0.0
2026,9,10,3,49,03:49,203.8,3.1,3.5,3.9,0.0
2026,9,10,3,51,03:51,206.8,2.7,3.3,3.8,0.0
2026,9,10,3,53,03:52,201.9,2.6,3.1,3.5,0.0
2026,9,10,3,54,03:53,209.4,2.5,2.8,3.4,0.0
2026,9,10,3,57,03:56,202.0,2.4,2.7,2.9,0.0
2026,9,10,3,58,03:57,207.3,2.2,2.5,2.8,0.0
2026,9,10,3,59,03:59,205.8,2.0,2.3,2.8,0.0
2026,9,10,4,2,04:01,212.9,2.3,2.7,2.8,0.0
2026,9,10,4,3,04:02,215.1,2.2,2.4,2.7,0.0
2026,9,10,4,4,04:03,215.7,1.9,2.1,2.3,0.0
2026,9,10,4,6,04:05,212.4,2.2,2.4,2.8,0.0
2026,9,10,4,8,04:07,209.7,1.9,2.2,2.5,0.0
2026,9,10,4,9,04:08,223.1,1.9,2.1,2.4,0.0
2026,9,10,4,11,04:10,216.6,1.9,2.3,2.6,0.0
2026,9,10,4,13,04:12,213.7,1.6,2.4,2.7,0.0
2026,9,10,4,14,04:13,224.6,1.9,2.2,2.4,0.0
2026,9,10,4,16,04:16,221.0,1.7,2.1,2.5,0.0
2026,9,10,4,18,04:17,221.9,1.8,2.1,2.6,0.0
2026,9,10,4,19,04:19,220.2,2.1,2.5,3.1,0.0
2026,9,10,4,21,04:21,218.2,2.1,2.4,2.7,0.0
2026,9,10,4,23,04:22,223.0,2.1,2.4,2.8,0.0
2026,9,10,4,24,04:24,228.5,1.6,2.0,2.3,0.0
2026,9,10,4,27,04:26,220.5,1.8,2.0,2.3,0.0
2026,9,10,4,28,04:27,225.8,1.8,2.2,2.5,0.0
2026,9,10,4,29,04:28,220.0,1.6,2.0,2.4,0.0
2026,9,10,4,31,04:30,231.1,1.7,2.1,2.5,0.0
2026,9,10,4,33,04:32,220.3,2.2,2.4,2.7,0.0
2026,9,10,4,34,04:33,225.3,1.7,2.1,2.7,0.0
2026,9,10,4,36,04:35,213.8,2.1,2.4,2.9,0.0
2026,9,10,4,38,04:37,218.2,1.6,2.3,2.8,0.0
2026,9,10,4,39,04:38,214.1,2.0,2.5,3.0,0.0
2026,9,10,4,41,04:40,209.9,2.2,2.4,2.7,0.0
2026,9,10,4,43,04:42,217.0,2.0,2.5,2.9,0.0
2026,9,10,4,44,04:43,220.0,2.1,2.3,2.7,0.0
2026,9,10,4,46,04:46,220.0,2.4,2.6,2.9,0.0
2026,9,10,4,48,04:47,217.7,2.1,2.3,2.5,0.0
2026,9,10,4,49,04:48,219.9,1.9,2.1,2.4,0.0
2026,9,10,4,51,04:50,215.1,1.8,2.3,2.8,0.0
2026,9,10,4,53,04:52,215.1,1.5,1.9,2.1,0.0
2026,9,10,4,54,04:53,215.2,1.5,1.8,2.0,0.0
2026,9,10,4,56,04:55,213.5,2.1,2.4,2.5,0.0
2026,9,10,4,58,04:57,204.3,2.0,2.2,2.5,0.0
2026,9,10,4,59,04:59,214.5,2.1,2.3,2.6,0.0
2026,9,10,5,1,05:00,210.5,2.1,2.4,2.9,0.0
2026,9,10,5,3,05:02,216.8,1.8,2.2,2.5,0.0
2026,9,10,5,4,05:04,213.4,2.3,2.6,2.8,0.0
2026,9,10,5,7,05:06,213.7,2.3,2.6,2.9,0.0
2026,9,10,5,8,05:07,213.4,1.7,2.1,2.6,0.0
2026,9,10,5,9,05:08,214.7,2.1,2.4,2.7,0.0
2026,9,10,5,12,05:11,219.9,1.9,2.2,2.6,0.0
2026,9,10,5,13,05:12,217.8,2.3,2.6,2.9,0.0
2026,9,10,5,14,05:14,221.3,1.5,1.9,2.2,0.0
2026,9,10,5,16,05:15,224.0,1.8,2.3,2.7,0.0
2026,9,10,5,18,05:17,216.8,1.8,2.0,2.2,0.0
2026,9,10,5,19,05:19,217.1,1.8,2.2,2.7,0.0
2026,9,10,5,21,05:20,221.4,2.1,2.5,2.9,0.0
2026,9,10,5,23,05:22,225.9,1.8,2.1,2.8,0.0
2026,9,10,5,24,05:23,239.5,1.5,2.0,2.4,0.0
2026,9,10,5,26,05:26,227.1,1.8,2.1,2.5,0.0
2026,9,10,5,28,05:27,221.4,1.5,2.1,2.5,0.0
2026,9,10,5,29,05:28,232.5,1.7,2.0,2.3,0.0
2026,9,10,5,31,05:30,229.1,1.4,1.8,2.2,0.0
2026,9,10,5,33,05:32,229.1,1.4,1.9,2.2,0.0
2026,9,10,5,34,05:34,231.7,0.8,1.5,2.2,0.0
2026,9,10,5,36,05:36,234.3,1.7,2.0,2.4,0.0
2026,9,10,5,38,05:37,225.1,1.6,2.1,2.5,0.0
2026,9,10,5,39,05:39,242.1,0.9,1.5,2.1,0.0
2026,9,10,5,41,05:41,232.2,1.6,1.8,2.0,0.0
2026,9,10,5,43,05:42,233.3,1.2,1.6,2.3,0.0
2026,9,10,5,44,05:44,218.9,1.0,1.2,1.6,0.0
2026,9,10,5,46,05:45,229.1,1.1,1.5,1.9,0.0
2026,9,10,5,48,05:47,231.8,1.0,1.3,2.0,0.0
2026,9,10,5,49,05:48,231.7,1.4,1.6,2.0,0.0
2026,9,10,5,51,05:50,231.8,0.8,1.3,1.8,0.0
2026,9,10,5,53,05:52,231.7,1.0,1.4,1.7,0.0
2026,9,10,5,54,05:54,231.7,1.1,1.4,1.8,0.0
2026,9,10,5,57,05:56,231.8,1.0,1.3,1.6,0.0
2026,9,10,5,58,05:57,231.8,1.0,1.4,1.8,0.0
2026,9,10,5,59,05:59,204.9,1.5,2.0,2.4,0.0
2026,9,10,6,1,05:59,204.9,1.5,2.0,2.4,0.0
2026,9,10,6,3,06:02,215.7,2.0,2.4,2.7,0.0
2026,9,10,6,4,06:04,209.7,2.5,2.8,3.1,0.0
2026,9,10,6,6,06:06,211.9,1.8,2.2,2.7,0.0
2026,9,10,6,8,06:07,210.3,1.8,2.1,2.3,0.0
2026,9,10,6,9,06:08,210.3,1.6,1.9,2.1,0.0
2026,9,10,6,12,06:11,206.9,1.7,2.0,2.3,0.0
2026,9,10,6,13,06:12,206.9,1.8,2.1,2.3,0.0
2026,9,10,6,14,06:14,206.9,1.6,2.0,2.3,0.0
2026,9,10,6,16,06:16,206.9,1.9,2.0,2.1,0.0
2026,9,10,6,18,06:17,206.9,1.8,2.0,2.2,0.0
2026,9,10,6,19,06:18,206.9,1.8,2.1,2.6,0.0
2026,9,10,6,21,06:20,206.9,1.9,2.2,2.4,0.0
2026,9,10,6,23,06:22,194.0,1.7,1.8,2.0,0.0
2026,9,10,6,24,06:24,182.0,1.6,2.0,2.4,0.0
2026,9,10,6,27,06:26,188.6,2.0,2.3,2.6,0.0
2026,9,10,6,28,06:27,193.9,1.9,2.1,2.4,0.0
2026,9,10,6,29,06:29,193.9,1.9,2.1,2.3,0.0
2026,9,10,6,31,06:31,193.9,2.0,2.2,2.3,0.0
2026,9,10,6,33,06:32,193.9,1.8,2.0,2.2,0.0
2026,9,10,6,34,06:34,194.0,1.6,1.7,1.9,0.0
2026,9,10,6,36,06:35,193.9,1.7,1.9,2.1,0.0
2026,9,10,6,38,06:37,193.9,1.3,1.5,1.8,0.0
2026,9,10,6,39,06:38,193.9,1.3,1.5,1.7,0.0
2026,9,10,6,42,06:41,193.9,0.7,0.8,1.0,0.0
2026,9,10,6,43,06:42,193.9,0.5,0.6,0.7,0.0
2026,9,10,6,44,06:43,193.9,0.7,0.8,0.9,0.0
2026,9,10,6,46,06:46,193.9,0.9,1.0,1.1,0.0
2026,9,10,6,48,06:47,193.9,0.8,0.9,1.1,0.0
2026,9,10,6,49,06:48,194.0,0.9,0.9,1.0,0.0
2026,9,10,6,51,06:50,193.9,1.0,1.1,1.4,0.0
2026,9,10,6,53,06:52,193.9,1.1,1.2,1.2,0.0
2026,9,10,6,54,06:53,193.9,0.9,1.0,1.1,0.0
2026,9,10,6,56,06:56,193.9,0.7,0.9,1.0,0.0
2026,9,10,6,58,06:57,193.9,0.8,0.9,1.0,0.0
2026,9,10,6,59,06:58,193.9,0.7,0.8,0.9,0.0
2026,9,10,7,1,07:00,193.9,0.8,1.1,1.3,0.0
2026,9,10,7,3,07:02,193.9,0.9,1.1,1.3,0.0
2026,9,10,7,4,07:04,193.9,1.2,1.5,1.8,0.0
2026,9,10,7,7,07:06,193.9,0.6,0.9,1.3,0.0
2026,9,10,7,8,07:07,193.9,0.8,1.1,1.5,0.0
2026,9,10,7,9,07:09,194.0,1.1,1.3,1.6,0.0
2026,9,10,7,12,07:11,193.9,1.1,1.3,1.5,0.0
2026,9,10,7,13,07:12,193.9,0.8,1.0,1.2,0.0
2026,9,10,7,14,07:13,183.2,0.8,1.2,1.7,0.0
2026,9,10,7,16,07:15,172.4,0.9,1.1,1.4,0.0
2026,9,10,7,18,07:17,172.4,1.2,1.3,1.5,0.0
2026,9,10,7,19,07:19,172.4,1.0,1.1,1.2,0.0
2026,9,10,7,21,07:21,165.7,1.2,1.4,1.8,0.0
2026,9,10,7,23,07:22,159.3,1.3,1.9,2.5,0.0
2026,9,10,7,24,07:23,176.6,2.1,2.7,3.3,0.0
2026,9,10,7,26,07:26,180.5,1.8,2.0,2.2,0.0
2026,9,10,7,28,07:27,188.6,1.5,1.8,2.0,0.0
2026,9,10,7,29,07:29,188.7,1.3,1.4,1.5,0.0
2026,9,10,7,32,07:31,188.6,0.8,1.0,1.2,0.0
2026,9,10,7,33,07:32,188.7,0.7,1.0,1.3,0.0
2026,9,10,7,34,07:34,188.7,0.9,1.1,1.4,0.0
2026,9,10,7,36,07:35,188.6,1.1,1.2,1.3,0.0
2026,9,10,7,38,07:37,188.7,0.9,1.1,1.2,0.0
2026,9,10,7,39,07:38,197.3,1.0,1.5,1.9,0.0
2026,9,10,7,41,07:41,192.4,2.3,2.6,2.9,0.0
2026,9,10,7,43,07:42,193.6,2.2,2.7,3.4,0.0
2026,9,10,7,44,07:43,193.9,3.0,3.2,3.5,0.0
2026,9,10,7,46,07:46,185.9,2.1,2.6,2.9,0.0
2026,9,10,7,48,07:47,181.7,2.5,3.1,3.4,0.0
2026,9,10,7,49,07:49,186.8,3.2,3.8,4.3,0.0
2026,9,10,7,51,07:51,187.1,3.3,3.5,3.9,0.0
2026,9,10,7,53,07:52,189.1,3.0,3.7,4.1,0.0
2026,9,10,7,54,07:54,190.7,3.5,3.8,4.1,0.0
2026,9,10,7,57,07:56,196.0,3.2,3.5,4.2,0.0
2026,9,10,7,58,07:57,194.3,3.3,3.8,4.2,0.0
2026,9,10,7,59,07:58,200.3,3.0,3.4,4.0,0.0
2026,9,10,8,2,08:01,208.7,2.6,3.1,3.5,0.0
2026,9,10,8,3,08:02,207.2,2.8,3.4,3.8,0.0
2026,9,10,8,4,08:03,208.5,3.2,3.4,3.8,0.0
2026,9,10,8,6,08:06,214.4,3.1,3.4,3.9,0.0
2026,9,10,8,8,08:07,215.2,2.6,3.3,3.9,0.0
2026,9,10,8,9,08:09,210.3,2.7,3.4,4.0,0.0
2026,9,10,8,12,08:11,206.2,3.5,4.0,4.6,0.0
2026,9,10,8,13,08:12,205.8,3.2,4.0,5.0,0.0
2026,9,10,8,14,08:14,208.1,3.7,4.2,4.6,0.0
2026,9,10,8,17,08:16,203.5,3.6,4.2,5.2,0.0
2026,9,10,8,18,08:17,210.1,4.0,4.9,5.4,0.0
2026,9,10,8,19,08:18,198.9,3.6,4.5,5.6,0.0
2026,9,10,8,22,08:21,214.4,2.9,3.4,3.7,0.0
2026,9,10,8,23,08:22,215.3,2.9,3.5,4.1,0.0
2026,9,10,8,24,08:23,220.4,2.8,3.4,3.9,0.0
2026,9,10,8,26,08:25,218.1,3.3,3.8,4.7,0.0
2026,9,10,8,28,08:27,227.6,3.0,3.8,4.8,0.0
2026,9,10,8,29,08:28,211.2,3.1,4.2,5.1,0.0
2026,9,10,8,32,08:31,212.1,4.2,5.2,6.7,0.0
2026,9,10,8,33,08:32,203.7,5.3,7.1,9.8,0.0
2026,9,10,8,34,08:33,205.4,6.9,8.9,10.5,0.0
2026,9,10,8,36,08:36,190.2,3.4,4.5,5.8,0.0
2026,9,10,8,38,08:37,166.4,3.6,4.3,5.0,0.0
2026,9,10,8,39,08:39,136.9,0.8,1.8,3.2,0.0
2026,9,10,8,41,08:41,144.0,0.7,1.3,2.4,0.0
2026,9,10,8,43,08:42,97.9,0.0,0.6,1.1,0.0
2026,9,10,8,44,08:43,113.7,0.0,0.0,0.0,0.0
2026,9,10,8,46,08:46,113.7,0.0,0.0,0.0,0.0
2026,9,10,8,48,08:47,113.7,0.0,0.0,0.0,0.0
2026,9,10,8,49,08:48,113.7,0.0,0.0,0.0,0.0
2026,9,10,8,51,08:50,113.7,0.0,0.2,0.4,0.0
2026,9,10,8,53,08:52,113.7,0.4,0.5,0.7,0.0
2026,9,10,8,54,08:53,113.7,0.5,0.7,0.9,0.0
2026,9,10,8,57,08:56,113.7,0.0,0.6,0.8,0.0
2026,9,10,8,58,08:57,113.7,0.0,0.2,0.6,0.0
2026,9,10,8,59,08:58,113.7,0.0,0.0,0.0,0.0
2026,9,10,9,1,09:00,113.7,0.0,0.0,0.0,0.0
2026,9,10,9,3,09:02,113.7,0.0,0.0,0.0,0.0
2026,9,10,9,4,09:04,113.7,0.0,0.3,0.5,0.0
2026,9,10,9,7,09:06,113.7,0.0,0.2,0.4,0.0
2026,9,10,9,8,09:07,113.7,0.0,0.3,0.7,0.0
2026,9,10,9,9,09:09,113.7,0.0,0.6,0.8,0.0
2026,9,10,9,12,09:11,113.7,0.0,0.0,0.0,0.0
2026,9,10,9,13,09:12,113.7,0.0,0.0,0.0,0.0
2026,9,10,9,14,09:14,113.8,0.0,0.0,0.0,0.0
2026,9,10,9,17,09:16,113.7,0.0,0.0,0.0,0.0
2026,9,10,9,18,09:17,113.7,0.0,0.0,0.0,0.0
2026,9,10,9,19,09:18,113.7,0.0,0.0,0.0,0.0
2026,9,10,9,21,09:21,113.7,0.0,0.0,0.0,0.0
2026,9,10,9,23,09:22,113.8,0.0,0.0,0.0,0.0
2026,9,10,9,24,09:24,113.7,0.0,0.0,0.0,0.0
2026,9,10,9,26,09:25,113.8,0.0,0.0,0.0,0.0
2026,9,10,9,28,09:27,113.7,0.0,0.0,0.0,0.0
2026,9,10,9,29,09:28,113.7,0.0,0.0,0.0,0.0
2026,9,10,9,31,09:30,113.8,0.0,0.2,0.5,0.0
2026,9,10,9,33,09:32,113.8,0.6,0.6,0.7,0.0
2026,9,10,9,34,09:34,113.8,0.6,0.8,0.8,0.0
2026,9,10,9,37,09:36,113.7,1.0,1.1,1.2,0.0
2026,9,10,9,38,09:37,113.7,1.0,1.1,1.2,0.0
2026,9,10,9,39,09:38,113.7,1.1,1.3,1.5,0.0
2026,9,10,9,41,09:41,113.7,0.8,0.6,1.2,0.0
2026,9,10,9,43,09:42,113.7,0.0,0.4,0.9,0.0
2026,9,10,9,44,09:43,113.7,0.0,0.4,0.8,0.0
2026,9,10,9,46,09:46,149.5,1.1,1.4,1.7,0.0
2026,9,10,9,48,09:47,149.5,0.8,1.0,1.3,0.0
2026,9,10,9,49,09:49,151.9,0.6,0.8,1.8,0.0
2026,9,10,9,52,09:51,151.4,1.2,1.7,2.2,0.0
2026,9,10,9,53,09:52,151.6,1.7,2.1,2.5,0.0
2026,9,10,9,54,09:54,158.0,0.5,1.6,2.5,0.0
2026,9,10,9,57,09:56,156.5,1.2,2.1,3.2,0.0
2026,9,10,9,58,09:57,162.0,1.1,1.8,2.7,0.0
2026,9,10,9,59,09:58,156.4,1.1,1.7,2.0,0.0
2026,9,10,10,2,10:01,156.5,1.2,1.8,2.2,0.0
2026,9,10,10,3,10:02,158.2,1.6,2.1,2.6,0.0
2026,9,10,10,4,10:04,156.3,1.1,1.7,2.1,0.0
2026,9,10,10,7,10:06,151.7,1.2,2.1,2.7,0.0
2026,9,10,10,8,10:07,160.8,1.0,2.1,2.6,0.0
2026,9,10,10,9,10:09,160.4,1.6,2.1,2.6,0.0
2026,9,10,10,12,10:11,160.2,1.5,2.0,2.3,0.0
2026,9,10,10,13,10:12,157.6,1.7,2.2,2.9,0.0
2026,9,10,10,14,10:13,160.0,2.2,2.6,3.3,0.0
2026,9,10,10,17,10:16,177.3,2.3,2.7,3.1,0.0
2026,9,10,10,18,10:17,172.7,2.3,2.7,3.2,0.0
2026,9,10,10,19,10:19,162.3,1.8,2.3,2.8,0.0
2026,9,10,10,21,10:21,165.4,2.0,2.3,2.7,0.0
2026,9,10,10,23,10:22,161.3,1.8,2.2,2.7,0.0
2026,9,10,10,24,10:24,173.0,1.9,2.3,2.6,0.0
2026,9,10,10,26,10:26,171.5,1.9,2.2,2.4,0.0
2026,9,10,10,28,10:27,171.5,2.1,2.3,2.5,0.0
2026,9,10,10,29,10:28,171.5,1.8,2.2,2.6,0.0
2026,9,10,10,31,10:30,180.3,1.7,2.0,2.4,0.0
2026,9,10,10,33,10:32,190.4,2.0,2.2,2.5,0.0
2026,9,10,10,34,10:34,197.9,2.0,2.6,3.3,0.0
2026,9,10,10,37,10:36,205.0,2.0,2.3,2.7,0.0
2026,9,10,10,38,10:37,201.4,2.0,2.4,2.7,0.0
2026,9,10,10,39,10:39,202.6,2.1,2.5,2.7,0.0
2026,9,10,10,41,10:40,204.1,2.2,2.4,2.8,0.0
2026,9,10,10,43,10:42,200.3,2.0,2.4,2.6,0.0
2026,9,10,10,44,10:43,196.3,2.2,2.4,2.7,0.0
2026,9,10,10,46,10:45,199.5,1.8,2.1,2.5,0.0
2026,9,10,10,48,10:47,202.9,1.8,2.0,2.4,0.0
2026,9,10,10,49,10:49,202.9,1.6,1.9,2.2,0.0
2026,9,10,10,51,10:51,206.1,1.7,1.9,2.1,0.0
2026,9,10,10,53,10:52,205.5,1.8,2.2,2.5,0.0
2026,9,10,10,54,10:54,191.3,1.9,2.1,2.3,0.0
2026,9,10,10,57,10:56,199.5,2.1,2.3,2.5,0.0
2026,9,10,10,58,10:57,198.9,2.1,2.2,2.5,0.0
2026,9,10,10,59,10:58,198.8,1.9,2.1,2.4,0.0
2026,9,10,11,2,11:01,195.0,2.0,2.4,2.7,0.0
2026,9,10,11,3,11:02,194.9,2.0,2.3,2.6,0.0
2026,9,10,11,4,11:04,195.8,1.8,2.2,2.5,0.0
2026,9,10,11,7,11:06,201.3,2.0,2.3,2.7,0.0
2026,9,10,11,8,11:07,201.3,1.9,2.1,2.5,0.0
2026,9,10,11,9,11:08,193.0,1.9,2.2,2.5,0.0
2026,9,10,11,11,11:11,198.8,1.9,2.4,2.7,0.0
2026,9,10,11,13,11:12,200.3,2.0,2.2,2.4,0.0
2026,9,10,11,14,11:13,200.3,1.9,2.0,2.3,0.0
2026,9,10,11,16,11:15,200.4,2.0,2.2,2.5,0.0
2026,9,10,11,18,11:17,200.4,1.7,2.2,2.7,0.0
2026,9,10,11,19,11:19,207.8,2.1,2.5,2.8,0.0
2026,9,10,11,21,11:21,207.1,2.1,2.4,2.7,0.0
2026,9,10,11,23,11:22,206.7,2.5,2.8,3.1,0.0
2026,9,10,11,24,11:24,205.7,2.4,2.8,3.1,0.0
2026,9,10,11,27,11:26,200.9,2.8,3.3,3.6,0.0
2026,9,10,11,28,11:27,200.2,3.1,3.3,3.6,0.0
2026,9,10,11,29,11:29,204.4,2.8,3.2,3.5,0.0
2026,9,10,11,32,11:31,196.8,2.4,2.9,3.3,0.0
2026,9,10,11,33,11:32,198.4,3.0,3.5,3.9,0.0
2026,9,10,11,34,11:33,199.9,2.8,3.3,3.9,0.0
2026,9,10,11,36,11:35,195.5,3.1,3.4,3.7,0.0
2026,9,10,11,38,11:37,198.7,3.1,3.7,4.3,0.0
2026,9,10,11,39,11:38,200.4,3.3,3.6,4.0,0.0
2026,9,10,11,41,11:40,197.7,3.2,3.6,4.0,0.0
2026,9,10,11,43,11:42,197.5,3.2,3.8,4.4,0.0
2026,9,10,11,44,11:43,201.7,2.9,3.5,4.1,0.0
2026,9,10,11,47,11:46,195.2,3.0,3.6,4.1,0.0
2026,9,10,11,48,11:47,188.0,3.3,4.1,4.6,0.0
2026,9,10,11,49,11:48,191.2,3.9,4.5,4.9,0.0
2026,9,10,11,51,11:51,192.9,3.0,3.5,4.6,0.0
2026,9,10,11,53,11:52,190.5,3.5,3.8,4.4,0.0
2026,9,10,11,54,11:54,211.8,3.2,3.6,4.0,0.0
2026,9,10,11,56,11:56,194.4,3.3,3.8,4.4,0.0
2026,9,10,11,58,11:57,188.5,3.3,3.7,4.1,0.0
2026,9,10,11,59,11:59,191.7,3.8,4.4,4.9,0.0
2026,9,10,12,2,12:01,189.1,3.5,4.1,4.6,0.0
2026,9,10,12,3,12:02,188.6,3.8,4.3,4.8,0.0
2026,9,10,12,4,12:03,186.5,3.6,4.1,4.6,0.0
2026,9,10,12,6,12:06,193.8,3.9,4.6,5.2,0.0
2026,9,10,12,8,12:07,193.4,4.0,4.4,4.9,0.0
2026,9,10,12,9,12:08,194.4,3.6,4.2,4.5,0.0
2026,9,10,12,11,12:10,196.4,3.9,4.4,5.2,0.0
2026,9,10,12,13,12:12,196.3,3.5,4.1,4.6,0.0
2026,9,10,12,14,12:13,201.0,3.5,4.0,4.2,0.0
2026,9,10,12,16,12:16,195.3,3.1,3.7,4.2,0.0
2026,9,10,12,18,12:17,195.7,3.0,3.7,4.4,0.0
2026,9,10,12,19,12:19,188.2,3.3,4.0,4.4,0.0
2026,9,10,12,22,12:21,194.7,3.6,3.9,4.6,0.0
2026,9,10,12,23,12:22,193.4,3.7,4.2,4.6,0.0
2026,9,10,12,24,12:23,192.6,3.7,4.1,4.7,0.0
2026,9,10,12,26,12:25,191.6,3.7,4.3,4.9,0.0
2026,9,10,12,28,12:27,189.0,3.6,4.3,4.9,0.0
2026,9,10,12,29,12:28,192.5,4.1,4.5,4.9,0.0
2026,9,10,12,32,12:31,195.8,3.6,4.2,4.9,0.0
2026,9,10,12,33,12:32,192.8,3.4,4.2,4.7,0.0
2026,9,10,12,34,12:33,192.0,3.7,4.3,4.9,0.0
2026,9,10,12,36,12:36,189.7,3.9,4.5,5.0,0.0
2026,9,10,12,38,12:37,191.8,3.7,4.3,5.1,0.0
2026,9,10,12,39,12:38,191.0,3.9,4.5,5.3,0.0
2026,9,10,12,41,12:41,188.9,3.2,3.9,4.4,0.0
2026,9,10,12,43,12:42,192.6,3.2,3.6,4.0,0.0
2026,9,10,12,44,12:44,196.2,3.1,3.5,3.7,0.0
2026,9,10,12,47,12:46,195.9,3.0,3.8,4.3,0.0
2026,9,10,12,48,12:47,195.3,2.9,3.5,4.0,0.0
2026,9,10,12,49,12:49,197.5,3.4,4.3,5.1,0.0
2026,9,10,12,51,12:51,195.5,4.1,4.6,5.3,0.0
2026,9,10,12,53,12:52,191.9,4.0,4.6,5.4,0.0
2026,9,10,12,54,12:53,191.2,4.5,5.0,5.6,0.0
2026,9,10,12,56,12:56,187.0,4.6,5.2,6.0,0.0
2026,9,10,12,58,12:57,183.3,4.3,4.8,5.1,0.0
2026,9,10,12,59,12:58,191.1,4.3,5.1,5.6,0.0
2026,9,10,13,2,13:01,196.8,4.3,4.8,5.4,0.0
2026,9,10,13,3,13:02,195.1,4.0,4.9,5.4,0.0
2026,9,10,13,4,13:04,192.7,3.9,4.7,5.4,0.0
2026,9,10,13,6,13:05,194.5,3.7,4.7,5.1,0.0
2026,9,10,13,8,13:07,195.9,4.1,4.8,5.4,0.0
2026,9,10,13,9,13:09,196.7,4.1,4.6,5.4,0.0
2026,9,10,13,11,13:11,194.5,4.1,4.5,4.9,0.0
2026,9,10,13,13,13:12,194.4,4.5,5.1,5.6,0.0
2026,9,10,13,14,13:13,198.9,4.2,5.0,5.9,0.0
2026,9,10,13,17,13:16,195.6,4.4,5.0,5.7,0.0
2026,9,10,13,18,13:17,195.5,4.2,5.0,5.7,0.0
2026,9,10,13,19,13:18,198.5,4.1,4.7,5.4,0.0
2026,9,10,13,21,13:20,199.9,4.0,4.8,5.3,0.0
2026,9,10,13,23,13:21,196.8,4.0,4.6,5.2,0.0
2026,9,10,13,24,13:24,194.6,3.9,4.4,4.9,0.0
2026,9,10,13,27,13:26,191.6,3.6,4.3,4.9,0.0
2026,9,10,13,28,13:27,192.8,4.0,4.7,5.4,0.0
2026,9,10,13,29,13:29,193.1,4.2,4.9,5.4,0.0
2026,9,10,13,31,13:31,190.1,4.2,4.8,5.8,0.0
2026,9,10,13,33,13:32,191.2,4.6,4.9,5.5,0.0
2026,9,10,13,34,13:33,192.0,4.3,4.8,5.1,0.0
2026,9,10,13,36,13:35,190.1,4.3,4.7,5.2,0.0
2026,9,10,13,38,13:37,190.1,4.6,5.2,5.8,0.0
2026,9,10,13,39,13:39,187.2,4.0,4.7,5.1,0.0
2026,9,10,13,41,13:40,191.9,4.1,4.9,5.6,0.0
2026,9,10,13,43,13:42,190.4,4.0,4.5,5.0,0.0
2026,9,10,13,44,13:44,191.5,3.7,4.5,5.0,0.0
2026,9,10,13,46,13:45,196.7,4.0,4.5,5.0,0.0
2026,9,10,13,48,13:47,190.0,4.4,4.9,5.5,0.0
2026,9,10,13,49,13:49,186.4,4.1,4.5,5.0,0.0
2026,9,10,13,51,13:50,191.6,4.2,4.6,5.0,0.0
2026,9,10,13,53,13:52,189.6,4.1,4.9,5.6,0.0
2026,9,10,13,54,13:53,186.8,4.4,5.1,5.6,0.0
2026,9,10,13,56,13:55,191.8,4.3,4.9,5.4,0.0
2026,9,10,13,58,13:57,188.4,3.8,4.5,5.2,0.0
2026,9,10,13,59,13:58,188.9,4.2,4.8,5.3,0.0
2026,9,10,14,2,14:01,189.6,4.2,4.9,5.6,0.0
2026,9,10,14,3,14:02,190.4,4.3,4.9,5.6,0.0
2026,9,10,14,4,14:04,193.7,4.9,5.6,6.3,0.0
2026,9,10,14,6,14:06,193.2,5.2,5.7,6.1,0.0
2026,9,10,14,8,14:07,192.5,4.3,5.3,6.0,0.0
2026,9,10,14,9,14:09,196.5,4.8,5.3,5.8,0.0
2026,9,10,14,12,14:11,194.6,4.6,5.7,6.2,0.0
2026,9,10,14,13,14:12,194.1,4.6,5.5,6.5,0.0
2026,9,10,14,14,14:13,190.7,4.5,5.7,6.5,0.0
2026,9,10,14,16,14:15,192.6,4.7,5.6,6.0,0.0
2026,9,10,14,18,14:17,194.3,4.2,5.0,6.2,0.0
2026,9,10,14,19,14:18,194.2,4.1,4.9,5.6,0.0
2026,9,10,14,21,14:20,198.8,4.3,5.3,6.2,0.0
2026,9,10,14,23,14:22,191.9,4.1,4.6,5.3,0.0
2026,9,10,14,24,14:24,195.5,4.4,5.1,5.9,0.0
2026,9,10,14,27,14:26,197.7,5.4,5.6,5.9,0.0
2026,9,10,14,28,14:27,198.2,4.3,5.0,6.1,0.0
2026,9,10,14,29,14:29,196.0,3.8,4.5,5.0,0.0
2026,9,10,14,31,14:30,195.0,3.9,4.7,5.2,0.0
2026,9,10,14,33,14:32,196.0,4.3,4.9,5.4,0.0
2026,9,10,14,34,14:33,193.5,4.2,5.2,6.0,0.0
2026,9,10,14,37,14:36,190.8,4.3,4.9,5.6,0.0
2026,9,10,14,38,14:37,192.8,4.6,5.4,6.1,0.0
2026,9,10,14,39,14:39,191.4,4.6,5.6,6.3,0.0
2026,9,10,14,42,14:41,193.4,4.7,5.4,6.2,0.0
2026,9,10,14,43,14:42,193.7,4.7,5.4,6.3,0.0
2026,9,10,14,44,14:43,198.1,4.2,5.4,6.5,0.0
2026,9,10,14,46,14:45,193.9,4.7,5.3,6.0,0.0
2026,9,10,14,48,14:47,200.1,4.4,5.2,6.2,0.0
2026,9,10,14,49,14:48,198.1,4.1,5.3,6.0,0.0
2026,9,10,14,51,14:51,202.1,4.4,4.9,5.4,0.0
2026,9,10,14,53,14:52,203.9,3.9,4.8,5.5,0.0
2026,9,10,14,54,14:53,195.6,3.7,4.7,5.5,0.0
2026,9,10,14,56,14:55,200.3,4.4,4.8,5.4,0.0
2026,9,10,14,58,14:57,203.3,3.7,4.3,4.9,0.0
2026,9,10,14,59,14:59,204.5,3.2,3.8,4.3,0.0
2026,9,10,15,1,15:00,200.9,3.1,3.6,4.1,0.0
2026,9,10,15,3,15:02,200.3,3.3,3.8,4.7,0.0
2026,9,10,15,4,15:04,199.9,2.9,3.5,4.3,0.0
2026,9,10,15,6,15:06,199.5,3.5,4.0,4.4,0.0
2026,9,10,15,8,15:07,197.1,3.3,3.8,4.4,0.0
2026,9,10,15,9,15:09,199.5,3.4,4.0,4.4,0.0
2026,9,10,15,12,15:11,195.7,3.6,3.9,4.4,0.0
2026,9,10,15,13,15:12,193.2,3.3,3.7,4.0,0.0
2026,9,10,15,14,15:13,191.9,3.4,3.7,4.0,0.0
2026,9,10,15,16,15:15,198.7,2.9,3.2,3.6,0.0
2026,9,10,15,18,15:17,205.9,2.4,2.9,3.6,0.0
2026,9,10,15,19,15:19,201.5,2.6,3.1,3.4,0.0
2026,9,10,15,22,15:21,199.3,3.1,3.4,3.8,0.0
2026,9,10,15,23,15:22,190.3,3.1,3.5,4.0,0.0
2026,9,10,15,24,15:24,199.0,2.6,3.2,3.9,0.0
2026,9,10,15,27,15:26,199.6,2.3,2.7,3.2,0.0
2026,9,10,15,28,15:27,197.7,2.1,2.5,2.9,0.0
2026,9,10,15,29,15:28,199.1,2.0,2.5,2.9,0.0
2026,9,10,15,32,15:31,207.7,1.9,2.2,2.6,0.0
2026,9,10,15,33,15:32,205.5,1.7,2.0,2.3,0.0
2026,9,10,15,34,15:33,204.9,1.7,2.0,2.3,0.0
2026,9,10,15,36,15:35,204.8,1.9,2.1,2.3,0.0
2026,9,10,15,38,15:37,192.7,2.3,2.9,3.2,0.0
2026,9,10,15,39,15:39,177.7,2.9,3.3,3.9,0.0
2026,9,10,15,42,15:41,175.6,3.1,3.5,4.0,0.0
2026,9,10,15,43,15:42,177.4,3.0,3.4,3.6,0.0
2026,9,10,15,44,15:43,173.4,3.1,3.5,4.0,0.0
2026,9,10,15,47,15:46,163.5,3.1,3.4,3.7,0.0
2026,9,10,15,48,15:47,163.3,2.9,3.2,3.5,0.0
2026,9,10,15,49,15:49,168.9,3.1,3.7,4.1,0.0
2026,9,10,15,51,15:51,171.6,3.5,4.0,4.3,0.0
2026,9,10,15,53,15:52,172.0,3.9,4.2,4.5,0.0
2026,9,10,15,54,15:53,175.4,3.8,4.2,4.6,0.0
2026,9,10,15,56,15:55,179.8,3.9,4.6,5.2,0.0
2026,9,10,15,58,15:57,178.7,3.7,4.5,5.3,0.0
2026,9,10,15,59,15:59,186.1,4.4,5.0,6.0,0.0
2026,9,10,16,1,16:01,180.6,3.7,4.4,5.0,0.0
2026,9,10,16,3,16:02,177.4,3.7,4.7,5.2,0.0
2026,9,10,16,4,16:04,178.0,4.1,4.6,5.5,0.0
2026,9,10,16,7,16:06,170.5,3.5,4.3,5.0,0.0
2026,9,10,16,8,16:07,166.1,4.0,4.7,5.1,0.0
2026,9,10,16,9,16:09,167.7,3.5,4.4,5.0,0.0
2026,9,10,16,12,16:11,164.1,3.4,4.1,4.6,0.0
2026,9,10,16,13,16:12,165.2,3.6,4.3,4.9,0.0
2026,9,10,16,14,16:13,168.6,3.4,4.1,4.7,0.0
2026,9,10,16,16,16:16,169.4,3.4,3.7,4.1,0.0
2026,9,10,16,18,16:17,164.4,2.9,3.6,4.1,0.0
2026,9,10,16,19,16:19,174.8,3.5,4.1,4.9,0.0
2026,9,10,16,21,16:20,177.1,3.3,4.0,4.8,0.0
2026,9,10,16,23,16:22,180.9,4.0,4.5,5.0,0.0
2026,9,10,16,24,16:23,182.3,4.3,4.8,5.3,0.0
2026,9,10,16,27,16:26,182.7,4.5,5.1,5.6,0.0
2026,9,10,16,28,16:27,184.5,4.0,4.9,5.6,0.0
2026,9,10,16,29,16:29,185.3,4.0,4.7,5.4,0.0
2026,9,10,16,32,16:31,183.8,4.0,4.7,5.3,0.0
2026,9,10,16,33,16:32,182.9,4.3,4.7,5.3,0.0
2026,9,10,16,34,16:34,183.5,3.9,4.5,5.0,0.0
2026,9,10,16,36,16:35,185.2,3.8,4.4,4.9,0.0
2026,9,10,16,38,16:37,180.8,3.9,4.4,4.8,0.0
2026,9,10,16,39,16:38,185.5,3.7,4.6,5.3,0.0
2026,9,10,16,41,16:41,183.1,4.3,4.6,5.1,0.0
2026,9,10,16,43,16:42,182.5,3.8,4.4,5.0,0.0
2026,9,10,16,44,16:43,182.2,3.6,4.6,5.0,0.0
2026,9,10,16,46,16:46,180.2,4.2,4.9,5.8,0.0
2026,9,10,16,48,16:47,176.4,4.2,5.1,5.8,0.0
2026,9,10,16,49,16:49,177.4,4.7,5.2,5.8,0.0
2026,9,10,16,51,16:51,176.5,5.0,5.6,6.2,0.0
2026,9,10,16,53,16:52,179.5,5.1,5.6,6.3,0.0
2026,9,10,16,54,16:54,177.1,4.7,5.4,6.0,0.0
2026,9,10,16,56,16:55,178.2,4.4,5.1,5.6,0.0
2026,9,10,16,58,16:57,182.2,5.0,5.4,5.8,0.0
2026,9,10,16,59,16:58,178.4,3.9,4.9,5.3,0.0
2026,9,10,17,1,17:00,176.5,3.9,4.7,5.6,0.0
2026,9,10,17,3,17:02,180.6,4.3,4.8,5.3,0.0
2026,9,10,17,4,17:03,182.4,4.3,4.8,5.5,0.0
2026,9,10,17,6,17:05,182.9,4.4,5.2,5.8,0.0
2026,9,10,17,8,17:07,174.6,4.3,4.9,5.6,0.0
2026,9,10,17,9,17:09,177.4,4.6,5.3,6.2,0.0
2026,9,10,17,11,17:10,177.1,4.6,5.4,6.2,0.0
2026,9,10,17,13,17:12,175.8,4.7,5.2,5.7,0.0
2026,9,10,17,14,17:14,180.5,4.3,5.1,5.6,0.0
2026,9,10,17,17,17:16,185.4,4.5,5.0,5.7,0.0
2026,9,10,17,18,17:17,186.0,4.2,4.6,5.0,0.0
2026,9,10,17,19,17:18,188.2,4.4,5.0,5.5,0.0
2026,9,10,17,21,17:20,187.5,4.5,5.6,6.5,0.0
2026,9,10,17,23,17:22,183.0,5.1,5.7,6.5,0.0
2026,9,10,17,24,17:24,184.4,4.7,5.2,6.0,0.0
2026,9,10,17,27,17:26,183.2,4.7,5.4,6.2,0.0
2026,9,10,17,28,17:27,186.4,5.0,5.7,6.8,0.0
2026,9,10,17,29,17:29,184.9,4.5,5.2,6.1,0.0
2026,9,10,17,32,17:31,185.8,4.6,5.3,6.0,0.0
2026,9,10,17,33,17:32,189.0,4.2,4.9,5.6,0.0
2026,9,10,17,34,17:34,182.0,4.8,5.5,6.1,0.0
2026,9,10,17,36,17:36,187.2,4.6,5.2,6.1,0.0
2026,9,10,17,38,17:37,184.5,4.2,4.9,5.6,0.0
2026,9,10,17,39,17:39,189.7,4.5,5.1,5.6,0.0
2026,9,10,17,41,17:41,185.1,4.7,5.2,5.9,0.0
2026,9,10,17,43,17:42,186.7,4.4,5.1,5.6,0.0
2026,9,10,17,44,17:43,187.5,4.5,5.4,6.0,0.0
2026,9,10,17,46,17:45,193.3,4.5,5.2,6.0,0.0
2026,9,10,17,48,17:47,189.4,5.1,5.5,6.0,0.0
2026,9,10,17,49,17:49,194.2,3.8,4.6,5.3,0.0
2026,9,10,17,52,17:51,191.0,3.9,4.8,5.4,0.0
2026,9,10,17,53,17:52,188.3,4.2,5.1,6.0,0.0
2026,9,10,17,54,17:54,190.7,4.2,4.9,5.5,0.0
2026,9,10,17,57,17:56,191.3,3.8,4.2,4.6,0.0
2026,9,10,17,58,17:57,192.6,3.9,4.5,4.9,0.0
2026,9,10,17,59,17:58,190.7,3.4,4.1,4.7,0.0
2026,9,10,18,2,18:01,194.8,3.2,3.8,4.3,0.0
2026,9,10,18,3,18:02,201.0,3.2,4.0,4.6,0.0
2026,9,10,18,4,18:03,196.5,3.6,4.1,4.7,0.0
2026,9,10,18,6,18:05,199.3,3.6,4.1,4.4,0.0
2026,9,10,18,8,18:07,200.1,3.3,3.9,4.4,0.0
2026,9,10,18,9,18:08,203.0,3.1,3.7,4.3,0.0
2026,9,10,18,11,18:11,202.9,3.2,3.6,4.1,0.0
2026,9,10,18,13,18:12,206.4,3.2,3.8,4.2,0.0
2026,9,10,18,14,18:14,210.3,2.8,3.4,3.9,0.0
2026,9,10,18,16,18:15,202.6,2.7,3.7,4.3,0.0
2026,9,10,18,18,18:17,207.8,3.4,3.9,4.6,0.0
2026,9,10,18,19,18:18,210.5,3.3,3.6,4.1,0.0
2026,9,10,18,21,18:21,211.8,2.7,3.3,3.8,0.0
2026,9,10,18,23,18:22,214.1,2.5,3.1,3.4,0.0
2026,9,10,18,24,18:23,212.9,2.7,3.2,3.6,0.0
2026,9,10,18,26,18:25,208.8,2.7,3.0,3.3,0.0
2026,9,10,18,28,18:27,217.0,2.6,3.1,3.7,0.0
2026,9,10,18,29,18:29,216.2,2.8,3.1,3.5,0.0
2026,9,10,18,31,18:31,213.2,2.8,3.2,3.5,0.0
2026,9,10,18,33,18:32,213.3,2.7,3.0,3.4,0.0
2026,9,10,18,34,18:33,208.4,2.6,3.1,3.5,0.0
2026,9,10,18,36,18:35,207.7,2.4,2.9,3.2,0.0
2026,9,10,18,38,18:37,214.6,2.4,3.1,3.6,0.0
2026,9,10,18,39,18:38,216.6,2.3,2.9,3.4,0.0
2026,9,10,18,41,18:40,212.6,2.6,3.0,3.4,0.0
2026,9,10,18,43,18:42,217.9,2.6,3.0,3.4,0.0
2026,9,10,18,44,18:44,214.3,2.6,3.0,3.4,0.0
2026,9,10,18,47,18:46,215.5,2.1,2.6,3.0,0.0
2026,9,10,18,48,18:47,217.8,2.0,2.5,2.8,0.0
2026,9,10,18,49,18:48,212.0,2.3,2.7,3.1,0.0
2026,9,10,18,51,18:51,211.2,2.6,3.0,3.4,0.0
2026,9,10,18,53,18:52,209.2,2.4,2.9,3.3,0.0
2026,9,10,18,54,18:54,211.6,2.5,2.9,3.4,0.0
2026,9,10,18,56,18:56,214.1,2.5,3.0,3.4,0.0
2026,9,10,18,58,18:57,208.1,2.3,2.8,3.4,0.0
2026,9,10,18,59,18:58,212.6,2.4,2.8,3.0,0.0
2026,9,10,19,2,19:01,206.5,2.7,3.2,3.6,0.0
2026,9,10,19,3,19:02,204.6,2.7,3.2,3.8,0.0
2026,9,10,19,4,19:04,206.4,3.2,3.7,4.2,0.0
2026,9,10,19,7,19:06,203.5,2.8,3.3,4.0,0.0
2026,9,10,19,8,19:07,208.5,2.9,3.3,3.9,0.0
2026,9,10,19,9,19:09,207.8,3.2,3.8,4.3,0.0
2026,9,10,19,11,19:11,208.1,3.0,3.5,4.0,0.0
2026,9,10,19,13,19:12,212.3,2.6,3.1,3.5,0.0
2026,9,10,19,14,19:14,210.3,2.8,3.2,3.5,0.0
2026,9,10,19,16,19:16,210.8,2.5,3.2,3.5,0.0
2026,9,10,19,18,19:17,213.0,2.9,3.4,4.1,0.0
2026,9,10,19,19,19:18,209.9,2.9,3.3,3.9,0.0
2026,9,10,19,21,19:20,204.7,2.9,3.5,3.9,0.0
2026,9,10,19,23,19:22,209.2,2.8,3.4,3.9,0.0
2026,9,10,19,24,19:23,202.0,2.9,3.3,3.7,0.0
2026,9,10,19,26,19:26,202.1,3.3,3.9,4.8,0.0
2026,9,10,19,28,19:27,204.5,3.5,3.9,4.5,0.0
2026,9,10,19,29,19:29,207.6,3.2,3.8,4.4,0.0
2026,9,10,19,31,19:31,202.3,3.2,3.5,4.1,0.0
2026,9,10,19,33,19:32,207.2,3.0,3.5,4.3,0.0
2026,9,10,19,34,19:33,207.4,3.2,3.7,4.4,0.0
2026,9,10,19,36,19:35,206.7,2.6,3.6,4.1,0.0
2026,9,10,19,38,19:37,206.3,3.0,3.5,4.1,0.0
2026,9,10,19,39,19:38,204.8,3.1,3.6,4.1,0.0
2026,9,10,19,42,19:41,202.5,2.8,3.3,3.7,0.0
2026,9,10,19,43,19:42,202.9,3.0,3.4,3.9,0.0
2026,9,10,19,44,19:44,209.2,2.7,3.2,3.8,0.0
2026,9,10,19,47,19:46,205.1,2.8,3.1,3.6,0.0
2026,9,10,19,48,19:47,206.0,2.7,3.3,3.8,0.0
2026,9,10,19,49,19:49,203.1,3.1,3.4,3.7,0.0
2026,9,10,19,52,19:51,203.4,2.5,3.0,3.4,0.0
2026,9,10,19,53,19:52,207.5,2.5,3.1,3.8,0.0
2026,9,10,19,54,19:53,208.4,2.7,3.1,3.5,0.0
2026,9,10,19,56,19:55,218.6,2.5,3.1,3.6,0.0
2026,9,10,19,58,19:57,219.8,2.6,3.2,3.7,0.0
2026,9,10,19,59,19:58,221.5,2.4,3.0,3.5,0.0
2026,9,10,20,2,20:01,224.5,2.6,2.9,3.2,0.0
2026,9,10,20,3,20:02,216.1,2.4,3.0,3.4,0.0
2026,9,10,20,4,20:03,220.8,2.5,2.9,3.3,0.0
2026,9,10,20,6,20:05,221.4,1.8,2.3,2.9,0.0
2026,9,10,20,8,20:07,222.1,2.4,2.8,3.3,0.0
2026,9,10,20,9,20:08,225.9,2.2,2.9,3.3,0.0
2026,9,10,20,11,20:11,216.5,2.5,2.9,3.3,0.0
2026,9,10,20,13,20:12,223.0,2.2,3.0,3.8,0.0
2026,9,10,20,14,20:14,229.0,1.9,3.0,3.5,0.0
2026,9,10,20,16,20:15,226.2,2.0,2.6,3.1,0.0
2026,9,10,20,18,20:17,223.1,2.1,2.8,3.2,0.0
2026,9,10,20,19,20:18,224.3,1.6,2.5,2.9,0.0
2026,9,10,20,21,20:21,224.7,1.9,2.4,2.7,0.0
2026,9,10,20,23,20:22,229.5,2.0,2.8,3.5,0.0
2026,9,10,20,24,20:24,228.1,1.8,2.6,3.0,0.0
2026,9,10,20,27,20:26,238.8,1.9,2.6,3.1,0.0
2026,9,10,20,28,20:27,235.9,1.8,2.4,2.9,0.0
2026,9,10,20,29,20:28,232.0,1.1,2.3,3.2,0.0
2026,9,10,20,31,20:30,234.7,1.9,2.4,3.1,0.0
2026,9,10,20,33,20:32,237.3,1.5,2.0,2.6,0.0
2026,9,10,20,34,20:34,247.8,1.1,1.6,2.1,0.0
2026,9,10,20,36,20:36,249.4,0.8,1.6,2.5,0.0
2026,9,10,20,38,20:37,251.4,1.2,1.6,2.1,0.0
2026,9,10,20,39,20:38,250.2,1.2,1.5,1.9,0.0
2026,9,10,20,41,20:40,242.3,0.9,1.1,1.3,0.0
2026,9,10,20,43,20:42,242.3,0.6,0.7,0.9,0.0
2026,9,10,20,44,20:44,242.3,0.5,0.8,1.1,0.0
2026,9,10,20,46,20:45,242.3,0.8,1.1,1.3,0.0
2026,9,10,20,48,20:47,246.9,0.4,1.0,1.4,0.0
2026,9,10,20,49,20:48,277.6,1.1,1.4,2.1,0.0
2026,9,10,20,51,20:50,274.4,1.4,1.7,2.2,0.0
2026,9,10,20,53,20:52,305.4,1.7,2.1,2.5,0.0
2026,9,10,20,54,20:53,298.5,2.5,2.8,3.3,0.0
2026,9,10,20,56,20:55,314.3,2.0,2.8,4.2,0.0
2026,9,10,20,58,20:57,303.4,2.5,3.3,4.1,0.0
2026,9,10,20,59,20:58,302.4,2.5,3.4,4.2,0.0
2026,9,10,21,1,21:00,293.1,2.5,3.1,4.0,0.0
2026,9,10,21,3,21:02,297.2,2.3,3.1,4.3,0.0
2026,9,10,21,4,21:03,296.7,2.1,2.6,3.3,0.0
2026,9,10,21,6,21:06,284.3,2.0,2.7,3.4,0.0
2026,9,10,21,8,21:07,287.2,2.4,2.9,3.7,0.0
2026,9,10,21,9,21:09,278.3,1.9,2.8,3.4,0.0
2026,9,10,21,11,21:11,311.7,1.2,1.9,2.6,0.0
2026,9,10,21,13,21:12,297.8,1.4,1.9,3.1,0.0
2026,9,10,21,14,21:13,286.2,1.3,1.6,2.0,0.0
2026,9,10,21,16,21:15,277.7,1.2,1.7,2.5,0.0
2026,9,10,21,18,21:17,301.2,1.1,1.8,2.8,0.0
2026,9,10,21,19,21:19,310.2,2.3,2.8,3.9,0.0
2026,9,10,21,21,21:20,308.5,2.1,2.7,3.8,0.0
2026,9,10,21,23,21:22,305.5,2.6,3.3,4.6,0.0
2026,9,10,21,24,21:24,291.4,2.4,3.2,4.2,0.0
2026,9,10,21,27,21:26,293.1,2.9,3.6,4.7,0.0
2026,9,10,21,28,21:27,286.3,2.5,3.3,4.7,0.0
2026,9,10,21,29,21:28,295.7,2.5,3.2,4.2,0.0
2026,9,10,21,31,21:30,296.9,2.4,2.9,3.4,0.0
2026,9,10,21,33,21:32,309.4,2.2,2.9,3.6,0.0
2026,9,10,21,34,21:33,321.8,1.8,2.8,4.3,0.0
2026,9,10,21,36,21:35,336.2,2.7,3.4,4.1,0.0
2026,9,10,21,38,21:37,324.8,2.0,2.9,4.3,0.0
2026,9,10,21,39,21:38,327.3,2.7,3.4,4.7,0.0
2026,9,10,21,42,21:41,340.9,2.2,2.6,3.4,0.0
2026,9,10,21,43,21:42,346.8,2.3,3.0,3.7,0.0
2026,9,10,21,44,21:43,344.6,1.8,2.6,3.1,0.0
2026,9,10,21,47,21:46,347.9,0.0,0.7,1.2,0.0
2026,9,10,21,48,21:47,8.4,0.0,0.7,1.4,0.0
2026,9,10,21,49,21:48,8.4,0.0,0.7,1.3,0.0
2026,9,10,21,51,21:51,345.6,0.9,1.4,2.0,0.0
2026,9,10,21,53,21:52,339.8,0.9,1.3,1.7,0.0
2026,9,10,21,54,21:54,327.6,1.0,1.3,1.6,0.0
2026,9,10,21,56,21:56,304.0,1.2,1.4,1.7,0.0
2026,9,10,21,58,21:57,304.0,1.4,1.5,1.7,0.0
2026,9,10,21,59,21:58,287.0,1.4,1.7,2.0,0.0
2026,9,10,22,1,22:00,257.1,0.8,1.1,1.3,0.0
2026,9,10,22,3,22:02,233.6,1.3,2.1,2.9,0.0
2026,9,10,22,4,22:04,224.7,2.6,3.0,3.4,0.0
2026,9,10,22,6,22:06,220.2,2.9,3.6,4.1,0.0
2026,9,10,22,8,22:07,218.4,2.7,3.0,3.3,0.0
2026,9,10,22,9,22:09,220.8,2.1,2.8,3.4,0.0
2026,9,10,22,11,22:10,224.7,2.1,2.8,3.5,0.0
2026,9,10,22,13,22:12,232.9,1.7,2.1,2.7,0.0
2026,9,10,22,14,22:14,256.8,0.8,1.5,2.2,0.0
2026,9,10,22,16,22:16,246.9,0.7,1.4,1.9,0.0
2026,9,10,22,18,22:17,240.6,0.9,1.2,1.4,0.0
2026,9,10,22,19,22:19,240.6,0.9,1.0,1.3,0.0
2026,9,10,22,21,22:21,236.7,0.9,1.4,1.9,0.0
2026,9,10,22,23,22:22,221.3,1.5,1.8,2.3,0.0
2026,9,10,22,24,22:23,234.3,1.5,2.0,2.5,0.0
2026,9,10,22,26,22:25,230.4,1.2,1.8,2.4,0.0
2026,9,10,22,28,22:27,234.7,1.3,1.6,2.1,0.0
2026,9,10,22,29,22:28,240.0,1.3,1.9,2.3,0.0
2026,9,10,22,31,22:31,266.6,1.3,1.7,2.1,0.0
2026,9,10,22,33,22:32,266.5,1.3,1.6,2.0,0.0
2026,9,10,22,34,22:34,266.5,1.6,1.7,2.0,0.0
2026,9,10,22,37,22:36,266.6,1.4,1.7,2.1,0.0
2026,9,10,22,38,22:37,255.7,1.0,1.5,2.1,0.0
2026,9,10,22,39,22:39,252.6,1.4,1.9,2.5,0.0
2026,9,10,22,41,22:41,241.3,1.6,2.2,2.7,0.0
2026,9,10,22,43,22:42,249.0,1.2,1.7,2.2,0.0
2026,9,10,22,44,22:44,258.3,1.3,2.2,3.1,0.0
2026,9,10,22,46,22:46,276.4,1.8,2.4,3.1,0.0
2026,9,10,22,48,22:47,281.6,1.5,1.9,2.3,0.0
2026,9,10,22,49,22:49,264.8,0.7,1.2,1.6,0.0
2026,9,10,22,52,22:51,258.7,0.9,1.4,2.4,0.0
2026,9,10,22,53,22:52,233.8,0.8,1.4,1.9,0.0
2026,9,10,22,54,22:53,254.2,1.3,1.6,2.0,0.0
2026,9,10,22,57,22:56,254.2,0.8,1.2,1.6,0.0
2026,9,10,22,58,22:57,241.4,1.2,1.5,2.0,0.0
2026,9,10,22,59,22:58,258.9,0.8,1.1,1.3,0.0
2026,9,10,23,1,23:00,235.7,1.1,1.4,1.9,0.0
2026,9,10,23,3,23:02,236.7,1.0,1.4,1.6,0.0
2026,9,10,23,4,23:04,231.8,1.5,1.7,2.0,0.0
2026,9,10,23,6,23:05,226.6,1.3,1.9,2.7,0.0
2026,9,10,23,8,23:07,243.2,1.1,1.7,2.2,0.0
2026,9,10,23,9,23:09,248.3,1.1,1.3,1.7,0.0
2026,9,10,23,11,23:11,255.5,0.8,1.4,2.0,0.0
2026,9,10,23,13,23:12,255.5,1.1,1.2,1.3,0.0
2026,9,10,23,14,23:14,255.5,1.1,1.3,1.4,0.0
2026,9,10,23,17,23:16,255.5,0.7,1.1,1.5,0.0
2026,9,10,23,18,23:17,255.5,0.9,1.1,1.7,0.0
2026,9,10,23,19,23:19,293.0,0.8,1.1,1.7,0.0
2026,9,10,23,22,23:21,329.9,0.5,1.2,1.9,0.0
2026,9,10,23,23,23:22,281.6,0.6,0.7,1.7,0.0
2026,9,10,23,24,23:23,290.0,1.1,1.3,1.4,0.0
2026,9,10,23,26,23:25,309.7,0.8,1.1,1.5,0.0
2026,9,10,23,28,23:27,328.2,0.9,1.2,1.4,0.0
2026,9,10,23,29,23:28,320.6,0.8,1.1,1.7,0.0
2026,9,10,23,31,23:30,345.6,1.1,1.6,2.1,0.0
2026,9,10,23,33,23:32,340.7,0.6,0.8,1.1,0.0
2026,9,10,23,34,23:33,340.7,0.4,1.0,1.5,0.0
2026,9,10,23,36,23:35,330.4,0.5,1.5,2.9,0.0
2026,9,10,23,38,23:37,328.0,0.0,0.4,0.8,0.0
2026,9,10,23,39,23:39,328.0,0.0,0.0,0.0,0.0
2026,9,10,23,41,23:41,328.1,0.0,0.0,0.0,0.0
2026,9,10,23,43,23:42,328.1,0.0,0.0,0.0,0.0
2026,9,10,23,44,23:43,328.0,0.0,0.0,0.0,0.0
2026,9,10,23,46,23:46,328.1,0.0,0.3,0.3,0.0
2026,9,10,23,48,23:47,328.0,0.0,0.4,0.4,0.0
2026,9,10,23,49,23:49,328.0,0.0,0.2,0.3,0.0
2026,9,10,23,51,23:51,282.6,0.4,0.4,0.5,0.0
2026,9,10,23,53,23:52,274.1,0.0,0.4,0.6,0.0
2026,9,10,23,54,23:54,274.4,0.0,0.6,1.1,0.0
2026,9,10,23,57,23:56,282.3,0.6,1.1,1.6,0.0
2026,9,10,23,58,23:57,299.2,0.9,1.1,1.3,0.0
2026,9,10,23,59,23:59,301.7,0.6,0.9,1.1,0.0
