# Helsinki Laru (dlarah.org Lauttasaari) 2026-09-18 Suomen aikaa — lähteen Laru_2026-261.txt sellaisenaan
# vuosi kk pv kirjoitus-h kirjoitus-min hh:mm suunta min ka max lämpötila (asemalla ei mittaria)
2026,9,18,0,1,00:01,218.5,2.7,3.4,4.1,0.0
2026,9,18,0,3,00:03,209.4,2.5,3.3,4.0,0.0
2026,9,18,0,4,00:04,217.4,2.9,3.4,3.7,0.0
2026,9,18,0,6,00:06,220.5,2.3,2.7,3.1,0.0
2026,9,18,0,8,00:08,213.8,2.6,2.9,3.3,0.0
2026,9,18,0,9,00:09,213.8,2.4,2.7,3.0,0.0
2026,9,18,0,11,00:11,222.6,2.4,2.8,3.1,0.0
2026,9,18,0,13,00:13,203.3,2.1,2.5,2.8,0.0
2026,9,18,0,14,00:14,209.8,2.6,3.0,3.4,0.0
2026,9,18,0,17,00:17,210.8,2.4,2.9,3.4,0.0
2026,9,18,0,18,00:18,212.4,2.8,3.1,3.5,0.0
2026,9,18,0,19,00:19,203.6,2.9,3.2,3.7,0.0
2026,9,18,0,21,00:21,208.5,2.6,3.0,3.6,0.0
2026,9,18,0,23,00:23,205.8,3.2,3.6,4.0,0.0
2026,9,18,0,24,00:24,205.7,3.6,4.0,4.5,0.0
2026,9,18,0,26,00:26,208.3,3.3,3.7,4.4,0.0
2026,9,18,0,28,00:28,211.8,3.3,3.6,3.9,0.0
2026,9,18,0,29,00:29,217.4,2.8,3.5,4.0,0.0
2026,9,18,0,31,00:31,210.8,3.4,3.8,4.2,0.0
2026,9,18,0,33,00:33,216.2,2.9,3.4,3.9,0.0
2026,9,18,0,34,00:34,201.5,3.1,3.6,4.1,0.0
2026,9,18,0,36,00:36,203.7,3.2,3.9,4.5,0.0
2026,9,18,0,38,00:38,207.2,3.1,3.6,4.2,0.0
2026,9,18,0,39,00:39,201.9,2.9,3.2,3.7,0.0
2026,9,18,0,41,00:41,199.9,3.3,3.8,4.5,0.0
2026,9,18,0,43,00:43,203.4,3.1,3.4,3.8,0.0
2026,9,18,0,44,00:44,203.1,2.9,3.2,3.7,0.0
2026,9,18,0,46,00:46,205.3,2.9,3.3,3.7,0.0
2026,9,18,0,48,00:48,207.4,2.6,3.1,3.7,0.0
2026,9,18,0,49,00:49,211.4,2.8,3.5,4.6,0.0
2026,9,18,0,51,00:51,213.2,2.6,3.2,3.7,0.0
2026,9,18,0,53,00:53,210.6,3.0,3.3,3.7,0.0
2026,9,18,0,54,00:54,208.7,3.0,3.4,3.9,0.0
2026,9,18,0,57,00:57,209.8,2.6,3.3,4.0,0.0
2026,9,18,0,58,00:58,209.7,2.7,3.2,3.7,0.0
2026,9,18,0,59,00:59,213.4,2.7,3.1,3.9,0.0
2026,9,18,1,2,01:02,214.1,2.7,3.1,3.5,0.0
2026,9,18,1,3,01:03,215.3,2.5,3.0,3.4,0.0
2026,9,18,1,4,01:04,216.1,2.3,2.8,3.1,0.0
2026,9,18,1,6,01:06,212.3,2.5,2.8,3.2,0.0
2026,9,18,1,8,01:08,206.0,2.8,3.4,3.7,0.0
2026,9,18,1,9,01:09,209.5,2.9,3.4,3.9,0.0
2026,9,18,1,11,01:11,209.3,3.2,3.6,3.9,0.0
2026,9,18,1,13,01:13,205.0,3.1,3.8,4.6,0.0
2026,9,18,1,14,01:14,203.8,3.3,3.9,4.3,0.0
2026,9,18,1,17,01:16,208.7,3.0,3.6,4.1,0.0
2026,9,18,1,18,01:18,205.9,3.1,3.5,4.1,0.0
2026,9,18,1,19,01:19,209.8,3.2,3.4,3.7,0.0
2026,9,18,1,21,01:21,206.0,3.3,3.9,4.4,0.0
2026,9,18,1,23,01:23,207.5,3.3,3.9,4.3,0.0
2026,9,18,1,24,01:24,214.2,2.7,3.3,4.0,0.0
2026,9,18,1,26,01:26,218.9,2.5,3.2,3.7,0.0
2026,9,18,1,28,01:28,221.6,2.4,3.1,3.9,0.0
2026,9,18,1,29,01:29,219.9,2.5,3.0,3.7,0.0
2026,9,18,1,31,01:31,221.2,2.2,3.1,3.7,0.0
2026,9,18,1,33,01:33,225.3,2.0,3.4,4.3,0.0
2026,9,18,1,34,01:34,223.4,2.7,3.6,5.1,0.0
2026,9,18,1,36,01:36,231.9,2.2,3.0,3.6,0.0
2026,9,18,1,38,01:38,220.2,2.8,3.2,4.1,0.0
2026,9,18,1,39,01:39,226.4,2.1,3.1,4.3,0.0
2026,9,18,1,41,01:41,221.2,2.6,3.4,4.0,0.0
2026,9,18,1,43,01:43,218.1,3.1,3.6,4.2,0.0
2026,9,18,1,44,01:44,220.7,2.9,3.3,3.8,0.0
2026,9,18,1,47,01:46,215.0,2.9,3.6,5.3,0.0
2026,9,18,1,48,01:48,226.9,2.6,3.4,4.5,0.0
2026,9,18,1,49,01:49,218.0,2.9,3.3,3.7,0.0
2026,9,18,1,51,01:51,218.5,3.4,3.8,4.5,0.0
2026,9,18,1,53,01:53,215.4,2.8,3.3,4.1,0.0
2026,9,18,1,54,01:54,219.3,2.6,3.2,3.7,0.0
2026,9,18,1,56,01:56,216.0,2.8,3.2,3.5,0.0
2026,9,18,1,58,01:58,219.9,3.0,3.5,4.3,0.0
2026,9,18,1,59,01:59,218.8,2.6,3.4,4.3,0.0
2026,9,18,2,1,02:01,219.8,2.5,3.1,3.6,0.0
2026,9,18,2,3,02:03,221.7,2.4,3.2,3.7,0.0
2026,9,18,2,4,02:04,220.8,2.4,3.2,4.0,0.0
2026,9,18,2,6,02:06,213.7,2.1,2.9,3.5,0.0
2026,9,18,2,8,02:08,209.3,2.3,2.8,3.5,0.0
2026,9,18,2,9,02:09,212.4,2.8,3.2,3.5,0.0
2026,9,18,2,12,02:12,213.8,2.8,3.2,4.0,0.0
2026,9,18,2,13,02:13,219.2,2.9,3.7,4.4,0.0
2026,9,18,2,14,02:14,214.3,2.6,3.7,4.4,0.0
2026,9,18,2,17,02:17,214.7,2.9,3.4,4.0,0.0
2026,9,18,2,18,02:18,225.4,2.0,2.9,3.6,0.0
2026,9,18,2,19,02:19,223.4,2.6,2.9,3.3,0.0
2026,9,18,2,22,02:22,219.5,2.3,2.8,3.1,0.0
2026,9,18,2,23,02:23,214.7,2.4,3.1,3.9,0.0
2026,9,18,2,24,02:24,213.2,1.9,2.7,3.4,0.0
2026,9,18,2,27,02:27,214.5,2.9,3.4,4.3,0.0
2026,9,18,2,28,02:28,215.3,2.6,3.0,3.4,0.0
2026,9,18,2,29,02:29,215.1,2.5,2.9,3.7,0.0
2026,9,18,2,32,02:32,215.4,2.8,3.5,4.0,0.0
2026,9,18,2,33,02:33,223.9,2.6,3.1,3.7,0.0
2026,9,18,2,34,02:34,223.3,2.7,3.4,4.0,0.0
2026,9,18,2,36,02:36,217.7,2.6,3.0,3.4,0.0
2026,9,18,2,38,02:38,223.4,2.4,3.2,3.9,0.0
2026,9,18,2,39,02:39,220.8,2.8,3.6,4.1,0.0
2026,9,18,2,42,02:41,218.2,2.8,3.3,3.9,0.0
2026,9,18,2,43,02:43,226.0,2.5,3.1,3.7,0.0
2026,9,18,2,44,02:44,217.6,2.5,2.8,3.3,0.0
2026,9,18,2,46,02:46,227.5,2.1,2.7,3.3,0.0
2026,9,18,2,48,02:48,225.1,2.2,2.8,3.4,0.0
2026,9,18,2,49,02:49,230.8,2.2,3.2,4.4,0.0
2026,9,18,2,51,02:51,222.8,2.1,3.0,3.8,0.0
2026,9,18,2,53,02:53,221.5,2.3,3.0,3.3,0.0
2026,9,18,2,54,02:54,224.5,2.5,3.4,4.1,0.0
2026,9,18,2,56,02:56,221.6,2.0,2.8,3.7,0.0
2026,9,18,2,58,02:58,228.8,2.3,2.8,3.2,0.0
2026,9,18,2,59,02:59,219.6,2.4,3.0,3.4,0.0
2026,9,18,3,1,03:01,223.4,2.8,3.3,3.9,0.0
2026,9,18,3,3,03:03,233.4,2.5,3.0,3.6,0.0
2026,9,18,3,4,03:04,225.6,2.2,3.1,4.2,0.0
2026,9,18,3,6,03:06,221.0,2.5,3.3,4.2,0.0
2026,9,18,3,8,03:08,227.1,2.1,2.8,3.9,0.0
2026,9,18,3,9,03:09,226.7,2.2,2.8,3.8,0.0
2026,9,18,3,11,03:11,225.0,2.3,3.2,3.9,0.0
2026,9,18,3,13,03:13,220.1,2.3,3.1,4.0,0.0
2026,9,18,3,14,03:14,225.5,2.5,3.2,4.0,0.0
2026,9,18,3,16,03:16,224.7,2.4,3.1,3.5,0.0
2026,9,18,3,18,03:18,230.8,2.3,3.1,3.9,0.0
2026,9,18,3,19,03:19,224.1,2.2,3.1,3.9,0.0
2026,9,18,3,22,03:21,221.9,2.7,3.4,4.1,0.0
2026,9,18,3,23,03:23,218.1,2.3,2.9,3.4,0.0
2026,9,18,3,24,03:24,227.3,2.7,3.4,4.4,0.0
2026,9,18,3,27,03:27,225.1,3.1,3.8,4.6,0.0
2026,9,18,3,28,03:28,231.0,2.4,3.3,4.1,0.0
2026,9,18,3,29,03:29,220.1,2.4,3.1,3.8,0.0
2026,9,18,3,31,03:31,218.0,2.9,3.9,4.9,0.0
2026,9,18,3,33,03:33,220.1,2.8,3.1,3.5,0.0
2026,9,18,3,34,03:34,220.2,3.3,3.9,4.4,0.0
2026,9,18,3,36,03:36,226.5,2.4,3.1,3.7,0.0
2026,9,18,3,38,03:38,223.6,2.3,3.1,3.7,0.0
2026,9,18,3,39,03:39,227.4,2.0,2.7,3.1,0.0
2026,9,18,3,41,03:41,221.2,3.0,3.6,3.9,0.0
2026,9,18,3,43,03:43,220.3,2.9,3.3,3.8,0.0
2026,9,18,3,44,03:44,222.4,2.9,3.4,3.7,0.0
2026,9,18,3,47,03:47,220.1,2.4,3.2,3.6,0.0
2026,9,18,3,48,03:48,218.4,2.6,3.0,3.6,0.0
2026,9,18,3,49,03:49,216.9,2.9,3.3,3.7,0.0
2026,9,18,3,52,03:52,221.5,2.9,3.9,4.6,0.0
2026,9,18,3,53,03:53,221.9,2.8,3.4,4.2,0.0
2026,9,18,3,54,03:54,217.6,2.5,3.2,4.1,0.0
2026,9,18,3,56,03:56,220.5,2.6,3.2,3.7,0.0
2026,9,18,3,58,03:58,211.8,2.8,3.5,3.9,0.0
2026,9,18,3,59,03:59,210.4,3.0,3.6,4.2,0.0
2026,9,18,4,2,04:02,211.5,3.1,3.7,4.8,0.0
2026,9,18,4,3,04:03,217.7,2.9,3.6,4.4,0.0
2026,9,18,4,4,04:04,212.4,2.5,3.4,4.4,0.0
2026,9,18,4,7,04:06,214.2,3.4,3.9,4.4,0.0
2026,9,18,4,8,04:08,222.1,3.2,3.6,4.2,0.0
2026,9,18,4,9,04:09,213.7,3.1,3.6,4.1,0.0
2026,9,18,4,12,04:11,215.3,3.0,3.6,4.4,0.0
2026,9,18,4,13,04:13,224.5,2.8,3.5,4.4,0.0
2026,9,18,4,14,04:14,221.1,2.7,3.1,3.5,0.0
2026,9,18,4,16,04:16,214.6,3.2,3.6,4.0,0.0
2026,9,18,4,18,04:18,223.2,2.9,4.1,4.6,0.0
2026,9,18,4,19,04:19,224.0,3.7,4.4,5.6,0.0
2026,9,18,4,22,04:21,218.8,3.3,4.0,4.8,0.0
2026,9,18,4,23,04:23,227.4,3.0,3.6,4.2,0.0
2026,9,18,4,24,04:24,220.2,3.2,3.8,4.6,0.0
2026,9,18,4,27,04:26,219.1,2.8,4.0,5.3,0.0
2026,9,18,4,28,04:28,227.0,3.2,4.0,4.8,0.0
2026,9,18,4,29,04:29,225.2,3.3,3.9,4.5,0.0
2026,9,18,4,31,04:31,228.9,3.4,3.9,5.0,0.0
2026,9,18,4,33,04:33,218.6,3.0,4.3,5.9,0.0
2026,9,18,4,34,04:34,219.3,3.3,4.2,4.8,0.0
2026,9,18,4,36,04:36,219.2,2.9,3.8,4.4,0.0
2026,9,18,4,38,04:38,223.3,3.5,4.3,5.2,0.0
2026,9,18,4,39,04:39,220.0,3.5,3.9,4.5,0.0
2026,9,18,4,41,04:41,221.6,3.1,3.6,4.2,0.0
2026,9,18,4,43,04:43,222.4,2.9,3.7,4.4,0.0
2026,9,18,4,44,04:44,218.7,3.1,4.3,5.5,0.0
2026,9,18,4,47,04:47,230.2,3.0,4.2,5.4,0.0
2026,9,18,4,48,04:48,229.6,3.0,3.6,4.2,0.0
2026,9,18,4,49,04:49,223.6,3.6,4.3,4.9,0.0
2026,9,18,4,51,04:51,224.9,2.6,3.6,4.3,0.0
2026,9,18,4,53,04:53,229.7,3.7,4.8,6.2,0.0
2026,9,18,4,54,04:54,220.1,3.1,4.0,5.0,0.0
2026,9,18,4,56,04:56,223.8,3.1,4.0,5.2,0.0
2026,9,18,4,58,04:58,226.1,3.1,4.3,5.6,0.0
2026,9,18,4,59,04:59,226.2,3.6,4.3,4.9,0.0
2026,9,18,5,2,05:02,227.9,2.9,3.7,4.4,0.0
2026,9,18,5,3,05:03,228.6,3.1,4.0,5.7,0.0
2026,9,18,5,4,05:04,229.7,3.7,4.6,5.5,0.0
2026,9,18,5,6,05:06,223.4,4.1,5.1,5.8,0.0
2026,9,18,5,8,05:08,225.8,3.1,4.1,5.1,0.0
2026,9,18,5,9,05:09,225.3,2.9,3.9,4.9,0.0
2026,9,18,5,12,05:12,228.3,2.6,3.6,4.4,0.0
2026,9,18,5,13,05:13,220.1,3.7,4.8,6.1,0.0
2026,9,18,5,14,05:14,225.5,2.9,4.0,4.9,0.0
2026,9,18,5,16,05:16,223.3,2.9,4.2,5.6,0.0
2026,9,18,5,18,05:18,225.5,2.6,3.6,4.5,0.0
2026,9,18,5,19,05:19,227.5,3.2,4.6,5.5,0.0
2026,9,18,5,22,05:22,226.1,2.7,3.9,4.8,0.0
2026,9,18,5,23,05:23,222.9,2.4,3.3,4.1,0.0
2026,9,18,5,24,05:24,229.1,2.9,4.3,5.6,0.0
2026,9,18,5,26,05:26,229.0,3.6,4.3,4.9,0.0
2026,9,18,5,28,05:28,225.9,2.9,4.1,4.8,0.0
2026,9,18,5,29,05:29,225.6,2.6,3.3,3.9,0.0
2026,9,18,5,31,05:31,217.0,2.8,3.5,4.0,0.0
2026,9,18,5,33,05:33,223.2,3.5,4.2,4.9,0.0
2026,9,18,5,34,05:34,225.5,3.4,4.1,5.2,0.0
2026,9,18,5,36,05:36,224.9,3.0,3.7,4.9,0.0
2026,9,18,5,38,05:38,222.6,3.0,3.7,4.3,0.0
2026,9,18,5,39,05:39,223.1,2.7,3.5,4.9,0.0
2026,9,18,5,42,05:41,230.2,3.2,3.9,4.8,0.0
2026,9,18,5,43,05:43,229.5,2.6,3.5,4.3,0.0
2026,9,18,5,44,05:44,223.6,2.5,3.3,4.4,0.0
2026,9,18,5,46,05:46,223.9,3.2,4.2,5.2,0.0
2026,9,18,5,48,05:48,222.7,3.0,3.7,4.4,0.0
2026,9,18,5,49,05:49,225.2,2.7,3.8,5.4,0.0
2026,9,18,5,52,05:52,221.5,2.9,3.4,4.0,0.0
2026,9,18,5,53,05:53,224.7,2.9,3.4,4.1,0.0
2026,9,18,5,54,05:54,220.8,2.9,3.6,4.7,0.0
2026,9,18,5,56,05:56,221.2,3.1,3.7,4.4,0.0
2026,9,18,5,58,05:58,222.6,2.9,3.5,4.2,0.0
2026,9,18,5,59,05:59,218.9,2.8,3.4,4.2,0.0
2026,9,18,6,1,06:01,223.9,2.8,3.6,4.2,0.0
2026,9,18,6,3,06:03,225.1,2.8,3.7,5.5,0.0
2026,9,18,6,4,06:04,220.9,2.5,3.4,4.1,0.0
2026,9,18,6,7,06:07,225.3,3.2,4.1,5.2,0.0
2026,9,18,6,8,06:08,216.1,3.5,4.2,4.7,0.0
2026,9,18,6,9,06:09,218.0,3.0,3.9,4.7,0.0
2026,9,18,6,11,06:11,220.3,3.1,4.0,4.5,0.0
2026,9,18,6,13,06:13,219.2,3.9,4.8,5.6,0.0
2026,9,18,6,14,06:14,225.1,3.3,4.2,5.1,0.0
2026,9,18,6,17,06:17,228.1,3.4,4.0,4.7,0.0
2026,9,18,6,18,06:18,223.9,2.6,3.7,4.7,0.0
2026,9,18,6,19,06:19,225.7,3.8,4.4,5.2,0.0
2026,9,18,6,22,06:21,230.5,3.0,3.6,4.5,0.0
2026,9,18,6,23,06:23,223.1,3.0,4.0,5.1,0.0
2026,9,18,6,24,06:24,232.7,2.2,3.2,4.1,0.0
2026,9,18,6,27,06:27,219.5,3.2,4.3,5.2,0.0
2026,9,18,6,28,06:28,229.4,2.7,3.7,5.1,0.0
2026,9,18,6,29,06:29,226.6,3.3,3.9,4.5,0.0
2026,9,18,6,31,06:31,227.1,3.7,4.6,5.3,0.0
2026,9,18,6,33,06:33,222.2,3.5,5.2,6.6,0.0
2026,9,18,6,34,06:34,224.6,3.1,4.1,5.5,0.0
2026,9,18,6,37,06:37,223.6,4.7,5.9,6.8,0.0
2026,9,18,6,38,06:38,223.8,3.6,4.7,6.4,0.0
2026,9,18,6,39,06:39,233.5,2.6,3.9,5.1,0.0
2026,9,18,6,42,06:41,223.8,3.8,5.0,5.9,0.0
2026,9,18,6,43,06:43,224.5,4.1,4.8,6.2,0.0
2026,9,18,6,44,06:44,227.5,4.3,5.6,7.2,0.0
2026,9,18,6,46,06:46,231.5,3.5,4.7,6.2,0.0
2026,9,18,6,48,06:48,224.6,2.9,4.6,5.9,0.0
2026,9,18,6,49,06:49,228.6,3.6,5.2,6.6,0.0
2026,9,18,6,52,06:51,231.2,2.9,4.4,5.7,0.0
2026,9,18,6,53,06:53,227.0,3.4,4.5,6.0,0.0
2026,9,18,6,54,06:54,219.9,4.7,5.4,6.8,0.0
2026,9,18,6,56,06:56,233.9,3.4,4.3,5.5,0.0
2026,9,18,6,58,06:58,230.2,3.1,3.8,5.3,0.0
2026,9,18,6,59,06:59,223.9,3.4,4.4,5.6,0.0
2026,9,18,7,1,07:01,226.8,3.3,4.2,5.2,0.0
2026,9,18,7,3,07:03,227.2,3.0,3.7,4.5,0.0
2026,9,18,7,4,07:04,224.2,3.1,3.9,4.8,0.0
2026,9,18,7,7,07:06,225.9,2.8,4.4,5.3,0.0
2026,9,18,7,8,07:08,219.5,3.3,4.3,5.4,0.0
2026,9,18,7,9,07:09,226.7,2.6,4.0,6.2,0.0
2026,9,18,7,11,07:11,228.7,3.2,4.1,5.1,0.0
2026,9,18,7,13,07:13,225.7,3.2,4.0,4.6,0.0
2026,9,18,7,14,07:14,221.0,2.9,3.6,4.6,0.0
2026,9,18,7,16,07:16,225.7,2.4,3.3,4.3,0.0
2026,9,18,7,18,07:18,224.4,3.0,3.6,4.6,0.0
2026,9,18,7,19,07:19,225.8,2.6,3.5,4.3,0.0
2026,9,18,7,22,07:21,228.0,2.4,3.3,4.3,0.0
2026,9,18,7,23,07:23,227.5,2.5,3.2,3.9,0.0
2026,9,18,7,24,07:24,212.3,2.0,2.8,3.5,0.0
2026,9,18,7,26,07:26,225.9,2.1,3.2,4.3,0.0
2026,9,18,7,28,07:28,231.5,2.5,3.2,4.0,0.0
2026,9,18,7,29,07:29,222.8,2.2,3.1,5.2,0.0
2026,9,18,7,31,07:31,228.3,3.6,4.3,5.2,0.0
2026,9,18,7,33,07:33,224.0,3.2,4.0,5.2,0.0
2026,9,18,7,34,07:34,222.1,3.0,3.9,4.9,0.0
2026,9,18,7,36,07:36,221.0,2.4,3.5,5.3,0.0
2026,9,18,7,38,07:38,226.6,2.3,3.2,4.0,0.0
2026,9,18,7,39,07:39,218.9,2.5,3.2,4.0,0.0
2026,9,18,7,42,07:42,221.7,2.3,3.0,3.8,0.0
2026,9,18,7,43,07:43,218.9,2.3,3.4,4.7,0.0
2026,9,18,7,44,07:44,220.6,2.8,3.6,4.8,0.0
2026,9,18,7,47,07:47,214.5,2.9,3.9,4.8,0.0
2026,9,18,7,48,07:48,223.2,3.1,3.8,4.6,0.0
2026,9,18,7,49,07:49,223.7,3.0,3.6,4.3,0.0
2026,9,18,7,51,07:51,255.2,3.2,4.1,5.0,0.0
2026,9,18,7,53,07:53,225.5,3.2,3.8,4.4,0.0
2026,9,18,7,54,07:54,217.0,3.6,4.1,4.7,0.0
2026,9,18,7,57,07:57,218.1,3.5,3.8,4.4,0.0
2026,9,18,7,58,07:58,214.2,3.7,4.2,5.1,0.0
2026,9,18,7,59,07:59,219.7,3.7,4.5,5.1,0.0
2026,9,18,8,1,08:01,215.4,3.2,3.6,4.0,0.0
2026,9,18,8,3,08:03,210.7,3.2,4.3,5.5,0.0
2026,9,18,8,4,08:04,212.6,3.5,4.1,4.6,0.0
2026,9,18,8,7,08:07,213.2,3.5,3.9,4.5,0.0
2026,9,18,8,8,08:08,210.5,3.0,3.7,4.9,0.0
2026,9,18,8,9,08:09,214.0,3.7,4.4,5.0,0.0
2026,9,18,8,11,08:11,210.0,3.4,4.0,4.6,0.0
2026,9,18,8,13,08:13,216.1,3.1,3.8,4.4,0.0
2026,9,18,8,14,08:14,212.3,3.5,4.2,4.8,0.0
2026,9,18,8,17,08:17,208.6,3.3,3.9,4.3,0.0
2026,9,18,8,18,08:18,205.9,3.7,4.3,4.8,0.0
2026,9,18,8,19,08:19,208.7,4.2,4.5,4.9,0.0
2026,9,18,8,22,08:22,212.6,2.8,3.3,3.6,0.0
2026,9,18,8,23,08:23,209.3,2.6,3.2,3.5,0.0
2026,9,18,8,24,08:24,204.8,3.0,3.5,4.0,0.0
2026,9,18,8,27,08:27,218.3,3.5,4.1,4.9,0.0
2026,9,18,8,28,08:28,214.9,3.9,4.5,5.3,0.0
2026,9,18,8,29,08:29,210.0,3.5,4.5,5.7,0.0
2026,9,18,8,31,08:31,215.4,4.1,4.5,5.1,0.0
2026,9,18,8,33,08:33,212.0,3.9,4.9,5.7,0.0
2026,9,18,8,34,08:34,220.1,3.7,5.0,5.6,0.0
2026,9,18,8,36,08:36,221.4,3.8,4.5,5.4,0.0
2026,9,18,8,38,08:38,219.1,3.5,4.1,4.5,0.0
2026,9,18,8,39,08:39,217.6,3.4,4.1,5.0,0.0
2026,9,18,8,41,08:41,213.8,3.7,4.5,5.2,0.0
2026,9,18,8,43,08:43,215.6,3.5,4.3,4.9,0.0
2026,9,18,8,44,08:44,218.1,3.9,4.4,5.3,0.0
2026,9,18,8,46,08:46,220.2,3.8,4.3,4.8,0.0
2026,9,18,8,48,08:48,211.5,4.0,4.5,5.1,0.0
2026,9,18,8,49,08:49,210.3,3.5,4.0,4.4,0.0
2026,9,18,8,51,08:51,211.3,3.6,4.3,5.0,0.0
2026,9,18,8,53,08:53,203.1,3.9,5.3,6.7,0.0
2026,9,18,8,54,08:54,203.5,4.4,5.3,6.1,0.0
2026,9,18,8,57,08:56,206.5,5.5,6.2,6.9,0.0
2026,9,18,8,58,08:58,205.1,4.7,6.0,7.1,0.0
2026,9,18,8,59,08:59,199.5,4.9,6.2,6.8,0.0
2026,9,18,9,1,09:01,199.5,5.5,6.8,8.3,0.0
2026,9,18,9,3,09:03,203.6,5.4,6.8,8.8,0.0
2026,9,18,9,4,09:04,202.7,6.2,7.7,9.4,0.0
2026,9,18,9,6,09:06,199.4,5.6,6.9,7.9,0.0
2026,9,18,9,8,09:08,198.3,6.1,6.8,8.0,0.0
2026,9,18,9,9,09:09,198.4,5.6,7.6,9.8,0.0
2026,9,18,9,11,09:11,202.9,6.5,8.3,10.3,0.0
2026,9,18,9,13,09:13,199.6,6.8,8.1,9.5,0.0
2026,9,18,9,14,09:14,201.4,5.9,7.5,8.9,0.0
2026,9,18,9,16,09:16,199.8,6.5,8.0,9.4,0.0
2026,9,18,9,18,09:18,194.7,6.8,8.1,9.4,0.0
2026,9,18,9,19,09:19,199.0,6.6,8.0,9.3,0.0
2026,9,18,9,22,09:22,197.0,6.8,8.1,9.4,0.0
2026,9,18,9,23,09:23,200.1,6.6,8.0,9.1,0.0
2026,9,18,9,24,09:24,197.0,6.5,7.8,9.2,0.0
2026,9,18,9,26,09:26,196.0,6.0,7.1,8.6,0.0
2026,9,18,9,28,09:28,203.3,6.2,7.2,8.6,0.0
2026,9,18,9,29,09:29,201.3,6.0,7.4,9.1,0.0
2026,9,18,9,31,09:31,202.1,7.0,8.1,9.3,0.0
2026,9,18,9,33,09:33,196.2,8.1,9.2,10.1,0.0
2026,9,18,9,34,09:34,193.8,7.8,9.0,10.1,0.0
2026,9,18,9,37,09:37,197.6,6.7,8.3,9.5,0.0
2026,9,18,9,38,09:38,197.5,7.1,8.3,9.7,0.0
2026,9,18,9,39,09:39,194.9,7.5,8.9,10.0,0.0
2026,9,18,9,42,09:41,199.8,6.7,7.8,9.7,0.0
2026,9,18,9,43,09:43,197.7,7.0,8.3,10.0,0.0
2026,9,18,9,44,09:44,200.1,6.8,8.0,9.2,0.0
2026,9,18,9,47,09:46,196.5,7.7,8.5,9.8,0.0
2026,9,18,9,48,09:48,200.3,6.7,7.8,9.0,0.0
2026,9,18,9,49,09:49,201.8,7.1,8.2,9.6,0.0
2026,9,18,9,51,09:51,198.4,7.8,9.3,11.1,0.0
2026,9,18,9,53,09:53,200.7,8.3,9.8,11.4,0.0
2026,9,18,9,54,09:54,201.8,8.5,9.8,11.4,0.0
2026,9,18,9,56,09:56,192.0,8.2,9.6,11.1,0.0
2026,9,18,9,58,09:58,201.0,7.9,9.0,10.1,0.0
2026,9,18,9,59,09:59,196.1,6.8,8.5,10.0,0.0
2026,9,18,10,1,10:01,195.6,6.7,7.9,9.1,0.0
2026,9,18,10,3,10:03,199.2,6.8,8.1,9.2,0.0
2026,9,18,10,4,10:04,195.3,6.6,8.1,9.8,0.0
2026,9,18,10,6,10:06,195.5,8.0,9.1,10.4,0.0
2026,9,18,10,8,10:08,196.2,8.1,9.5,10.5,0.0
2026,9,18,10,9,10:09,195.4,7.9,9.1,10.9,0.0
2026,9,18,10,12,10:11,194.6,7.7,8.6,9.8,0.0
2026,9,18,10,13,10:13,188.2,7.7,9.4,10.7,0.0
2026,9,18,10,14,10:14,195.2,6.8,8.5,10.1,0.0
2026,9,18,10,17,10:17,190.2,7.3,9.7,11.6,0.0
2026,9,18,10,18,10:18,193.7,8.1,9.5,11.0,0.0
2026,9,18,10,19,10:19,191.7,8.3,9.8,11.1,0.0
2026,9,18,10,21,10:21,194.8,7.9,9.6,11.1,0.0
2026,9,18,10,23,10:23,195.0,7.2,8.5,9.5,0.0
2026,9,18,10,24,10:24,196.5,7.1,8.6,10.8,0.0
2026,9,18,10,26,10:26,192.7,7.4,9.6,11.5,0.0
2026,9,18,10,28,10:28,188.4,8.1,9.4,11.1,0.0
2026,9,18,10,29,10:29,190.6,7.1,8.8,10.3,0.0
2026,9,18,10,32,10:32,187.9,8.0,9.4,11.6,0.0
2026,9,18,10,33,10:33,186.8,8.5,10.1,11.5,0.0
2026,9,18,10,34,10:34,187.3,7.4,9.1,10.5,0.0
2026,9,18,10,36,10:36,183.3,6.7,8.5,9.6,0.0
2026,9,18,10,38,10:38,184.8,7.4,9.7,12.6,0.0
2026,9,18,10,39,10:39,188.3,9.4,11.1,12.8,0.0
2026,9,18,10,41,10:41,188.2,9.0,10.1,11.7,0.0
2026,9,18,10,43,10:43,182.0,8.9,10.8,12.3,0.0
2026,9,18,10,44,10:44,184.0,8.5,10.1,11.9,0.0
2026,9,18,10,46,10:46,190.2,8.5,10.2,11.9,0.0
2026,9,18,10,48,10:48,182.6,9.1,10.2,11.7,0.0
2026,9,18,10,49,10:49,186.0,7.6,8.8,10.0,0.0
2026,9,18,10,51,10:51,182.2,7.8,9.1,10.4,0.0
2026,9,18,10,53,10:53,185.9,7.7,8.8,10.3,0.0
2026,9,18,10,54,10:54,184.4,8.6,9.9,11.5,0.0
2026,9,18,10,56,10:56,184.1,8.0,10.1,12.3,0.0
2026,9,18,10,58,10:58,188.9,8.2,9.9,11.7,0.0
2026,9,18,10,59,10:59,185.9,8.3,10.0,11.6,0.0
2026,9,18,11,2,11:01,186.2,8.1,9.4,10.7,0.0
2026,9,18,11,3,11:03,184.5,8.8,10.1,11.4,0.0
2026,9,18,11,4,11:04,190.5,8.3,9.8,11.5,0.0
2026,9,18,11,7,11:06,186.1,8.0,9.8,11.4,0.0
2026,9,18,11,8,11:08,190.1,9.0,10.7,12.2,0.0
2026,9,18,11,9,11:09,183.3,9.2,11.2,12.8,0.0
2026,9,18,11,12,11:11,189.0,9.2,10.4,12.0,0.0
2026,9,18,11,13,11:13,181.4,9.0,10.3,12.0,0.0
2026,9,18,11,14,11:14,186.2,9.1,10.4,11.6,0.0
2026,9,18,11,17,11:16,187.6,8.4,10.5,12.3,0.0
2026,9,18,11,18,11:18,182.7,8.9,10.7,12.2,0.0
2026,9,18,11,19,11:19,184.5,8.5,11.0,12.8,0.0
2026,9,18,11,22,11:21,177.5,8.3,9.8,10.9,0.0
2026,9,18,11,23,11:23,182.4,8.0,9.6,11.6,0.0
2026,9,18,11,24,11:24,186.5,6.8,8.8,10.1,0.0
2026,9,18,11,27,11:26,188.4,7.7,9.4,11.0,0.0
2026,9,18,11,28,11:28,181.6,8.3,10.0,11.7,0.0
2026,9,18,11,29,11:29,180.6,8.8,10.3,11.6,0.0
2026,9,18,11,31,11:31,183.2,7.8,9.4,10.9,0.0
2026,9,18,11,33,11:33,190.0,8.5,10.0,11.9,0.0
2026,9,18,11,34,11:34,183.9,8.0,9.8,11.2,0.0
2026,9,18,11,37,11:36,188.0,8.4,9.9,11.7,0.0
2026,9,18,11,38,11:38,186.1,7.0,9.0,11.2,0.0
2026,9,18,11,39,11:39,185.0,8.9,10.3,11.7,0.0
2026,9,18,11,41,11:41,187.8,7.0,9.9,12.0,0.0
2026,9,18,11,43,11:43,188.5,8.3,9.5,11.2,0.0
2026,9,18,11,44,11:44,183.6,8.5,9.9,11.5,0.0
2026,9,18,11,47,11:46,183.7,7.3,8.9,11.0,0.0
2026,9,18,11,48,11:48,188.6,8.5,9.8,11.2,0.0
2026,9,18,11,49,11:49,189.5,8.3,10.1,11.2,0.0
2026,9,18,11,52,11:52,188.4,8.9,10.5,11.5,0.0
2026,9,18,11,53,11:53,192.0,8.5,9.9,11.4,0.0
2026,9,18,11,54,11:54,194.4,7.9,9.8,11.9,0.0
2026,9,18,11,57,11:57,177.5,8.0,9.5,11.1,0.0
2026,9,18,11,58,11:58,186.7,8.3,9.3,10.9,0.0
2026,9,18,11,59,11:59,179.4,8.4,10.4,12.0,0.0
2026,9,18,12,1,12:01,191.4,8.1,9.6,11.6,0.0
2026,9,18,12,3,12:03,186.5,8.1,9.5,11.1,0.0
2026,9,18,12,4,12:04,185.0,9.0,10.8,12.5,0.0
2026,9,18,12,6,12:06,186.1,8.5,10.2,12.0,0.0
2026,9,18,12,8,12:08,186.1,8.6,10.3,11.9,0.0
2026,9,18,12,9,12:09,185.5,7.8,9.2,11.1,0.0
2026,9,18,12,11,12:11,183.3,7.7,9.1,10.4,0.0
2026,9,18,12,13,12:13,188.6,8.4,10.7,12.9,0.0
2026,9,18,12,14,12:14,182.2,9.2,10.4,12.0,0.0
2026,9,18,12,17,12:17,184.8,8.6,11.1,12.8,0.0
2026,9,18,12,18,12:18,187.2,8.9,10.4,12.2,0.0
2026,9,18,12,19,12:19,187.0,8.0,9.6,11.4,0.0
2026,9,18,12,22,12:22,185.9,7.3,9.8,11.6,0.0
2026,9,18,12,23,12:23,179.6,8.0,9.6,10.9,0.0
2026,9,18,12,24,12:24,183.1,8.5,10.0,11.9,0.0
2026,9,18,12,26,12:26,177.4,7.8,10.1,12.2,0.0
2026,9,18,12,28,12:28,185.9,9.1,10.8,12.9,0.0
2026,9,18,12,29,12:29,188.2,8.3,9.8,11.4,0.0
2026,9,18,12,31,12:31,179.2,8.5,9.8,11.2,0.0
2026,9,18,12,33,12:33,181.6,8.8,10.5,12.5,0.0
2026,9,18,12,34,12:34,180.8,9.0,10.5,12.0,0.0
2026,9,18,12,37,12:37,179.5,7.7,9.1,11.0,0.0
2026,9,18,12,38,12:38,177.8,8.5,9.8,12.3,0.0
2026,9,18,12,39,12:39,177.8,7.3,9.2,11.4,0.0
2026,9,18,12,42,12:41,176.7,8.3,10.0,12.0,0.0
2026,9,18,12,43,12:43,183.2,8.0,9.3,10.7,0.0
2026,9,18,12,44,12:44,177.5,8.1,10.2,11.7,0.0
2026,9,18,12,46,12:46,177.3,8.8,10.3,11.9,0.0
2026,9,18,12,48,12:48,174.3,9.3,11.0,12.9,0.0
2026,9,18,12,49,12:49,172.6,8.3,10.0,11.2,0.0
2026,9,18,12,52,12:52,173.2,9.4,11.2,12.8,0.0
2026,9,18,12,53,12:53,178.2,8.3,10.5,12.5,0.0
2026,9,18,12,54,12:54,176.9,8.4,10.0,12.2,0.0
2026,9,18,12,57,12:56,173.8,9.4,11.6,13.3,0.0
2026,9,18,12,58,12:58,173.7,10.2,11.9,14.0,0.0
2026,9,18,12,59,12:59,176.3,7.7,11.2,13.3,0.0
2026,9,18,13,1,13:01,174.6,9.1,10.8,13.3,0.0
2026,9,18,13,3,13:03,174.7,9.4,11.1,13.1,0.0
2026,9,18,13,4,13:04,175.1,9.9,11.9,13.8,0.0
2026,9,18,13,6,13:06,175.4,9.1,10.4,12.2,0.0
2026,9,18,13,8,13:08,173.7,8.5,10.8,12.8,0.0
2026,9,18,13,9,13:09,170.8,7.9,9.9,12.6,0.0
2026,9,18,13,11,13:11,171.0,9.8,12.6,15.7,0.0
2026,9,18,13,13,13:13,173.7,9.0,11.6,14.0,0.0
2026,9,18,13,14,13:14,174.2,9.1,10.8,12.6,0.0
2026,9,18,13,16,13:16,171.6,9.5,11.1,12.9,0.0
2026,9,18,13,18,13:18,174.3,8.5,10.7,12.9,0.0
2026,9,18,13,19,13:19,173.8,8.6,11.0,12.9,0.0
2026,9,18,13,22,13:21,170.1,8.7,11.4,14.0,0.0
2026,9,18,13,23,13:23,175.1,10.2,12.9,15.2,0.0
2026,9,18,13,24,13:24,172.8,9.6,11.5,14.4,0.0
2026,9,18,13,27,13:27,176.1,9.5,11.2,13.8,0.0
2026,9,18,13,28,13:28,176.2,9.2,11.4,12.8,0.0
2026,9,18,13,29,13:29,179.7,9.1,11.6,14.4,0.0
2026,9,18,13,32,13:32,170.1,8.1,10.5,11.9,0.0
2026,9,18,13,33,13:33,177.1,9.1,11.1,13.1,0.0
2026,9,18,13,34,13:34,173.4,9.5,11.5,13.3,0.0
2026,9,18,13,37,13:36,177.5,9.0,11.4,13.4,0.0
2026,9,18,13,38,13:38,174.3,9.0,11.0,13.4,0.0
2026,9,18,13,39,13:39,174.8,8.3,10.4,12.9,0.0
2026,9,18,13,42,13:41,170.2,7.8,10.1,12.5,0.0
2026,9,18,13,43,13:43,165.2,10.3,12.0,14.8,0.0
2026,9,18,13,44,13:44,170.6,10.3,12.3,14.2,0.0
2026,9,18,13,46,13:46,172.6,8.7,11.6,14.2,0.0
2026,9,18,13,48,13:48,173.0,9.2,10.8,12.2,0.0
2026,9,18,13,49,13:49,169.2,9.1,11.2,13.8,0.0
2026,9,18,13,52,13:51,176.1,10.0,11.9,14.6,0.0
2026,9,18,13,53,13:53,173.9,8.8,11.7,13.8,0.0
2026,9,18,13,54,13:54,173.8,8.5,10.5,13.3,0.0
2026,9,18,13,57,13:56,171.8,10.7,12.5,14.4,0.0
2026,9,18,13,58,13:58,174.0,10.2,12.0,13.6,0.0
2026,9,18,13,59,13:59,167.8,9.8,12.2,15.4,0.0
2026,9,18,14,1,14:01,173.9,10.0,12.0,14.4,0.0
2026,9,18,14,3,14:03,175.5,9.0,10.9,12.6,0.0
2026,9,18,14,4,14:04,175.7,9.7,11.2,13.6,0.0
2026,9,18,14,7,14:06,170.8,9.2,10.9,12.6,0.0
2026,9,18,14,8,14:08,174.9,9.1,11.0,13.4,0.0
2026,9,18,14,9,14:09,172.6,9.4,10.8,12.6,0.0
2026,9,18,14,11,14:11,172.3,8.3,10.7,12.5,0.0
2026,9,18,14,13,14:13,171.3,9.3,10.9,12.9,0.0
2026,9,18,14,14,14:14,173.7,9.5,11.6,14.0,0.0
2026,9,18,14,17,14:16,173.9,9.0,11.2,13.6,0.0
2026,9,18,14,18,14:18,179.8,9.2,11.4,14.0,0.0
2026,9,18,14,19,14:19,174.9,9.1,10.7,12.3,0.0
2026,9,18,14,22,14:22,180.7,9.2,11.0,13.1,0.0
2026,9,18,14,23,14:23,175.2,8.5,10.7,12.6,0.0
2026,9,18,14,24,14:24,177.4,8.9,10.5,12.3,0.0
2026,9,18,14,27,14:26,175.0,9.6,11.6,13.4,0.0
2026,9,18,14,28,14:28,179.2,10.2,12.2,14.2,0.0
2026,9,18,14,29,14:29,176.9,8.5,10.3,12.9,0.0
2026,9,18,14,31,14:31,175.7,9.4,11.6,14.2,0.0
2026,9,18,14,33,14:33,180.0,9.8,12.2,14.6,0.0
2026,9,18,14,34,14:34,175.3,9.8,11.4,13.3,0.0
2026,9,18,14,36,14:36,183.6,10.0,12.3,15.0,0.0
2026,9,18,14,38,14:38,179.2,10.2,11.9,13.8,0.0
2026,9,18,14,39,14:39,181.1,10.4,12.5,14.0,0.0
2026,9,18,14,42,14:42,174.5,9.2,11.5,14.0,0.0
2026,9,18,14,43,14:43,177.6,10.1,12.3,15.0,0.0
2026,9,18,14,44,14:44,174.0,10.8,12.6,14.4,0.0
2026,9,18,14,46,14:46,182.2,9.0,10.2,11.5,0.0
2026,9,18,14,48,14:48,169.0,9.6,11.5,13.3,0.0
2026,9,18,14,49,14:49,177.3,10.4,12.2,14.0,0.0
2026,9,18,14,51,14:51,176.7,9.8,11.7,13.3,0.0
2026,9,18,14,53,14:53,183.6,8.0,9.6,11.6,0.0
2026,9,18,14,54,14:54,181.0,9.0,10.3,11.4,0.0
2026,9,18,14,56,14:56,176.3,8.6,10.3,12.0,0.0
2026,9,18,14,58,14:58,178.3,7.6,10.0,12.3,0.0
2026,9,18,14,59,14:59,187.4,4.5,5.6,7.8,0.0
2026,9,18,15,1,15:01,215.3,5.5,6.8,7.8,0.0
2026,9,18,15,3,15:03,196.9,6.2,7.4,8.4,0.0
2026,9,18,15,4,15:04,195.4,6.3,8.3,10.8,0.0
2026,9,18,15,7,15:06,215.7,9.4,11.2,13.4,0.0
2026,9,18,15,8,15:08,206.2,7.6,9.7,10.8,0.0
2026,9,18,15,9,15:09,196.7,7.2,8.6,10.8,0.0
2026,9,18,15,11,15:11,192.9,9.0,10.2,11.9,0.0
2026,9,18,15,13,15:13,192.5,9.4,11.0,12.5,0.0
2026,9,18,15,14,15:14,192.5,9.1,10.7,12.6,0.0
2026,9,18,15,16,15:16,186.8,8.6,10.4,13.1,0.0
2026,9,18,15,18,15:18,186.2,9.6,11.4,14.4,0.0
2026,9,18,15,19,15:19,185.6,9.6,11.5,13.6,0.0
2026,9,18,15,21,15:21,191.7,10.3,12.6,15.4,0.0
2026,9,18,15,23,15:23,198.4,10.9,12.2,14.0,0.0
2026,9,18,15,24,15:24,200.2,9.8,11.6,13.6,0.0
2026,9,18,15,26,15:26,198.5,10.1,12.3,14.4,0.0
2026,9,18,15,28,15:28,199.1,9.6,11.5,13.6,0.0
2026,9,18,15,29,15:29,192.2,9.8,11.4,13.3,0.0
2026,9,18,15,31,15:31,200.8,9.1,10.8,12.8,0.0
2026,9,18,15,33,15:33,203.9,10.7,12.2,13.8,0.0
2026,9,18,15,34,15:34,200.4,10.5,12.2,13.6,0.0
2026,9,18,15,37,15:36,202.3,9.4,10.8,13.4,0.0
2026,9,18,15,38,15:38,199.1,8.8,10.1,12.3,0.0
2026,9,18,15,39,15:39,203.5,8.8,10.9,12.5,0.0
2026,9,18,15,41,15:41,202.8,7.9,10.0,12.0,0.0
2026,9,18,15,43,15:43,199.7,7.6,9.4,10.7,0.0
2026,9,18,15,44,15:44,198.7,9.1,10.1,11.6,0.0
2026,9,18,15,47,15:46,201.8,6.9,8.5,9.8,0.0
2026,9,18,15,48,15:48,200.8,8.5,9.8,11.1,0.0
2026,9,18,15,49,15:49,201.0,8.4,10.0,11.9,0.0
2026,9,18,15,51,15:51,198.8,8.0,9.7,11.0,0.0
2026,9,18,15,53,15:53,199.5,8.6,9.6,10.7,0.0
2026,9,18,15,54,15:54,194.7,7.4,9.1,10.4,0.0
2026,9,18,15,57,15:57,193.4,6.8,8.6,10.4,0.0
2026,9,18,15,58,15:58,196.7,7.6,9.8,11.7,0.0
2026,9,18,15,59,15:59,199.1,7.9,9.6,10.7,0.0
2026,9,18,16,1,16:01,203.2,7.5,8.8,9.7,0.0
2026,9,18,16,3,16:03,205.7,7.0,8.6,10.5,0.0
2026,9,18,16,4,16:04,205.7,6.8,8.5,10.0,0.0
2026,9,18,16,6,16:06,201.5,7.3,8.5,9.9,0.0
2026,9,18,16,8,16:08,204.9,8.2,9.4,11.0,0.0
2026,9,18,16,9,16:09,202.9,8.0,9.4,10.7,0.0
2026,9,18,16,11,16:11,194.9,8.1,9.9,11.7,0.0
2026,9,18,16,13,16:13,193.5,8.8,10.8,12.5,0.0
2026,9,18,16,14,16:14,199.8,8.9,11.1,12.8,0.0
2026,9,18,16,16,16:16,201.6,10.0,11.4,12.9,0.0
2026,9,18,16,18,16:18,200.7,8.8,10.0,11.5,0.0
2026,9,18,16,19,16:19,200.8,8.5,9.8,11.1,0.0
2026,9,18,16,22,16:21,199.9,8.3,9.9,11.7,0.0
2026,9,18,16,23,16:23,201.5,8.2,9.8,11.4,0.0
2026,9,18,16,24,16:24,202.4,7.7,9.4,10.8,0.0
2026,9,18,16,26,16:26,197.5,8.3,9.8,11.1,0.0
2026,9,18,16,28,16:28,196.4,7.1,8.9,10.5,0.0
2026,9,18,16,29,16:29,200.5,8.0,9.1,10.4,0.0
2026,9,18,16,31,16:31,202.0,7.3,8.8,10.3,0.0
2026,9,18,16,33,16:33,200.3,7.4,8.7,9.8,0.0
2026,9,18,16,34,16:34,201.0,7.7,8.9,9.9,0.0
2026,9,18,16,36,16:36,197.6,6.8,9.1,10.5,0.0
2026,9,18,16,38,16:38,197.7,7.4,9.1,10.3,0.0
2026,9,18,16,39,16:39,198.4,7.4,8.7,10.2,0.0
2026,9,18,16,42,16:41,197.8,6.6,7.8,9.1,0.0
2026,9,18,16,43,16:43,199.5,7.8,9.4,10.9,0.0
2026,9,18,16,44,16:44,195.9,7.4,9.0,10.7,0.0
2026,9,18,16,46,16:46,191.4,8.2,9.8,12.5,0.0
2026,9,18,16,48,16:48,191.1,8.8,10.4,12.0,0.0
2026,9,18,16,49,16:49,194.3,8.3,9.8,12.0,0.0
2026,9,18,16,52,16:52,194.1,8.4,10.1,11.6,0.0
2026,9,18,16,53,16:53,195.9,8.0,9.7,11.7,0.0
2026,9,18,16,54,16:54,193.2,7.8,10.3,12.0,0.0
2026,9,18,16,56,16:56,195.2,9.0,11.0,12.8,0.0
2026,9,18,16,58,16:58,198.1,8.0,9.4,11.0,0.0
2026,9,18,16,59,16:59,199.6,7.9,8.8,10.1,0.0
2026,9,18,17,1,17:01,193.5,7.3,8.9,10.9,0.0
2026,9,18,17,3,17:03,196.4,8.1,9.3,10.7,0.0
2026,9,18,17,4,17:04,189.7,8.9,10.0,11.1,0.0
2026,9,18,17,7,17:06,199.5,8.1,9.8,11.7,0.0
2026,9,18,17,8,17:08,201.0,8.9,10.3,11.9,0.0
2026,9,18,17,9,17:09,195.1,7.5,8.8,10.7,0.0
2026,9,18,17,12,17:12,193.7,6.3,8.3,10.5,0.0
2026,9,18,17,13,17:13,199.8,7.7,8.9,10.5,0.0
2026,9,18,17,14,17:14,197.9,8.1,9.9,11.9,0.0
2026,9,18,17,16,17:16,199.2,8.3,9.8,11.4,0.0
2026,9,18,17,18,17:18,200.1,7.4,9.4,11.5,0.0
2026,9,18,17,19,17:19,201.3,7.8,9.8,11.4,0.0
2026,9,18,17,21,17:21,201.7,8.1,9.6,11.4,0.0
2026,9,18,17,23,17:23,198.0,7.7,9.3,11.4,0.0
2026,9,18,17,24,17:24,199.0,8.6,10.4,11.6,0.0
2026,9,18,17,26,17:26,202.6,8.0,9.3,11.0,0.0
2026,9,18,17,28,17:28,198.5,8.5,9.7,11.0,0.0
2026,9,18,17,29,17:29,199.8,8.3,9.8,11.2,0.0
2026,9,18,17,31,17:31,198.1,7.9,9.6,11.1,0.0
2026,9,18,17,33,17:33,194.5,8.0,9.8,11.7,0.0
2026,9,18,17,34,17:34,197.1,8.0,9.2,10.4,0.0
2026,9,18,17,36,17:36,202.9,8.8,10.4,12.5,0.0
2026,9,18,17,38,17:38,206.6,8.0,9.1,11.4,0.0
2026,9,18,17,39,17:39,207.2,7.0,8.4,9.9,0.0
2026,9,18,17,42,17:42,205.1,7.8,8.8,10.4,0.0
2026,9,18,17,43,17:43,204.1,6.8,8.3,9.3,0.0
2026,9,18,17,44,17:44,206.7,6.9,8.5,9.9,0.0
2026,9,18,17,46,17:46,204.4,7.5,8.8,10.1,0.0
2026,9,18,17,48,17:48,208.3,6.8,8.5,10.9,0.0
2026,9,18,17,49,17:49,207.1,7.5,9.4,11.5,0.0
2026,9,18,17,52,17:51,213.0,6.7,7.6,8.6,0.0
2026,9,18,17,53,17:53,205.9,7.1,7.8,8.8,0.0
2026,9,18,17,54,17:54,205.3,6.2,7.6,8.9,0.0
2026,9,18,17,57,17:57,205.5,6.9,8.0,9.6,0.0
2026,9,18,17,58,17:58,211.0,6.0,7.0,7.7,0.0
2026,9,18,17,59,17:59,211.5,5.6,7.0,8.4,0.0
2026,9,18,18,2,18:02,207.1,6.9,8.5,9.7,0.0
2026,9,18,18,3,18:03,205.1,6.2,8.1,9.4,0.0
2026,9,18,18,4,18:04,203.9,6.1,7.4,8.8,0.0
2026,9,18,18,6,18:06,207.6,6.2,7.5,8.7,0.0
2026,9,18,18,8,18:08,206.7,5.5,6.6,8.0,0.0
2026,9,18,18,9,18:09,208.9,5.7,6.9,8.0,0.0
2026,9,18,18,11,18:11,213.2,6.8,8.1,9.1,0.0
2026,9,18,18,13,18:13,210.2,6.8,8.0,8.8,0.0
2026,9,18,18,14,18:14,206.2,5.6,6.7,7.6,0.0
2026,9,18,18,16,18:16,203.0,5.6,6.8,8.0,0.0
2026,9,18,18,18,18:18,202.4,7.5,8.8,10.2,0.0
2026,9,18,18,19,18:19,206.6,6.5,8.2,9.9,0.0
2026,9,18,18,21,18:21,205.9,7.8,9.4,10.9,0.0
2026,9,18,18,23,18:23,200.4,8.3,9.8,11.0,0.0
2026,9,18,18,24,18:24,202.6,8.7,9.8,10.9,0.0
2026,9,18,18,27,18:27,206.1,6.6,8.0,9.4,0.0
2026,9,18,18,28,18:28,201.7,7.2,9.2,10.7,0.0
2026,9,18,18,29,18:29,210.0,8.1,9.8,11.6,0.0
2026,9,18,18,31,18:31,204.7,7.0,8.4,10.5,0.0
2026,9,18,18,33,18:33,203.1,7.8,8.8,10.3,0.0
2026,9,18,18,34,18:34,209.3,5.9,7.9,10.0,0.0
2026,9,18,18,36,18:36,212.6,6.4,7.5,8.4,0.0
2026,9,18,18,38,18:38,203.0,6.5,7.5,9.1,0.0
2026,9,18,18,39,18:39,201.1,6.6,8.5,9.8,0.0
2026,9,18,18,41,18:41,199.4,7.4,9.1,10.4,0.0
2026,9,18,18,43,18:43,204.2,8.4,9.8,11.2,0.0
2026,9,18,18,44,18:44,202.4,6.5,8.3,10.1,0.0
2026,9,18,18,47,18:46,200.4,8.2,9.9,11.6,0.0
2026,9,18,18,48,18:48,200.5,8.8,10.4,11.9,0.0
2026,9,18,18,49,18:49,200.1,8.5,10.3,12.0,0.0
2026,9,18,18,51,18:51,195.5,8.1,10.4,12.2,0.0
2026,9,18,18,53,18:53,196.7,8.8,10.3,12.3,0.0
2026,9,18,18,54,18:54,199.9,8.5,10.2,12.5,0.0
2026,9,18,18,56,18:56,198.0,8.3,10.2,11.9,0.0
2026,9,18,18,58,18:58,188.6,8.9,10.5,11.7,0.0
2026,9,18,18,59,18:59,187.5,8.7,10.1,12.3,0.0
2026,9,18,19,1,19:01,197.4,8.7,10.3,12.5,0.0
2026,9,18,19,3,19:03,194.2,8.3,9.5,10.8,0.0
2026,9,18,19,4,19:04,195.1,8.1,10.1,11.9,0.0
2026,9,18,19,6,19:06,190.0,9.1,10.5,12.3,0.0
2026,9,18,19,8,19:08,196.3,8.5,10.4,12.3,0.0
2026,9,18,19,9,19:09,198.1,8.9,10.5,12.3,0.0
2026,9,18,19,12,19:12,191.8,8.2,9.8,12.0,0.0
2026,9,18,19,13,19:13,197.6,9.0,11.1,13.1,0.0
2026,9,18,19,14,19:14,199.3,9.2,11.2,13.1,0.0
2026,9,18,19,16,19:16,196.3,8.8,10.3,11.9,0.0
2026,9,18,19,18,19:18,198.8,8.1,10.8,12.8,0.0
2026,9,18,19,19,19:19,196.5,8.8,10.3,13.1,0.0
2026,9,18,19,21,19:21,197.3,8.4,9.6,10.7,0.0
2026,9,18,19,23,19:23,192.1,8.7,10.4,11.7,0.0
2026,9,18,19,24,19:24,196.0,8.5,9.9,11.6,0.0
2026,9,18,19,26,19:26,193.3,7.8,9.1,10.1,0.0
2026,9,18,19,28,19:28,191.5,8.3,9.4,10.8,0.0
2026,9,18,19,29,19:29,198.8,8.5,10.3,12.0,0.0
2026,9,18,19,32,19:32,213.0,6.4,7.7,9.6,0.0
2026,9,18,19,33,19:33,218.2,5.9,7.2,8.6,0.0
2026,9,18,19,34,19:34,231.6,4.8,5.8,7.5,0.0
2026,9,18,19,37,19:36,232.7,4.7,6.3,8.5,0.0
2026,9,18,19,38,19:38,243.0,3.3,5.2,7.8,0.0
2026,9,18,19,39,19:39,235.6,4.5,5.7,7.3,0.0
2026,9,18,19,41,19:41,232.0,5.7,7.3,8.9,0.0
2026,9,18,19,43,19:43,225.0,5.5,7.2,9.0,0.0
2026,9,18,19,44,19:44,222.6,5.1,7.3,9.6,0.0
2026,9,18,19,47,19:47,222.4,4.7,6.0,7.4,0.0
2026,9,18,19,48,19:48,219.1,4.9,6.3,7.7,0.0
2026,9,18,19,49,19:49,218.7,4.5,5.9,7.3,0.0
2026,9,18,19,52,19:51,212.1,5.6,7.3,8.8,0.0
2026,9,18,19,53,19:53,207.9,6.3,8.3,10.2,0.0
2026,9,18,19,54,19:54,194.3,6.9,8.1,9.2,0.0
2026,9,18,19,57,19:57,209.1,4.9,6.1,7.0,0.0
2026,9,18,19,58,19:58,210.9,5.5,7.2,8.8,0.0
2026,9,18,19,59,19:59,206.0,6.1,7.4,9.3,0.0
2026,9,18,20,1,20:01,212.1,6.2,7.3,9.1,0.0
2026,9,18,20,3,20:03,202.1,7.0,7.8,9.5,0.0
2026,9,18,20,4,20:04,207.8,6.2,7.3,8.6,0.0
2026,9,18,20,7,20:06,207.2,6.6,7.5,8.6,0.0
2026,9,18,20,8,20:08,209.1,5.8,7.0,7.8,0.0
2026,9,18,20,9,20:09,207.4,6.2,7.4,9.3,0.0
2026,9,18,20,11,20:11,209.3,6.0,7.5,10.0,0.0
2026,9,18,20,13,20:13,212.1,5.9,7.2,8.8,0.0
2026,9,18,20,14,20:14,208.7,6.2,7.3,8.3,0.0
2026,9,18,20,17,20:17,211.4,6.1,7.0,7.9,0.0
2026,9,18,20,18,20:18,205.0,5.5,6.3,7.4,0.0
2026,9,18,20,19,20:19,209.0,5.2,5.9,6.9,0.0
2026,9,18,20,21,20:21,205.2,5.6,6.4,7.7,0.0
2026,9,18,20,23,20:23,199.5,5.6,6.8,7.8,0.0
2026,9,18,20,24,20:24,204.5,5.2,6.5,7.7,0.0
2026,9,18,20,27,20:26,200.5,5.4,6.2,6.9,0.0
2026,9,18,20,28,20:28,203.5,6.1,6.9,8.0,0.0
2026,9,18,20,29,20:29,199.5,6.1,7.1,8.0,0.0
2026,9,18,20,32,20:32,201.2,5.2,6.1,7.7,0.0
2026,9,18,20,33,20:33,197.1,6.2,7.1,7.9,0.0
2026,9,18,20,34,20:34,192.9,6.3,7.1,8.1,0.0
2026,9,18,20,37,20:37,199.6,5.8,7.1,8.3,0.0
2026,9,18,20,38,20:38,193.1,6.3,7.2,8.0,0.0
2026,9,18,20,39,20:39,201.7,5.9,6.8,8.5,0.0
2026,9,18,20,41,20:41,203.0,5.5,6.4,7.3,0.0
2026,9,18,20,43,20:43,204.0,6.0,7.5,8.8,0.0
2026,9,18,20,44,20:44,194.4,5.7,6.9,8.0,0.0
2026,9,18,20,46,20:46,195.3,7.3,8.6,9.9,0.0
2026,9,18,20,48,20:48,181.6,7.0,8.3,9.8,0.0
2026,9,18,20,49,20:49,185.6,7.2,8.2,9.5,0.0
2026,9,18,20,52,20:52,180.4,7.8,9.0,10.1,0.0
2026,9,18,20,53,20:53,186.1,6.9,8.5,9.9,0.0
2026,9,18,20,54,20:54,181.6,8.1,8.9,10.1,0.0
2026,9,18,20,57,20:56,170.7,7.5,9.1,10.4,0.0
2026,9,18,20,58,20:58,171.2,6.6,8.1,9.3,0.0
2026,9,18,20,59,20:59,171.4,7.0,8.0,9.4,0.0
2026,9,18,21,2,21:01,168.2,7.5,8.7,9.7,0.0
2026,9,18,21,3,21:03,180.0,6.6,8.0,8.7,0.0
2026,9,18,21,4,21:04,175.9,6.9,8.1,9.1,0.0
2026,9,18,21,7,21:07,174.0,7.0,7.7,8.7,0.0
2026,9,18,21,8,21:08,175.7,6.8,8.1,8.8,0.0
2026,9,18,21,9,21:09,177.6,7.2,8.1,8.8,0.0
2026,9,18,21,11,21:11,179.8,6.1,7.3,8.3,0.0
2026,9,18,21,13,21:13,176.1,6.5,7.3,8.2,0.0
2026,9,18,21,14,21:14,181.8,6.3,7.6,8.7,0.0
2026,9,18,21,16,21:16,183.8,6.4,8.3,9.4,0.0
2026,9,18,21,18,21:18,187.6,6.8,7.8,9.1,0.0
2026,9,18,21,19,21:19,183.2,7.0,8.3,9.2,0.0
2026,9,18,21,22,21:22,183.7,6.7,7.5,8.4,0.0
2026,9,18,21,23,21:23,182.1,6.5,7.6,8.5,0.0
2026,9,18,21,24,21:24,182.4,6.4,7.6,8.6,0.0
2026,9,18,21,27,21:27,179.8,6.3,7.2,8.2,0.0
2026,9,18,21,28,21:28,180.2,6.3,7.3,8.1,0.0
2026,9,18,21,29,21:29,186.7,6.2,7.2,8.2,0.0
2026,9,18,21,31,21:31,186.4,5.7,6.8,7.6,0.0
2026,9,18,21,33,21:33,192.0,5.1,6.2,6.8,0.0
2026,9,18,21,34,21:34,195.7,5.5,6.4,7.4,0.0
2026,9,18,21,36,21:36,195.7,5.4,6.5,7.2,0.0
2026,9,18,21,38,21:38,198.2,5.3,6.2,7.5,0.0
2026,9,18,21,39,21:39,200.0,5.8,6.5,7.3,0.0
2026,9,18,21,41,21:41,203.7,5.1,6.0,7.1,0.0
2026,9,18,21,43,21:43,199.4,5.1,6.0,6.8,0.0
2026,9,18,21,44,21:44,198.5,5.5,6.2,7.3,0.0
2026,9,18,21,47,21:47,200.2,5.2,6.0,6.9,0.0
2026,9,18,21,48,21:48,200.1,5.0,5.9,6.6,0.0
2026,9,18,21,49,21:49,205.9,5.0,5.9,6.8,0.0
2026,9,18,21,52,21:51,201.5,5.2,6.6,7.5,0.0
2026,9,18,21,53,21:53,195.2,5.8,7.5,8.9,0.0
2026,9,18,21,54,21:54,201.3,6.3,7.4,8.2,0.0
2026,9,18,21,57,21:56,189.3,6.8,7.8,9.0,0.0
2026,9,18,21,58,21:58,191.0,6.9,7.8,8.5,0.0
2026,9,18,21,59,21:59,190.1,5.9,7.2,7.9,0.0
2026,9,18,22,2,22:02,185.1,6.7,7.6,8.7,0.0
2026,9,18,22,3,22:03,183.5,6.8,7.5,8.4,0.0
2026,9,18,22,4,22:04,188.7,6.7,7.7,8.6,0.0
2026,9,18,22,7,22:06,196.3,7.4,8.5,9.6,0.0
2026,9,18,22,8,22:08,203.0,7.7,9.8,11.5,0.0
2026,9,18,22,9,22:09,200.8,8.0,9.3,10.4,0.0
2026,9,18,22,11,22:11,197.7,8.9,9.8,10.9,0.0
2026,9,18,22,13,22:13,203.7,6.5,8.5,9.9,0.0
2026,9,18,22,14,22:14,204.7,6.3,8.7,11.1,0.0
2026,9,18,22,16,22:16,201.9,6.4,8.0,9.1,0.0
2026,9,18,22,18,22:18,207.4,7.1,9.0,10.9,0.0
2026,9,18,22,19,22:19,203.0,6.9,8.5,10.7,0.0
2026,9,18,22,21,22:21,203.8,6.5,8.1,9.8,0.0
2026,9,18,22,23,22:23,199.6,8.1,9.4,10.3,0.0
2026,9,18,22,24,22:24,200.7,7.0,8.5,10.0,0.0
2026,9,18,22,26,22:26,201.8,7.7,9.1,10.4,0.0
2026,9,18,22,28,22:28,200.1,8.2,9.5,10.5,0.0
2026,9,18,22,29,22:29,204.4,7.5,9.1,11.6,0.0
2026,9,18,22,31,22:31,207.7,8.1,9.7,11.9,0.0
2026,9,18,22,33,22:33,202.9,7.8,9.8,10.8,0.0
2026,9,18,22,34,22:34,202.4,7.6,9.3,10.8,0.0
2026,9,18,22,36,22:36,204.7,8.8,10.0,11.5,0.0
2026,9,18,22,38,22:38,207.8,8.1,9.4,11.1,0.0
2026,9,18,22,39,22:39,204.5,7.1,8.6,9.9,0.0
2026,9,18,22,41,22:41,207.4,7.5,9.2,10.3,0.0
2026,9,18,22,43,22:43,204.8,7.4,9.4,11.1,0.0
2026,9,18,22,44,22:44,204.3,7.2,10.2,12.0,0.0
2026,9,18,22,47,22:46,199.5,7.9,10.1,12.9,0.0
2026,9,18,22,48,22:48,196.9,7.3,9.2,10.4,0.0
2026,9,18,22,49,22:49,200.7,7.9,9.3,10.7,0.0
2026,9,18,22,51,22:51,208.8,6.8,8.1,9.5,0.0
2026,9,18,22,53,22:53,207.5,6.2,8.0,9.4,0.0
2026,9,18,22,54,22:54,207.4,6.2,7.6,9.7,0.0
2026,9,18,22,57,22:57,207.1,5.7,7.1,8.4,0.0
2026,9,18,22,58,22:58,202.1,6.7,8.1,9.5,0.0
2026,9,18,22,59,22:59,208.2,6.4,7.7,9.0,0.0
2026,9,18,23,1,23:01,205.1,6.0,7.5,8.6,0.0
2026,9,18,23,3,23:03,200.5,6.3,7.9,9.1,0.0
2026,9,18,23,4,23:04,200.3,6.4,7.7,8.7,0.0
2026,9,18,23,7,23:06,205.7,5.4,6.7,8.0,0.0
2026,9,18,23,8,23:08,203.8,5.8,6.9,8.1,0.0
2026,9,18,23,9,23:09,208.0,6.2,6.8,7.6,0.0
2026,9,18,23,11,23:11,210.3,5.4,6.6,8.1,0.0
2026,9,18,23,13,23:13,214.5,5.4,6.3,7.2,0.0
2026,9,18,23,14,23:14,207.1,4.7,6.1,7.2,0.0
2026,9,18,23,16,23:16,212.0,5.2,6.5,7.2,0.0
2026,9,18,23,18,23:18,212.7,6.0,6.8,7.8,0.0
2026,9,18,23,19,23:19,213.8,5.3,6.1,7.0,0.0
2026,9,18,23,21,23:21,212.2,4.9,6.0,7.1,0.0
2026,9,18,23,23,23:23,218.5,4.4,5.8,6.8,0.0
2026,9,18,23,24,23:24,213.0,4.7,5.6,6.5,0.0
2026,9,18,23,27,23:26,211.2,4.2,5.4,6.2,0.0
2026,9,18,23,28,23:28,215.1,4.3,5.0,5.7,0.0
2026,9,18,23,29,23:29,214.2,3.9,4.7,5.4,0.0
2026,9,18,23,31,23:31,207.3,3.7,4.6,5.6,0.0
2026,9,18,23,33,23:33,207.3,4.0,4.7,5.4,0.0
2026,9,18,23,34,23:34,203.1,4.0,4.9,5.8,0.0
2026,9,18,23,36,23:36,202.9,4.6,5.6,6.3,0.0
2026,9,18,23,38,23:38,204.2,4.2,5.1,5.7,0.0
2026,9,18,23,39,23:39,200.3,4.0,4.7,5.4,0.0
2026,9,18,23,41,23:41,200.8,4.6,5.1,5.8,0.0
2026,9,18,23,43,23:43,200.6,4.0,4.6,5.1,0.0
2026,9,18,23,44,23:44,197.6,4.0,4.9,5.6,0.0
2026,9,18,23,47,23:47,193.5,3.8,4.4,5.0,0.0
2026,9,18,23,48,23:48,190.6,4.0,4.7,5.4,0.0
2026,9,18,23,49,23:49,193.4,4.3,4.8,5.2,0.0
2026,9,18,23,51,23:51,191.3,4.2,4.8,5.1,0.0
2026,9,18,23,53,23:53,182.9,4.1,4.8,5.4,0.0
2026,9,18,23,54,23:54,187.5,4.3,4.8,5.3,0.0
2026,9,18,23,56,23:56,185.7,4.4,5.1,5.6,0.0
2026,9,18,23,58,23:58,187.0,4.3,5.0,5.5,0.0
2026,9,18,23,59,23:59,186.3,4.4,4.8,5.3,0.0
