# Helsinki Laru (dlarah.org Lauttasaari) 2026-09-05 Suomen aikaa — lähteen Laru_2026-248.txt sellaisenaan
# vuosi kk pv kirjoitus-h kirjoitus-min hh:mm suunta min ka max lämpötila (asemalla ei mittaria)
2026,9,5,0,1,00:01,199.2,1.3,1.6,1.8,0.0
2026,9,5,0,3,00:03,199.2,0.9,1.1,1.4,0.0
2026,9,5,0,4,00:04,199.2,0.9,1.2,1.4,0.0
2026,9,5,0,7,00:06,199.2,0.7,1.0,1.2,0.0
2026,9,5,0,8,00:08,199.2,0.8,1.1,1.4,0.0
2026,9,5,0,9,00:09,199.2,1.0,1.1,1.3,0.0
2026,9,5,0,11,00:11,199.2,1.0,1.2,1.6,0.0
2026,9,5,0,13,00:13,199.2,1.4,1.6,1.8,0.0
2026,9,5,0,14,00:14,199.2,1.4,1.7,2.0,0.0
2026,9,5,0,17,00:16,199.2,1.3,1.5,1.8,0.0
2026,9,5,0,18,00:18,199.2,1.3,1.5,1.6,0.0
2026,9,5,0,19,00:19,199.2,1.5,1.7,2.0,0.0
2026,9,5,0,21,00:21,199.2,1.2,1.4,1.6,0.0
2026,9,5,0,23,00:23,199.2,1.2,1.7,2.4,0.0
2026,9,5,0,24,00:24,222.5,1.4,1.8,2.5,0.0
2026,9,5,0,27,00:26,225.8,1.5,1.7,1.9,0.0
2026,9,5,0,28,00:28,217.0,1.5,1.8,2.0,0.0
2026,9,5,0,29,00:29,212.7,1.6,1.8,2.1,0.0
2026,9,5,0,31,00:31,212.7,1.4,1.7,1.8,0.0
2026,9,5,0,33,00:33,212.7,1.4,1.6,1.8,0.0
2026,9,5,0,34,00:34,212.6,1.4,1.7,2.1,0.0
2026,9,5,0,36,00:36,212.7,1.3,1.4,1.7,0.0
2026,9,5,0,38,00:38,212.6,1.2,1.3,1.4,0.0
2026,9,5,0,39,00:39,212.7,0.7,1.1,1.4,0.0
2026,9,5,0,41,00:41,212.7,0.8,1.1,1.4,0.0
2026,9,5,0,43,00:43,212.8,0.6,0.8,1.1,0.0
2026,9,5,0,44,00:44,212.7,0.8,0.6,0.7,0.0
2026,9,5,0,46,00:46,212.7,0.0,0.6,0.8,0.0
2026,9,5,0,48,00:48,212.7,0.7,1.0,1.2,0.0
2026,9,5,0,49,00:49,212.7,1.0,1.1,1.3,0.0
2026,9,5,0,52,00:51,212.7,1.0,1.2,1.4,0.0
2026,9,5,0,53,00:53,212.7,0.8,1.2,1.5,0.0
2026,9,5,0,54,00:54,212.7,0.9,1.1,1.4,0.0
2026,9,5,0,56,00:56,212.6,0.5,0.6,0.8,0.0
2026,9,5,0,58,00:58,212.7,0.0,0.3,0.5,0.0
2026,9,5,0,59,00:59,212.6,0.0,0.1,0.3,0.0
2026,9,5,1,2,01:01,212.7,0.0,0.4,0.6,0.0
2026,9,5,1,3,01:03,212.7,0.0,0.2,0.2,0.0
2026,9,5,1,4,01:04,212.7,0.0,0.0,0.0,0.0
2026,9,5,1,6,01:06,212.7,0.0,0.0,0.0,0.0
2026,9,5,1,8,01:08,212.7,0.0,0.0,0.0,0.0
2026,9,5,1,9,01:09,212.7,0.0,0.0,0.0,0.0
2026,9,5,1,11,01:11,212.7,0.0,0.0,0.0,0.0
2026,9,5,1,13,01:13,212.7,0.0,0.0,0.0,0.0
2026,9,5,1,14,01:14,212.7,0.0,0.0,0.0,0.0
2026,9,5,1,17,01:16,212.7,0.0,0.1,0.4,0.0
2026,9,5,1,18,01:18,212.7,0.0,0.0,0.0,0.0
2026,9,5,1,19,01:19,212.7,0.0,0.0,0.0,0.0
2026,9,5,1,22,01:21,212.7,0.0,0.0,0.0,0.0
2026,9,5,1,23,01:23,212.7,0.0,0.0,0.0,0.0
2026,9,5,1,24,01:24,212.7,0.0,0.0,0.0,0.0
2026,9,5,1,26,01:26,212.7,0.0,0.1,0.3,0.0
2026,9,5,1,28,01:28,212.7,0.0,0.0,0.0,0.0
2026,9,5,1,29,01:29,212.7,0.0,0.0,0.0,0.0
2026,9,5,1,32,01:30,212.7,0.0,0.0,0.0,0.0
2026,9,5,1,33,01:33,212.7,0.0,0.0,0.0,0.0
2026,9,5,1,34,01:34,212.7,0.0,0.0,0.0,0.0
2026,9,5,1,36,01:35,212.7,0.0,0.0,0.0,0.0
2026,9,5,1,38,01:38,212.7,0.0,0.0,0.0,0.0
2026,9,5,1,39,01:39,212.7,0.0,0.0,0.0,0.0
2026,9,5,1,42,01:41,212.7,0.0,0.0,0.0,0.0
2026,9,5,1,43,01:43,212.7,0.0,0.0,0.0,0.0
2026,9,5,1,44,01:43,212.7,0.0,0.0,0.0,0.0
2026,9,5,1,47,01:46,212.7,0.0,0.3,0.4,0.0
2026,9,5,1,48,01:48,212.7,0.0,0.2,0.3,0.0
2026,9,5,1,49,01:49,212.7,0.4,0.3,0.4,0.0
2026,9,5,1,51,01:51,212.7,0.0,0.2,0.4,0.0
2026,9,5,1,53,01:53,212.7,0.0,0.0,0.0,0.0
2026,9,5,1,54,01:54,212.7,0.0,0.0,0.0,0.0
2026,9,5,1,57,01:56,212.7,0.0,0.0,0.0,0.0
2026,9,5,1,58,01:56,212.7,0.0,0.0,0.0,0.0
2026,9,5,1,59,01:56,212.7,0.0,0.0,0.0,0.0
2026,9,5,2,1,02:01,212.7,0.0,0.0,0.0,0.0
2026,9,5,2,3,02:01,212.7,0.0,0.0,0.0,0.0
2026,9,5,2,4,02:01,212.7,0.0,0.0,0.0,0.0
2026,9,5,2,6,02:06,212.7,0.0,0.0,0.0,0.0
2026,9,5,2,8,02:07,212.7,0.0,0.0,0.0,0.0
2026,9,5,2,9,02:07,212.7,0.0,0.0,0.0,0.0
2026,9,5,2,12,02:07,212.7,0.0,0.0,0.0,0.0
2026,9,5,2,13,02:13,212.7,0.0,0.0,0.0,0.0
2026,9,5,2,14,02:13,212.7,0.0,0.0,0.0,0.0
2026,9,5,2,17,02:13,212.7,0.0,0.0,0.0,0.0
2026,9,5,2,18,02:13,212.7,0.0,0.0,0.0,0.0
2026,9,5,2,19,02:13,212.7,0.0,0.0,0.0,0.0
2026,9,5,2,21,02:13,212.7,0.0,0.0,0.0,0.0
2026,9,5,2,23,02:22,212.7,0.0,0.0,0.0,0.0
2026,9,5,2,24,02:22,212.7,0.0,0.0,0.0,0.0
2026,9,5,2,26,02:22,212.7,0.0,0.0,0.0,0.0
2026,9,5,2,28,02:28,212.7,0.0,0.0,0.0,0.0
2026,9,5,2,29,02:29,212.7,0.0,0.0,0.0,0.0
2026,9,5,2,31,02:29,212.7,0.0,0.0,0.0,0.0
2026,9,5,2,33,02:29,212.7,0.0,0.0,0.0,0.0
2026,9,5,2,34,02:29,212.7,0.0,0.0,0.0,0.0
2026,9,5,2,37,02:36,212.7,0.0,0.0,0.0,0.0
2026,9,5,2,38,02:36,212.7,0.0,0.0,0.0,0.0
2026,9,5,2,39,02:36,212.7,0.0,0.0,0.0,0.0
2026,9,5,2,41,02:36,212.7,0.0,0.0,0.0,0.0
2026,9,5,2,43,02:36,212.7,0.0,0.0,0.0,0.0
2026,9,5,2,44,02:44,212.7,0.0,0.0,0.0,0.0
2026,9,5,2,46,02:44,212.7,0.0,0.0,0.0,0.0
2026,9,5,2,48,02:44,212.7,0.0,0.0,0.0,0.0
2026,9,5,2,49,02:44,212.7,0.0,0.0,0.0,0.0
2026,9,5,2,51,02:44,212.7,0.0,0.0,0.0,0.0
2026,9,5,2,53,02:53,212.7,0.0,0.0,0.0,0.0
2026,9,5,2,54,02:53,212.7,0.0,0.0,0.0,0.0
2026,9,5,2,56,02:53,212.7,0.0,0.0,0.0,0.0
2026,9,5,2,58,02:53,212.7,0.0,0.0,0.0,0.0
2026,9,5,2,59,02:53,212.7,0.0,0.0,0.0,0.0
2026,9,5,3,1,03:01,212.7,0.0,0.0,0.0,0.0
2026,9,5,3,3,03:01,212.7,0.0,0.0,0.0,0.0
2026,9,5,3,4,03:01,212.7,0.0,0.0,0.0,0.0
2026,9,5,3,6,03:01,212.7,0.0,0.0,0.0,0.0
2026,9,5,3,8,03:01,212.7,0.0,0.0,0.0,0.0
2026,9,5,3,9,03:01,212.7,0.0,0.0,0.0,0.0
2026,9,5,3,11,03:10,212.7,0.0,0.0,0.0,0.0
2026,9,5,3,13,03:10,212.7,0.0,0.0,0.0,0.0
2026,9,5,3,14,03:14,212.7,0.0,0.0,0.0,0.0
2026,9,5,3,16,03:16,212.7,0.0,0.0,0.0,0.0
2026,9,5,3,18,03:16,212.7,0.0,0.0,0.0,0.0
2026,9,5,3,19,03:16,212.7,0.0,0.0,0.0,0.0
2026,9,5,3,21,03:16,212.7,0.0,0.0,0.0,0.0
2026,9,5,3,23,03:23,212.7,0.0,0.0,0.0,0.0
2026,9,5,3,24,03:24,212.7,0.0,0.0,0.0,0.0
2026,9,5,3,26,03:24,212.7,0.0,0.0,0.0,0.0
2026,9,5,3,28,03:24,212.7,0.0,0.0,0.0,0.0
2026,9,5,3,29,03:29,212.7,0.5,1.0,1.1,0.0
2026,9,5,3,31,03:30,212.7,0.8,1.0,1.2,0.0
2026,9,5,3,33,03:33,221.2,0.8,1.1,1.3,0.0
2026,9,5,3,34,03:34,353.3,0.9,1.1,1.3,0.0
2026,9,5,3,36,03:36,353.3,0.8,1.0,1.2,0.0
2026,9,5,3,38,03:38,353.3,0.0,0.3,0.7,0.0
2026,9,5,3,39,03:39,353.2,0.0,0.0,0.0,0.0
2026,9,5,3,41,03:41,353.2,0.0,0.0,0.0,0.0
2026,9,5,3,43,03:43,353.2,0.0,0.0,0.0,0.0
2026,9,5,3,44,03:44,353.2,0.0,0.0,0.0,0.0
2026,9,5,3,46,03:46,353.2,0.0,0.1,0.3,0.0
2026,9,5,3,48,03:48,353.2,0.0,0.0,0.0,0.0
2026,9,5,3,49,03:49,353.2,0.0,0.0,0.0,0.0
2026,9,5,3,52,03:51,353.2,0.0,0.0,0.0,0.0
2026,9,5,3,53,03:53,353.2,0.0,0.2,0.6,0.0
2026,9,5,3,54,03:54,353.2,0.0,0.3,0.6,0.0
2026,9,5,3,57,03:56,353.2,0.0,0.0,0.0,0.0
2026,9,5,3,58,03:58,353.2,0.0,0.0,0.0,0.0
2026,9,5,3,59,03:59,353.3,0.0,0.0,0.0,0.0
2026,9,5,4,1,04:01,353.2,0.0,0.0,0.0,0.0
2026,9,5,4,3,04:03,353.2,0.0,0.0,0.0,0.0
2026,9,5,4,4,04:04,353.2,0.0,0.0,0.0,0.0
2026,9,5,4,6,04:06,353.2,0.0,0.0,0.0,0.0
2026,9,5,4,8,04:08,353.2,0.0,0.2,0.4,0.0
2026,9,5,4,9,04:09,353.2,0.0,0.1,0.2,0.0
2026,9,5,4,11,04:11,353.2,0.0,0.0,0.0,0.0
2026,9,5,4,13,04:13,353.2,0.0,0.1,0.2,0.0
2026,9,5,4,14,04:14,353.2,0.0,0.1,0.3,0.0
2026,9,5,4,16,04:16,353.3,0.0,0.3,0.6,0.0
2026,9,5,4,18,04:18,353.3,0.0,0.3,0.4,0.0
2026,9,5,4,19,04:19,353.2,0.0,0.0,0.0,0.0
2026,9,5,4,22,04:21,353.2,0.0,0.0,0.0,0.0
2026,9,5,4,23,04:23,353.2,0.0,0.0,0.0,0.0
2026,9,5,4,24,04:23,353.2,0.0,0.0,0.0,0.0
2026,9,5,4,26,04:26,353.2,0.0,0.0,0.0,0.0
2026,9,5,4,28,04:27,353.2,0.0,0.0,0.0,0.0
2026,9,5,4,29,04:29,353.2,0.0,0.0,0.0,0.0
2026,9,5,4,32,04:31,353.2,0.0,0.0,0.0,0.0
2026,9,5,4,33,04:33,353.2,0.0,0.0,0.0,0.0
2026,9,5,4,34,04:34,353.2,0.0,0.0,0.0,0.0
2026,9,5,4,37,04:36,353.2,0.0,0.0,0.0,0.0
2026,9,5,4,38,04:38,353.2,0.0,0.0,0.0,0.0
2026,9,5,4,39,04:39,353.2,0.0,0.0,0.0,0.0
2026,9,5,4,42,04:41,353.2,0.0,0.0,0.0,0.0
2026,9,5,4,43,04:43,353.2,0.0,0.4,0.9,0.0
2026,9,5,4,44,04:44,353.2,0.7,0.8,0.9,0.0
2026,9,5,4,47,04:46,353.3,0.4,0.5,0.6,0.0
2026,9,5,4,48,04:48,353.2,0.0,0.1,0.3,0.0
2026,9,5,4,49,04:49,353.3,0.0,0.1,0.2,0.0
2026,9,5,4,52,04:51,353.2,0.0,0.0,0.0,0.0
2026,9,5,4,53,04:53,353.2,0.0,0.0,0.0,0.0
2026,9,5,4,54,04:54,353.2,0.0,0.0,0.0,0.0
2026,9,5,4,56,04:56,353.3,0.0,0.0,0.0,0.0
2026,9,5,4,58,04:58,353.2,0.0,0.0,0.0,0.0
2026,9,5,4,59,04:59,353.2,0.0,0.0,0.0,0.0
2026,9,5,5,2,05:01,353.2,0.0,0.0,0.0,0.0
2026,9,5,5,3,05:03,353.2,0.0,0.0,0.0,0.0
2026,9,5,5,4,05:04,353.3,0.0,0.0,0.0,0.0
2026,9,5,5,7,05:06,353.2,0.0,0.0,0.0,0.0
2026,9,5,5,8,05:07,353.2,0.0,0.0,0.0,0.0
2026,9,5,5,9,05:09,353.2,0.0,0.0,0.0,0.0
2026,9,5,5,12,05:10,353.2,0.0,0.0,0.0,0.0
2026,9,5,5,13,05:13,353.2,0.0,0.0,0.0,0.0
2026,9,5,5,14,05:14,353.2,0.0,0.0,0.0,0.0
2026,9,5,5,17,05:16,353.2,0.0,0.0,0.0,0.0
2026,9,5,5,18,05:18,353.2,0.0,0.0,0.0,0.0
2026,9,5,5,19,05:19,353.2,0.0,0.0,0.0,0.0
2026,9,5,5,22,05:21,353.2,0.0,0.0,0.0,0.0
2026,9,5,5,23,05:23,353.2,0.0,0.0,0.0,0.0
2026,9,5,5,24,05:24,353.2,0.0,0.0,0.0,0.0
2026,9,5,5,26,05:26,353.2,0.0,0.0,0.0,0.0
2026,9,5,5,28,05:28,353.2,0.0,0.3,0.8,0.0
2026,9,5,5,29,05:29,353.2,0.0,0.0,0.0,0.0
2026,9,5,5,32,05:31,352.9,0.5,0.6,0.8,0.0
2026,9,5,5,33,05:33,353.3,0.0,0.5,0.7,0.0
2026,9,5,5,34,05:34,353.2,0.5,0.6,0.7,0.0
2026,9,5,5,37,05:36,353.2,0.0,0.2,0.4,0.0
2026,9,5,5,38,05:38,353.2,0.0,0.0,0.0,0.0
2026,9,5,5,39,05:39,353.2,0.0,0.2,0.3,0.0
2026,9,5,5,42,05:41,353.2,0.0,0.1,0.2,0.0
2026,9,5,5,43,05:43,353.2,0.0,0.2,0.5,0.0
2026,9,5,5,44,05:44,353.2,0.0,0.0,0.0,0.0
2026,9,5,5,46,05:46,353.2,0.4,0.8,1.2,0.0
2026,9,5,5,48,05:48,353.2,0.7,0.8,0.8,0.0
2026,9,5,5,49,05:49,353.2,0.9,1.0,1.2,0.0
2026,9,5,5,51,05:51,353.2,0.6,0.8,0.9,0.0
2026,9,5,5,53,05:53,353.2,0.0,0.2,0.5,0.0
2026,9,5,5,54,05:54,353.2,0.0,0.0,0.0,0.0
2026,9,5,5,56,05:56,353.2,0.0,0.1,0.3,0.0
2026,9,5,5,58,05:58,353.2,0.0,0.1,0.2,0.0
2026,9,5,5,59,05:59,353.2,0.0,0.1,0.4,0.0
2026,9,5,6,1,06:01,353.2,0.0,0.3,0.9,0.0
2026,9,5,6,3,06:03,353.2,0.0,0.1,0.3,0.0
2026,9,5,6,4,06:04,353.2,0.0,0.3,0.4,0.0
2026,9,5,6,6,06:06,353.2,0.0,0.4,0.6,0.0
2026,9,5,6,8,06:08,353.2,0.0,0.4,0.6,0.0
2026,9,5,6,9,06:09,353.2,0.0,0.3,0.5,0.0
2026,9,5,6,11,06:11,353.2,0.0,0.3,0.6,0.0
2026,9,5,6,13,06:13,353.2,0.0,0.7,1.7,0.0
2026,9,5,6,14,06:14,353.1,0.4,0.6,1.0,0.0
2026,9,5,6,16,06:16,353.2,0.0,0.4,0.7,0.0
2026,9,5,6,18,06:18,353.2,0.0,0.0,0.0,0.0
2026,9,5,6,19,06:19,353.2,0.0,0.5,0.6,0.0
2026,9,5,6,21,06:21,353.2,0.0,0.5,0.9,0.0
2026,9,5,6,23,06:23,353.2,0.0,0.3,0.5,0.0
2026,9,5,6,24,06:24,353.2,0.0,0.5,0.8,0.0
2026,9,5,6,27,06:26,353.2,0.0,0.0,0.0,0.0
2026,9,5,6,28,06:28,353.2,0.0,0.4,0.5,0.0
2026,9,5,6,29,06:29,353.2,0.0,0.3,0.3,0.0
2026,9,5,6,32,06:31,353.2,0.0,0.1,0.2,0.0
2026,9,5,6,33,06:33,353.2,0.0,0.2,0.5,0.0
2026,9,5,6,34,06:34,353.2,0.0,0.0,0.0,0.0
2026,9,5,6,36,06:36,353.2,0.0,0.1,0.4,0.0
2026,9,5,6,38,06:38,353.2,0.0,0.2,0.4,0.0
2026,9,5,6,39,06:39,353.2,0.0,0.1,0.1,0.0
2026,9,5,6,41,06:41,353.2,0.0,0.0,0.0,0.0
2026,9,5,6,43,06:43,353.2,0.0,0.6,1.2,0.0
2026,9,5,6,44,06:44,353.2,0.0,0.2,0.6,0.0
2026,9,5,6,47,06:46,353.2,0.0,0.6,0.9,0.0
2026,9,5,6,48,06:48,353.2,0.0,0.3,0.7,0.0
2026,9,5,6,51,06:51,353.2,0.0,0.2,0.4,0.0
2026,9,5,6,53,06:53,353.2,0.0,0.2,0.6,0.0
2026,9,5,6,54,06:54,353.2,0.0,0.0,0.0,0.0
2026,9,5,6,56,06:56,353.2,0.0,0.3,0.7,0.0
2026,9,5,6,58,06:58,353.2,0.6,0.8,1.0,0.0
2026,9,5,7,1,07:01,353.2,0.7,0.8,1.0,0.0
2026,9,5,7,3,07:03,353.1,0.7,0.9,1.2,0.0
2026,9,5,7,4,07:04,353.1,0.8,0.9,1.1,0.0
2026,9,5,7,6,07:06,353.1,0.9,1.1,1.1,0.0
2026,9,5,7,8,07:08,353.1,0.0,0.5,1.1,0.0
2026,9,5,7,9,07:09,353.2,0.2,0.7,1.3,0.0
2026,9,5,7,11,07:11,353.1,0.3,0.6,1.2,0.0
2026,9,5,7,13,07:13,343.9,1.0,1.4,1.9,0.0
2026,9,5,7,14,07:14,343.5,1.2,1.4,1.7,0.0
2026,9,5,7,16,07:16,348.0,0.6,0.9,1.5,0.0
2026,9,5,7,18,07:18,346.2,1.1,1.4,1.8,0.0
2026,9,5,7,19,07:19,343.5,1.2,1.6,2.0,0.0
2026,9,5,7,22,07:21,343.1,0.7,1.1,1.5,0.0
2026,9,5,7,23,07:23,336.9,1.0,1.1,1.4,0.0
2026,9,5,7,24,07:24,341.1,1.0,1.2,1.6,0.0
2026,9,5,7,26,07:26,349.0,0.0,0.5,0.9,0.0
2026,9,5,7,28,07:28,350.3,0.0,1.0,1.4,0.0
2026,9,5,7,29,07:29,348.3,0.4,0.8,1.3,0.0
2026,9,5,7,31,07:31,348.3,0.0,0.3,0.4,0.0
2026,9,5,7,33,07:33,348.3,0.0,0.3,0.7,0.0
2026,9,5,7,34,07:34,348.3,0.0,0.4,0.7,0.0
2026,9,5,7,37,07:36,348.3,0.0,0.4,0.6,0.0
2026,9,5,7,38,07:38,348.3,0.0,0.3,0.7,0.0
2026,9,5,7,39,07:39,351.0,0.0,0.7,1.0,0.0
2026,9,5,7,41,07:41,4.4,0.0,0.5,0.7,0.0
2026,9,5,7,43,07:43,4.4,0.0,0.6,0.7,0.0
2026,9,5,7,44,07:44,4.4,0.0,0.6,0.9,0.0
2026,9,5,7,47,07:46,4.4,0.0,0.3,0.4,0.0
2026,9,5,7,48,07:48,4.4,0.0,0.2,0.3,0.0
2026,9,5,7,49,07:49,4.4,0.0,0.4,0.7,0.0
2026,9,5,7,52,07:51,4.4,0.0,0.3,0.5,0.0
2026,9,5,7,53,07:53,4.4,0.0,0.4,0.7,0.0
2026,9,5,7,54,07:54,4.4,0.0,0.3,0.4,0.0
2026,9,5,7,56,07:56,4.4,0.0,0.4,0.8,0.0
2026,9,5,7,58,07:58,2.4,0.0,0.7,1.5,0.0
2026,9,5,7,59,07:59,349.2,0.9,1.5,2.2,0.0
2026,9,5,8,1,08:01,340.7,0.5,1.0,1.6,0.0
2026,9,5,8,3,08:03,348.7,0.5,0.8,1.3,0.0
2026,9,5,8,4,08:04,349.8,0.7,0.8,1.8,0.0
2026,9,5,8,6,08:06,352.1,0.0,0.4,0.8,0.0
2026,9,5,8,8,08:08,352.1,0.0,0.6,0.9,0.0
2026,9,5,8,9,08:09,352.1,0.0,0.4,0.7,0.0
2026,9,5,8,11,08:11,352.1,0.0,0.4,0.5,0.0
2026,9,5,8,13,08:13,352.1,0.0,0.3,0.6,0.0
2026,9,5,8,14,08:14,352.1,0.0,0.2,0.4,0.0
2026,9,5,8,16,08:16,352.1,0.0,0.3,0.5,0.0
2026,9,5,8,18,08:18,352.1,0.0,0.7,1.3,0.0
2026,9,5,8,19,08:19,352.1,0.7,1.2,1.8,0.0
2026,9,5,8,22,08:21,352.1,0.0,0.4,0.8,0.0
2026,9,5,8,23,08:23,352.1,0.0,0.3,0.4,0.0
2026,9,5,8,24,08:24,350.6,0.0,1.5,2.2,0.0
2026,9,5,8,26,08:26,349.5,0.7,1.3,2.0,0.0
2026,9,5,8,28,08:28,352.3,0.4,1.2,2.3,0.0
2026,9,5,8,29,08:29,352.3,0.5,0.9,1.5,0.0
2026,9,5,8,32,08:31,352.2,1.0,1.5,1.8,0.0
2026,9,5,8,33,08:33,352.3,1.0,0.7,1.3,0.0
2026,9,5,8,34,08:34,352.3,0.7,0.9,1.2,0.0
2026,9,5,8,36,08:36,352.3,0.0,0.7,1.1,0.0
2026,9,5,8,38,08:38,351.1,0.7,1.4,2.1,0.0
2026,9,5,8,39,08:39,353.0,1.3,2.0,2.6,0.0
2026,9,5,8,41,08:41,352.9,0.6,1.3,2.2,0.0
2026,9,5,8,43,08:43,348.0,1.2,1.5,1.7,0.0
2026,9,5,8,44,08:44,336.8,1.6,1.9,2.3,0.0
2026,9,5,8,46,08:46,344.3,1.2,1.4,1.7,0.0
2026,9,5,8,48,08:48,348.8,0.8,1.2,1.5,0.0
2026,9,5,8,49,08:49,348.8,1.2,1.5,1.8,0.0
2026,9,5,8,52,08:51,348.7,0.7,1.3,1.9,0.0
2026,9,5,8,53,08:53,348.8,0.0,0.2,0.4,0.0
2026,9,5,8,54,08:54,348.7,0.0,0.7,1.6,0.0
2026,9,5,8,57,08:56,348.8,0.5,0.5,0.7,0.0
2026,9,5,8,58,08:58,348.8,0.0,0.5,0.7,0.0
2026,9,5,8,59,08:59,348.7,0.0,0.5,0.7,0.0
2026,9,5,9,1,09:01,348.8,0.0,0.3,0.6,0.0
2026,9,5,9,3,09:03,348.8,0.0,0.4,0.5,0.0
2026,9,5,9,4,09:04,348.8,0.0,0.5,0.9,0.0
2026,9,5,9,6,09:06,348.8,0.0,0.2,0.3,0.0
2026,9,5,9,8,09:08,348.8,0.0,0.4,0.8,0.0
2026,9,5,9,9,09:09,348.8,0.0,0.4,0.6,0.0
2026,9,5,9,12,09:11,348.8,0.0,0.7,1.1,0.0
2026,9,5,9,13,09:13,348.8,0.0,0.3,0.6,0.0
2026,9,5,9,14,09:14,348.8,0.3,0.4,0.8,0.0
2026,9,5,9,17,09:16,348.8,0.3,0.9,1.5,0.0
2026,9,5,9,18,09:18,348.8,0.5,1.0,1.5,0.0
2026,9,5,9,19,09:19,348.8,0.0,0.6,1.2,0.0
2026,9,5,9,21,09:21,348.8,0.0,0.9,1.3,0.0
2026,9,5,9,23,09:23,348.7,0.4,0.7,1.3,0.0
2026,9,5,9,24,09:24,348.8,0.5,1.0,1.5,0.0
2026,9,5,9,27,09:26,348.7,0.0,0.6,0.9,0.0
2026,9,5,9,28,09:28,348.8,0.7,1.2,1.5,0.0
2026,9,5,9,29,09:29,348.8,0.6,0.9,1.3,0.0
2026,9,5,9,31,09:31,348.8,0.4,0.5,0.7,0.0
2026,9,5,9,33,09:33,348.8,0.0,0.5,0.7,0.0
2026,9,5,9,34,09:34,348.8,0.0,0.3,0.5,0.0
2026,9,5,9,37,09:36,348.8,0.0,0.3,0.8,0.0
2026,9,5,9,38,09:38,348.8,0.0,0.4,0.5,0.0
2026,9,5,9,39,09:39,348.8,0.0,0.5,0.7,0.0
2026,9,5,9,41,09:41,348.8,0.0,0.4,0.4,0.0
2026,9,5,9,43,09:43,348.8,0.0,0.0,0.0,0.0
2026,9,5,9,44,09:44,348.8,0.0,0.0,0.0,0.0
2026,9,5,9,46,09:46,348.8,0.0,0.0,0.0,0.0
2026,9,5,9,48,09:48,348.8,0.0,0.0,0.0,0.0
2026,9,5,9,49,09:49,348.8,0.0,0.2,0.4,0.0
2026,9,5,9,52,09:51,348.8,0.4,0.5,0.6,0.0
2026,9,5,9,53,09:53,348.8,0.5,0.6,0.7,0.0
2026,9,5,9,54,09:54,348.8,0.0,0.4,0.5,0.0
2026,9,5,9,57,09:56,348.8,0.5,0.6,0.7,0.0
2026,9,5,9,58,09:58,348.8,0.5,0.6,0.6,0.0
2026,9,5,9,59,09:59,348.8,0.6,0.7,0.8,0.0
2026,9,5,10,1,10:01,348.8,0.0,0.4,0.6,0.0
2026,9,5,10,3,10:03,348.8,0.0,0.7,0.9,0.0
2026,9,5,10,4,10:04,348.8,0.7,0.9,1.0,0.0
2026,9,5,10,7,10:06,255.9,0.7,0.8,1.0,0.0
2026,9,5,10,8,10:08,255.9,0.7,0.9,1.3,0.0
2026,9,5,10,9,10:09,255.9,0.5,0.7,0.8,0.0
2026,9,5,10,11,10:11,255.9,0.6,0.8,1.0,0.0
2026,9,5,10,13,10:13,286.7,0.0,0.5,1.1,0.0
2026,9,5,10,14,10:14,288.3,0.8,0.9,1.0,0.0
2026,9,5,10,17,10:16,125.9,0.6,0.9,1.3,0.0
2026,9,5,10,18,10:18,237.7,1.1,1.3,1.5,0.0
2026,9,5,10,21,10:21,205.6,1.3,1.5,1.7,0.0
2026,9,5,10,23,10:23,205.7,1.3,1.5,1.7,0.0
2026,9,5,10,24,10:24,205.7,1.3,1.5,1.8,0.0
2026,9,5,10,26,10:26,205.7,1.5,1.6,1.8,0.0
2026,9,5,10,28,10:28,205.4,1.5,1.7,1.8,0.0
2026,9,5,10,29,10:29,208.8,1.4,1.6,1.8,0.0
2026,9,5,10,31,10:31,207.4,1.4,1.8,2.0,0.0
2026,9,5,10,33,10:33,207.8,1.3,1.4,1.6,0.0
2026,9,5,10,34,10:34,209.3,1.2,1.3,1.5,0.0
2026,9,5,10,37,10:36,210.4,1.1,1.3,1.4,0.0
2026,9,5,10,38,10:38,210.4,1.5,1.7,1.9,0.0
2026,9,5,10,39,10:39,210.4,1.5,1.6,1.8,0.0
2026,9,5,10,41,10:41,210.4,1.6,1.8,2.2,0.0
2026,9,5,10,43,10:43,210.4,1.4,1.7,2.2,0.0
2026,9,5,10,44,10:44,210.4,1.3,1.7,2.0,0.0
2026,9,5,10,46,10:46,218.2,1.5,1.7,2.0,0.0
2026,9,5,10,48,10:48,212.8,1.6,2.1,2.6,0.0
2026,9,5,10,49,10:49,215.8,1.2,1.7,2.4,0.0
2026,9,5,10,52,10:51,215.8,1.0,1.4,1.7,0.0
2026,9,5,10,53,10:53,215.8,1.3,1.5,1.8,0.0
2026,9,5,10,54,10:54,215.8,0.9,1.2,1.6,0.0
2026,9,5,10,57,10:56,215.8,1.0,1.3,1.7,0.0
2026,9,5,10,58,10:58,215.8,1.3,1.5,1.7,0.0
2026,9,5,10,59,10:59,215.8,1.2,1.5,1.8,0.0
2026,9,5,11,1,11:01,215.8,0.7,1.5,1.9,0.0
2026,9,5,11,3,11:03,215.8,0.9,1.4,1.6,0.0
2026,9,5,11,4,11:04,215.8,0.7,1.2,1.6,0.0
2026,9,5,11,6,11:06,215.2,1.1,1.2,1.5,0.0
2026,9,5,11,8,11:08,215.8,1.1,1.2,1.3,0.0
2026,9,5,11,9,11:09,215.8,1.1,1.3,1.6,0.0
2026,9,5,11,11,11:11,215.8,1.1,1.3,1.6,0.0
2026,9,5,11,13,11:13,215.8,0.9,1.1,1.3,0.0
2026,9,5,11,14,11:14,215.8,0.8,0.9,1.1,0.0
2026,9,5,11,17,11:16,215.8,0.6,0.8,1.0,0.0
2026,9,5,11,18,11:18,215.8,0.8,1.1,1.4,0.0
2026,9,5,11,19,11:19,212.2,1.1,1.4,1.9,0.0
2026,9,5,11,21,11:21,209.9,1.4,1.7,1.8,0.0
2026,9,5,11,23,11:23,234.5,1.1,1.4,1.7,0.0
2026,9,5,11,24,11:24,234.5,1.2,1.5,1.7,0.0
2026,9,5,11,27,11:26,217.2,1.1,1.4,1.8,0.0
2026,9,5,11,28,11:28,217.2,1.2,1.5,2.0,0.0
2026,9,5,11,29,11:29,217.2,1.2,1.4,1.8,0.0
2026,9,5,11,32,11:31,217.2,1.0,1.2,1.5,0.0
2026,9,5,11,33,11:33,217.1,1.0,1.2,1.5,0.0
2026,9,5,11,34,11:34,217.1,1.1,1.3,1.6,0.0
2026,9,5,11,36,11:36,217.2,1.4,1.7,1.9,0.0
2026,9,5,11,38,11:38,217.1,1.5,1.7,1.8,0.0
2026,9,5,11,39,11:39,217.2,1.2,1.4,1.7,0.0
2026,9,5,11,41,11:41,221.3,1.8,2.2,2.8,0.0
2026,9,5,11,43,11:43,223.4,1.7,1.9,2.0,0.0
2026,9,5,11,44,11:44,223.4,1.6,1.8,2.0,0.0
2026,9,5,11,46,11:46,212.9,1.5,1.7,1.9,0.0
2026,9,5,11,48,11:48,212.9,1.8,2.0,2.2,0.0
2026,9,5,11,49,11:49,212.9,1.5,1.9,2.1,0.0
2026,9,5,11,51,11:51,213.0,1.3,1.5,1.7,0.0
2026,9,5,11,53,11:53,240.2,1.2,1.8,2.5,0.0
2026,9,5,11,54,11:54,236.9,1.3,1.6,2.0,0.0
2026,9,5,11,57,11:56,236.9,1.6,1.8,2.0,0.0
2026,9,5,11,58,11:58,229.4,1.5,1.9,2.4,0.0
2026,9,5,11,59,11:59,233.8,1.8,2.1,2.5,0.0
2026,9,5,12,2,12:01,215.0,1.4,1.8,2.1,0.0
2026,9,5,12,3,12:03,227.8,1.4,1.6,2.0,0.0
2026,9,5,12,4,12:04,227.7,1.2,1.8,2.1,0.0
2026,9,5,12,6,12:06,227.7,1.1,1.7,2.2,0.0
2026,9,5,12,8,12:08,225.3,1.2,1.5,1.8,0.0
2026,9,5,12,9,12:09,214.4,1.6,1.9,2.3,0.0
2026,9,5,12,12,12:11,322.8,0.8,1.2,1.6,0.0
2026,9,5,12,13,12:13,312.7,1.0,1.3,1.6,0.0
2026,9,5,12,14,12:14,321.9,0.5,0.9,1.3,0.0
2026,9,5,12,16,12:16,247.8,0.8,1.1,1.7,0.0
2026,9,5,12,18,12:18,250.3,0.8,1.1,1.2,0.0
2026,9,5,12,19,12:19,249.9,0.8,0.9,1.2,0.0
2026,9,5,12,21,12:21,229.7,1.4,1.7,2.1,0.0
2026,9,5,12,23,12:23,229.7,0.8,1.1,1.4,0.0
2026,9,5,12,24,12:24,229.7,0.6,0.8,0.9,0.0
2026,9,5,12,26,12:26,206.6,1.2,1.9,3.0,0.0
2026,9,5,12,28,12:28,225.4,1.6,1.9,2.3,0.0
2026,9,5,12,29,12:29,219.9,1.5,2.2,2.9,0.0
2026,9,5,12,31,12:31,206.7,2.3,2.5,2.7,0.0
2026,9,5,12,33,12:33,203.7,2.1,2.3,2.5,0.0
2026,9,5,12,34,12:34,205.8,2.0,2.2,2.7,0.0
2026,9,5,12,37,12:36,196.1,2.5,2.7,3.0,0.0
2026,9,5,12,38,12:38,211.4,1.5,2.0,2.4,0.0
2026,9,5,12,39,12:39,200.1,2.2,2.5,2.8,0.0
2026,9,5,12,42,12:41,191.1,2.5,2.7,3.1,0.0
2026,9,5,12,43,12:43,193.2,2.6,2.9,3.2,0.0
2026,9,5,12,44,12:44,195.5,2.3,2.7,3.0,0.0
2026,9,5,12,47,12:46,193.4,3.0,3.4,3.8,0.0
2026,9,5,12,48,12:48,193.2,3.1,3.5,4.2,0.0
2026,9,5,12,49,12:49,199.4,3.0,3.3,3.6,0.0
2026,9,5,12,51,12:51,200.3,2.7,3.1,3.5,0.0
2026,9,5,12,53,12:53,195.7,2.8,3.3,3.6,0.0
2026,9,5,12,54,12:54,196.0,2.9,3.3,3.7,0.0
2026,9,5,12,56,12:56,197.0,3.2,3.5,3.8,0.0
2026,9,5,12,58,12:58,191.6,3.6,3.9,4.2,0.0
2026,9,5,12,59,12:59,196.2,3.4,3.8,4.2,0.0
2026,9,5,13,2,13:01,196.5,3.1,3.4,3.8,0.0
2026,9,5,13,3,13:03,196.6,2.8,3.2,3.5,0.0
2026,9,5,13,4,13:04,192.4,2.7,3.1,3.3,0.0
2026,9,5,13,7,13:06,193.1,2.7,3.0,3.2,0.0
2026,9,5,13,8,13:08,201.2,2.5,2.7,2.9,0.0
2026,9,5,13,9,13:09,200.7,2.4,2.6,2.7,0.0
2026,9,5,13,12,13:11,191.5,2.1,2.3,2.6,0.0
2026,9,5,13,13,13:13,181.4,2.4,2.6,2.8,0.0
2026,9,5,13,14,13:14,182.4,2.5,2.7,2.9,0.0
2026,9,5,13,16,13:16,179.9,2.5,2.9,3.5,0.0
2026,9,5,13,18,13:18,190.6,3.2,3.5,3.9,0.0
2026,9,5,13,19,13:19,192.3,3.3,3.5,3.7,0.0
2026,9,5,13,21,13:21,186.1,3.2,3.6,3.8,0.0
2026,9,5,13,23,13:23,186.5,3.2,3.4,3.8,0.0
2026,9,5,13,24,13:24,192.5,2.6,3.0,3.3,0.0
2026,9,5,13,26,13:26,188.5,2.7,3.0,3.5,0.0
2026,9,5,13,28,13:28,189.3,2.9,3.3,3.7,0.0
2026,9,5,13,29,13:29,185.5,3.3,3.6,4.2,0.0
2026,9,5,13,32,13:31,186.0,3.3,3.5,3.8,0.0
2026,9,5,13,33,13:33,183.6,3.2,3.5,3.9,0.0
2026,9,5,13,34,13:34,180.7,3.0,3.4,3.9,0.0
2026,9,5,13,37,13:36,181.7,3.3,3.6,4.1,0.0
2026,9,5,13,38,13:38,180.5,3.5,3.9,4.3,0.0
2026,9,5,13,39,13:39,181.5,3.3,3.9,4.5,0.0
2026,9,5,13,41,13:41,184.5,3.4,4.1,4.8,0.0
2026,9,5,13,43,13:43,180.1,3.9,4.3,4.8,0.0
2026,9,5,13,44,13:44,177.6,4.0,4.5,4.9,0.0
2026,9,5,13,46,13:46,188.2,3.9,4.2,4.5,0.0
2026,9,5,13,48,13:48,180.8,3.6,4.2,4.7,0.0
2026,9,5,13,49,13:49,173.8,3.4,3.9,4.3,0.0
2026,9,5,13,51,13:51,179.7,3.3,3.7,4.4,0.0
2026,9,5,13,53,13:53,175.1,3.4,3.9,4.4,0.0
2026,9,5,13,54,13:54,176.6,3.1,3.9,4.4,0.0
2026,9,5,13,57,13:56,175.6,3.5,4.0,4.5,0.0
2026,9,5,13,58,13:58,181.4,3.3,3.6,3.9,0.0
2026,9,5,13,59,13:59,192.5,3.0,3.4,3.9,0.0
2026,9,5,14,1,14:01,178.9,3.7,4.0,4.3,0.0
2026,9,5,14,3,14:03,179.1,3.3,3.8,4.5,0.0
2026,9,5,14,4,14:04,187.3,3.2,4.0,4.4,0.0
2026,9,5,14,7,14:06,185.6,4.2,4.7,5.4,0.0
2026,9,5,14,8,14:08,185.3,3.8,4.4,4.8,0.0
2026,9,5,14,9,14:09,180.8,4.1,4.4,4.8,0.0
2026,9,5,14,11,14:11,175.0,3.9,4.2,4.6,0.0
2026,9,5,14,13,14:13,182.8,3.6,4.3,4.7,0.0
2026,9,5,14,14,14:14,181.4,3.8,4.2,4.7,0.0
2026,9,5,14,17,14:16,182.5,3.8,4.3,4.9,0.0
2026,9,5,14,18,14:18,183.8,3.9,4.2,4.9,0.0
2026,9,5,14,19,14:19,184.6,4.3,4.7,5.1,0.0
2026,9,5,14,21,14:21,181.7,4.2,4.5,4.9,0.0
2026,9,5,14,23,14:23,186.6,3.8,4.3,4.9,0.0
2026,9,5,14,24,14:24,194.7,3.8,4.2,4.6,0.0
2026,9,5,14,27,14:26,193.4,3.0,3.4,3.9,0.0
2026,9,5,14,28,14:28,186.5,2.4,3.1,3.8,0.0
2026,9,5,14,29,14:29,193.2,1.9,2.2,2.5,0.0
2026,9,5,14,31,14:31,199.2,1.0,1.3,1.8,0.0
2026,9,5,14,33,14:33,199.2,0.0,0.4,0.9,0.0
2026,9,5,14,34,14:34,67.2,0.0,0.7,1.1,0.0
2026,9,5,14,36,14:36,38.9,0.0,1.2,2.3,0.0
2026,9,5,14,38,14:38,48.0,0.8,1.6,2.3,0.0
2026,9,5,14,39,14:39,51.4,1.5,2.5,3.7,0.0
2026,9,5,14,42,14:41,46.3,0.8,1.2,1.6,0.0
2026,9,5,14,43,14:43,40.2,0.9,0.7,1.2,0.0
2026,9,5,14,44,14:44,38.5,0.0,0.5,1.2,0.0
2026,9,5,14,46,14:46,38.5,0.4,0.7,1.0,0.0
2026,9,5,14,48,14:48,38.4,0.0,0.0,0.0,0.0
2026,9,5,14,49,14:49,38.4,0.0,0.1,0.2,0.0
2026,9,5,14,51,14:51,38.4,0.0,0.0,0.0,0.0
2026,9,5,14,53,14:53,38.4,0.0,0.1,0.2,0.0
2026,9,5,14,54,14:54,38.4,0.0,0.3,0.5,0.0
2026,9,5,14,56,14:56,38.5,0.0,0.0,0.0,0.0
2026,9,5,14,58,14:58,38.4,0.0,0.0,0.0,0.0
2026,9,5,14,59,14:59,33.8,0.0,0.0,0.0,0.0
2026,9,5,15,2,15:01,33.4,0.0,0.1,0.4,0.0
2026,9,5,15,3,15:03,41.2,0.0,0.0,0.0,0.0
2026,9,5,15,4,15:04,41.2,0.0,0.0,0.0,0.0
2026,9,5,15,6,15:06,41.2,0.0,0.0,0.0,0.0
2026,9,5,15,8,15:08,41.2,0.0,0.0,0.0,0.0
2026,9,5,15,9,15:09,41.2,0.0,0.0,0.0,0.0
2026,9,5,15,12,15:11,41.2,0.0,0.1,0.4,0.0
2026,9,5,15,13,15:13,41.3,0.0,0.0,0.0,0.0
2026,9,5,15,14,15:14,41.2,0.0,0.0,0.0,0.0
2026,9,5,15,16,15:16,41.2,0.0,0.0,0.0,0.0
2026,9,5,15,18,15:18,41.2,0.0,0.0,0.0,0.0
2026,9,5,15,19,15:19,41.2,0.0,0.0,0.0,0.0
2026,9,5,15,21,15:21,41.3,0.0,0.0,0.0,0.0
2026,9,5,15,23,15:23,146.1,0.0,0.7,1.2,0.0
2026,9,5,15,24,15:24,146.1,0.0,0.5,1.1,0.0
2026,9,5,15,26,15:26,156.1,0.0,1.0,1.8,0.0
2026,9,5,15,28,15:28,150.6,1.1,1.5,2.2,0.0
2026,9,5,15,29,15:29,143.1,0.9,2.1,3.0,0.0
2026,9,5,15,31,15:31,152.7,1.0,2.2,3.1,0.0
2026,9,5,15,33,15:33,152.1,1.2,2.2,3.3,0.0
2026,9,5,15,34,15:34,150.5,1.3,2.1,2.9,0.0
2026,9,5,15,36,15:36,145.0,0.8,1.3,2.0,0.0
2026,9,5,15,38,15:38,153.2,0.7,1.0,2.2,0.0
2026,9,5,15,39,15:39,158.4,0.7,0.7,1.1,0.0
2026,9,5,15,41,15:41,132.8,0.0,0.6,2.5,0.0
2026,9,5,15,43,15:43,156.8,0.7,2.4,3.5,0.0
2026,9,5,15,44,15:44,151.7,1.2,2.1,3.0,0.0
2026,9,5,15,46,15:46,143.5,0.6,1.2,2.9,0.0
2026,9,5,15,48,15:48,158.1,0.0,0.8,2.3,0.0
2026,9,5,15,49,15:49,159.1,0.0,0.5,0.9,0.0
2026,9,5,15,51,15:51,154.0,0.7,1.5,2.8,0.0
2026,9,5,15,53,15:53,156.2,0.0,0.4,2.5,0.0
2026,9,5,15,54,15:54,156.3,0.8,1.6,2.6,0.0
2026,9,5,15,56,15:56,151.4,1.3,2.6,3.6,0.0
2026,9,5,15,58,15:58,168.4,0.8,1.4,2.1,0.0
2026,9,5,15,59,15:59,162.5,1.9,2.7,3.9,0.0
2026,9,5,16,2,16:01,158.8,2.0,2.5,3.0,0.0
2026,9,5,16,3,16:03,164.1,1.8,2.5,3.2,0.0
2026,9,5,16,4,16:04,159.5,1.9,2.5,3.0,0.0
2026,9,5,16,7,16:06,152.9,1.7,2.3,2.8,0.0
2026,9,5,16,8,16:08,160.1,1.7,2.2,2.9,0.0
2026,9,5,16,9,16:09,164.6,1.3,1.8,2.5,0.0
2026,9,5,16,11,16:11,169.9,1.6,2.0,2.3,0.0
2026,9,5,16,13,16:13,168.3,1.0,1.9,2.5,0.0
2026,9,5,16,14,16:14,167.7,1.7,2.3,2.9,0.0
2026,9,5,16,16,16:16,157.7,1.6,2.2,2.6,0.0
2026,9,5,16,18,16:18,173.4,2.1,2.3,2.6,0.0
2026,9,5,16,19,16:19,174.2,1.8,2.0,2.1,0.0
2026,9,5,16,21,16:21,168.8,1.9,2.2,2.3,0.0
2026,9,5,16,23,16:23,175.2,2.2,2.5,3.0,0.0
2026,9,5,16,24,16:24,169.6,2.7,2.9,3.1,0.0
2026,9,5,16,27,16:26,166.3,2.0,2.3,2.7,0.0
2026,9,5,16,28,16:28,182.5,1.5,1.9,2.6,0.0
2026,9,5,16,29,16:29,202.8,1.8,0.9,1.9,0.0
2026,9,5,16,32,16:31,220.5,0.0,0.7,1.0,0.0
2026,9,5,16,33,16:33,220.5,0.5,0.7,1.1,0.0
2026,9,5,16,34,16:34,220.5,0.0,0.4,0.7,0.0
2026,9,5,16,37,16:36,220.4,0.5,0.7,0.8,0.0
2026,9,5,16,38,16:38,220.4,1.2,1.4,1.6,0.0
2026,9,5,16,39,16:39,220.4,0.5,0.9,1.3,0.0
2026,9,5,16,41,16:41,220.4,0.6,0.7,0.9,0.0
2026,9,5,16,43,16:43,220.4,0.0,0.3,0.3,0.0
2026,9,5,16,44,16:44,220.4,0.0,0.6,0.9,0.0
2026,9,5,16,46,16:46,215.1,1.4,2.0,2.8,0.0
2026,9,5,16,48,16:48,197.8,2.2,2.6,3.4,0.0
2026,9,5,16,49,16:49,188.9,1.8,2.6,3.2,0.0
2026,9,5,16,51,16:51,191.2,1.9,2.2,2.5,0.0
2026,9,5,16,53,16:53,183.5,1.9,2.2,2.4,0.0
2026,9,5,16,54,16:54,205.5,2.3,2.8,3.2,0.0
2026,9,5,16,56,16:56,198.2,2.7,3.2,3.6,0.0
2026,9,5,16,58,16:58,194.9,3.0,3.8,4.4,0.0
2026,9,5,16,59,16:59,194.5,3.7,4.2,4.7,0.0
2026,9,5,17,2,17:01,189.0,3.5,3.8,4.3,0.0
2026,9,5,17,3,17:03,182.2,3.4,4.0,4.5,0.0
2026,9,5,17,4,17:04,181.4,3.4,3.8,4.2,0.0
2026,9,5,17,7,17:06,173.6,2.5,3.1,3.4,0.0
2026,9,5,17,8,17:08,174.6,2.4,3.0,3.4,0.0
2026,9,5,17,9,17:09,179.4,2.7,2.8,3.0,0.0
2026,9,5,17,11,17:11,176.6,2.4,2.8,3.0,0.0
2026,9,5,17,13,17:13,177.3,2.1,2.6,3.1,0.0
2026,9,5,17,14,17:14,189.4,2.1,2.6,2.9,0.0
2026,9,5,17,16,17:16,195.4,2.8,3.3,3.6,0.0
2026,9,5,17,18,17:18,195.3,2.9,3.2,3.6,0.0
2026,9,5,17,19,17:19,197.6,2.9,3.3,3.8,0.0
2026,9,5,17,21,17:21,194.8,2.6,3.0,3.6,0.0
2026,9,5,17,23,17:23,198.8,2.3,3.1,3.7,0.0
2026,9,5,17,24,17:24,202.3,2.4,3.0,3.4,0.0
2026,9,5,17,26,17:26,203.6,2.5,2.7,3.0,0.0
2026,9,5,17,28,17:28,225.3,1.8,2.2,2.6,0.0
2026,9,5,17,29,17:29,219.7,1.2,2.3,2.9,0.0
2026,9,5,17,31,17:31,250.4,1.6,1.8,2.1,0.0
2026,9,5,17,33,17:33,291.6,1.2,1.7,2.4,0.0
2026,9,5,17,34,17:34,294.9,0.8,1.3,1.6,0.0
2026,9,5,17,37,17:36,281.3,1.5,2.0,2.4,0.0
2026,9,5,17,38,17:38,281.8,1.0,1.3,1.6,0.0
2026,9,5,17,39,17:39,278.3,0.6,1.1,1.7,0.0
2026,9,5,17,42,17:41,278.2,0.7,0.9,1.0,0.0
2026,9,5,17,43,17:43,278.3,0.0,0.4,0.5,0.0
2026,9,5,17,44,17:44,278.3,0.5,0.5,0.6,0.0
2026,9,5,17,46,17:46,278.3,0.0,0.0,0.0,0.0
2026,9,5,17,48,17:48,278.3,0.0,0.0,0.0,0.0
2026,9,5,17,49,17:49,278.3,0.0,0.0,0.0,0.0
2026,9,5,17,51,17:51,278.3,0.0,0.5,0.8,0.0
2026,9,5,17,53,17:53,278.2,0.5,0.8,1.1,0.0
2026,9,5,17,54,17:54,278.3,0.0,0.5,0.6,0.0
2026,9,5,17,57,17:56,278.3,0.5,0.6,0.7,0.0
2026,9,5,17,58,17:58,278.3,0.0,0.3,0.4,0.0
2026,9,5,17,59,17:59,278.3,0.0,0.4,0.6,0.0
2026,9,5,18,1,18:01,278.3,0.0,0.8,1.1,0.0
2026,9,5,18,3,18:03,278.2,0.5,0.7,0.8,0.0
2026,9,5,18,4,18:04,278.2,0.5,0.6,0.6,0.0
2026,9,5,18,6,18:06,278.3,0.7,0.9,1.2,0.0
2026,9,5,18,8,18:08,278.3,0.7,1.1,1.4,0.0
2026,9,5,18,9,18:09,278.3,1.1,1.4,1.8,0.0
2026,9,5,18,12,18:11,278.3,1.0,1.2,1.5,0.0
2026,9,5,18,13,18:13,278.3,1.2,1.3,1.5,0.0
2026,9,5,18,14,18:14,278.3,1.0,1.2,1.3,0.0
2026,9,5,18,17,18:16,278.3,0.9,1.1,1.3,0.0
2026,9,5,18,18,18:18,278.3,0.7,0.8,0.9,0.0
2026,9,5,18,19,18:19,278.3,0.5,0.7,1.0,0.0
2026,9,5,18,21,18:21,278.3,0.5,0.7,0.7,0.0
2026,9,5,18,23,18:23,278.2,0.5,0.7,0.9,0.0
2026,9,5,18,24,18:24,286.6,0.8,1.1,1.7,0.0
2026,9,5,18,26,18:26,334.3,0.6,0.7,0.9,0.0
2026,9,5,18,28,18:28,334.3,0.0,0.3,1.0,0.0
2026,9,5,18,29,18:29,334.3,0.0,0.4,0.9,0.0
2026,9,5,18,31,18:31,334.2,0.7,0.8,0.9,0.0
2026,9,5,18,33,18:33,334.3,0.8,1.1,1.5,0.0
2026,9,5,18,34,18:34,334.2,0.9,1.1,1.5,0.0
2026,9,5,18,36,18:36,334.3,0.8,1.2,1.6,0.0
2026,9,5,18,38,18:38,333.9,0.9,1.4,1.9,0.0
2026,9,5,18,39,18:39,339.3,1.4,1.7,2.0,0.0
2026,9,5,18,41,18:41,338.7,1.2,1.5,2.1,0.0
2026,9,5,18,43,18:43,339.8,0.9,1.2,1.4,0.0
2026,9,5,18,44,18:44,339.8,1.0,1.3,1.6,0.0
2026,9,5,18,46,18:46,341.5,0.7,1.5,2.1,0.0
2026,9,5,18,48,18:48,337.1,1.2,1.8,2.2,0.0
2026,9,5,18,49,18:49,337.8,1.7,2.1,2.5,0.0
2026,9,5,18,51,18:51,342.4,1.4,1.8,2.4,0.0
2026,9,5,18,53,18:53,324.9,1.2,1.4,1.8,0.0
2026,9,5,18,54,18:54,331.4,0.9,1.2,1.4,0.0
2026,9,5,18,56,18:56,347.3,1.3,1.5,2.0,0.0
2026,9,5,18,58,18:58,324.1,0.6,1.2,1.7,0.0
2026,9,5,18,59,18:59,324.1,0.8,1.1,1.3,0.0
2026,9,5,19,1,19:01,324.1,0.0,0.7,1.0,0.0
2026,9,5,19,3,19:03,324.1,0.4,0.6,0.9,0.0
2026,9,5,19,4,19:04,326.1,0.0,0.7,1.0,0.0
2026,9,5,19,6,19:06,330.6,1.4,1.8,2.2,0.0
2026,9,5,19,8,19:08,329.3,1.2,1.6,2.0,0.0
2026,9,5,19,9,19:09,320.5,1.3,1.6,2.0,0.0
2026,9,5,19,12,19:11,334.1,1.3,1.9,2.3,0.0
2026,9,5,19,13,19:13,337.8,1.5,1.7,1.9,0.0
2026,9,5,19,14,19:14,342.8,1.1,1.5,1.7,0.0
2026,9,5,19,16,19:16,335.2,0.9,1.2,1.4,0.0
2026,9,5,19,18,19:18,327.6,0.6,1.0,1.4,0.0
2026,9,5,19,19,19:19,327.6,0.6,1.1,1.3,0.0
2026,9,5,19,21,19:21,308.0,1.0,1.2,1.5,0.0
2026,9,5,19,23,19:23,308.0,0.8,1.3,1.8,0.0
2026,9,5,19,24,19:24,308.0,0.9,1.2,1.6,0.0
2026,9,5,19,27,19:26,307.0,1.2,1.6,2.3,0.0
2026,9,5,19,28,19:28,300.4,0.9,1.1,1.3,0.0
2026,9,5,19,29,19:29,300.4,0.8,1.0,1.5,0.0
2026,9,5,19,31,19:31,295.3,0.9,1.1,2.1,0.0
2026,9,5,19,33,19:33,311.3,1.1,1.3,1.5,0.0
2026,9,5,19,34,19:34,308.9,0.9,1.3,1.6,0.0
2026,9,5,19,36,19:36,307.5,1.0,1.2,1.3,0.0
2026,9,5,19,38,19:38,307.5,0.8,1.1,1.5,0.0
2026,9,5,19,39,19:39,307.5,0.9,1.0,1.2,0.0
2026,9,5,19,42,19:41,303.7,0.9,1.1,1.2,0.0
2026,9,5,19,43,19:43,295.5,0.7,1.1,1.5,0.0
2026,9,5,19,44,19:44,301.6,1.2,1.4,1.8,0.0
2026,9,5,19,46,19:46,311.0,1.2,1.4,1.8,0.0
2026,9,5,19,48,19:48,319.3,1.1,1.3,1.5,0.0
2026,9,5,19,49,19:49,317.8,0.8,1.0,1.4,0.0
2026,9,5,19,52,19:51,303.2,1.0,1.3,1.5,0.0
2026,9,5,19,53,19:53,300.3,0.9,1.0,1.1,0.0
2026,9,5,19,54,19:54,300.3,0.9,1.1,1.2,0.0
2026,9,5,19,56,19:56,300.3,0.7,0.8,0.9,0.0
2026,9,5,19,58,19:58,300.3,0.6,0.8,1.0,0.0
2026,9,5,19,59,19:59,300.3,0.6,0.8,1.0,0.0
2026,9,5,20,1,20:01,284.9,1.1,1.4,1.8,0.0
2026,9,5,20,3,20:03,284.9,1.3,1.5,1.7,0.0
2026,9,5,20,4,20:04,284.9,1.2,1.4,1.5,0.0
2026,9,5,20,6,20:06,288.5,1.1,1.2,1.5,0.0
2026,9,5,20,8,20:08,307.1,0.8,1.1,1.5,0.0
2026,9,5,20,9,20:09,307.1,0.9,1.0,1.1,0.0
2026,9,5,20,11,20:11,299.4,0.8,1.0,1.2,0.0
2026,9,5,20,13,20:13,283.8,0.9,1.2,1.4,0.0
2026,9,5,20,14,20:14,283.8,1.0,1.2,1.5,0.0
2026,9,5,20,16,20:16,283.8,0.8,1.1,1.3,0.0
2026,9,5,20,18,20:18,283.8,0.9,1.0,1.1,0.0
2026,9,5,20,19,20:19,283.8,0.7,1.1,1.7,0.0
2026,9,5,20,21,20:21,283.8,0.9,1.1,1.4,0.0
2026,9,5,20,23,20:23,283.8,1.2,1.5,2.0,0.0
2026,9,5,20,24,20:23,283.8,1.2,1.5,2.0,0.0
2026,9,5,20,26,20:26,290.4,1.2,1.5,1.9,0.0
2026,9,5,20,28,20:28,280.0,1.2,1.3,1.6,0.0
2026,9,5,20,29,20:29,280.0,0.9,1.2,1.5,0.0
2026,9,5,20,31,20:31,280.0,1.0,1.2,1.6,0.0
2026,9,5,20,33,20:33,297.4,1.1,1.4,1.7,0.0
2026,9,5,20,34,20:34,298.1,1.1,1.3,1.6,0.0
2026,9,5,20,37,20:36,298.1,0.8,1.0,1.1,0.0
2026,9,5,20,38,20:38,280.0,0.7,0.9,1.1,0.0
2026,9,5,20,39,20:39,280.0,0.8,1.1,1.2,0.0
2026,9,5,20,41,20:41,280.0,0.9,1.1,1.3,0.0
2026,9,5,20,43,20:43,295.7,0.9,1.2,1.5,0.0
2026,9,5,20,44,20:44,295.6,0.9,1.2,1.4,0.0
2026,9,5,20,46,20:46,295.7,0.8,1.0,1.2,0.0
2026,9,5,20,48,20:48,295.7,0.7,0.8,1.0,0.0
2026,9,5,20,49,20:49,295.7,0.7,1.0,1.4,0.0
2026,9,5,20,51,20:51,295.6,0.6,0.8,1.0,0.0
2026,9,5,20,53,20:53,295.6,0.6,0.6,0.8,0.0
2026,9,5,20,54,20:54,295.7,0.8,0.9,1.0,0.0
2026,9,5,20,57,20:56,282.6,0.8,1.2,1.4,0.0
2026,9,5,20,58,20:58,280.0,1.0,1.3,1.6,0.0
2026,9,5,20,59,20:59,280.0,1.3,1.6,2.1,0.0
2026,9,5,21,1,21:01,289.3,0.8,1.0,1.2,0.0
2026,9,5,21,3,21:03,296.6,1.0,1.1,1.4,0.0
2026,9,5,21,4,21:04,291.1,1.3,1.5,1.7,0.0
2026,9,5,21,7,21:06,304.2,1.3,1.7,2.3,0.0
2026,9,5,21,8,21:08,306.0,1.4,1.9,2.6,0.0
2026,9,5,21,9,21:09,298.0,1.4,1.9,2.5,0.0
2026,9,5,21,11,21:11,288.9,1.5,2.0,2.5,0.0
2026,9,5,21,13,21:13,297.9,1.3,1.8,2.4,0.0
2026,9,5,21,14,21:14,317.3,1.7,2.3,2.9,0.0
2026,9,5,21,16,21:16,294.6,1.3,1.7,2.3,0.0
2026,9,5,21,18,21:18,289.3,1.2,1.5,1.9,0.0
2026,9,5,21,19,21:19,295.7,1.5,2.0,2.7,0.0
2026,9,5,21,21,21:21,290.3,1.2,1.5,1.9,0.0
2026,9,5,21,23,21:23,298.2,1.3,1.5,2.1,0.0
2026,9,5,21,24,21:24,314.7,1.3,2.1,3.2,0.0
2026,9,5,21,27,21:26,300.7,1.8,2.2,3.0,0.0
2026,9,5,21,28,21:28,303.4,2.3,3.0,3.8,0.0
2026,9,5,21,32,21:31,310.6,1.6,2.2,3.2,0.0
2026,9,5,21,33,21:33,307.5,1.9,2.5,3.1,0.0
2026,9,5,21,34,21:34,330.1,1.9,3.3,4.8,0.0
2026,9,5,21,36,21:36,315.3,3.2,4.0,4.9,0.0
2026,9,5,21,38,21:38,321.7,2.1,3.3,4.9,0.0
2026,9,5,21,41,21:41,327.7,2.3,3.1,4.4,0.0
2026,9,5,21,43,21:43,319.4,1.9,2.3,2.8,0.0
2026,9,5,21,44,21:44,303.5,1.7,2.2,2.8,0.0
2026,9,5,21,46,21:46,324.0,1.7,2.3,3.2,0.0
2026,9,5,21,48,21:48,325.8,1.5,2.1,2.7,0.0
2026,9,5,21,49,21:49,325.7,2.0,2.4,3.0,0.0
2026,9,5,21,51,21:51,306.1,1.7,2.3,3.3,0.0
2026,9,5,21,53,21:53,324.2,1.4,1.6,1.9,0.0
2026,9,5,21,54,21:54,324.1,1.3,1.6,1.9,0.0
2026,9,5,21,56,21:56,329.3,1.4,2.1,3.6,0.0
2026,9,5,21,58,21:58,330.7,2.7,3.7,4.7,0.0
2026,9,5,21,59,21:59,314.2,2.3,2.9,3.3,0.0
2026,9,5,22,1,22:01,311.9,2.1,2.8,3.4,0.0
2026,9,5,22,3,22:03,321.9,1.9,3.1,4.5,0.0
2026,9,5,22,4,22:04,306.1,2.4,3.2,3.8,0.0
2026,9,5,22,6,22:06,316.8,1.6,2.6,3.9,0.0
2026,9,5,22,8,22:08,303.2,1.7,2.3,3.1,0.0
2026,9,5,22,9,22:09,301.6,2.2,2.9,4.1,0.0
2026,9,5,22,11,22:11,299.5,1.7,2.6,3.5,0.0
2026,9,5,22,13,22:13,305.1,2.4,3.5,4.7,0.0
2026,9,5,22,14,22:14,308.8,2.1,3.1,4.2,0.0
2026,9,5,22,17,22:16,316.3,2.2,3.1,3.9,0.0
2026,9,5,22,18,22:18,290.4,2.0,2.6,3.3,0.0
2026,9,5,22,19,22:19,304.7,2.1,2.7,3.4,0.0
2026,9,5,22,21,22:21,318.0,1.6,2.5,3.6,0.0
2026,9,5,22,23,22:23,324.2,2.2,2.9,4.2,0.0
2026,9,5,22,24,22:24,305.6,2.7,3.5,4.9,0.0
2026,9,5,22,27,22:26,330.1,2.5,4.2,5.9,0.0
2026,9,5,22,28,22:28,287.3,1.7,2.4,3.4,0.0
2026,9,5,22,31,22:31,291.8,2.0,2.9,4.9,0.0
2026,9,5,22,33,22:33,307.0,2.6,3.3,4.4,0.0
2026,9,5,22,34,22:34,310.4,1.9,3.1,4.0,0.0
2026,9,5,22,36,22:36,320.4,2.6,3.1,4.3,0.0
2026,9,5,22,38,22:38,309.6,2.1,2.8,3.8,0.0
2026,9,5,22,39,22:39,313.1,2.8,3.3,4.0,0.0
2026,9,5,22,41,22:41,309.8,2.0,2.7,4.0,0.0
2026,9,5,22,43,22:43,321.1,1.8,2.8,3.9,0.0
2026,9,5,22,44,22:44,325.6,1.8,2.4,3.4,0.0
2026,9,5,22,46,22:46,309.0,1.7,2.9,4.3,0.0
2026,9,5,22,48,22:48,304.0,1.9,2.6,3.2,0.0
2026,9,5,22,51,22:51,322.8,2.3,3.6,4.6,0.0
2026,9,5,22,53,22:53,301.1,1.9,2.7,3.6,0.0
2026,9,5,22,54,22:54,312.2,1.9,2.5,3.0,0.0
2026,9,5,22,56,22:56,331.5,2.3,3.5,4.7,0.0
2026,9,5,22,58,22:58,311.0,2.1,2.6,3.1,0.0
2026,9,5,23,1,23:01,332.1,1.9,2.8,3.8,0.0
2026,9,5,23,3,23:03,327.7,1.8,3.0,3.8,0.0
2026,9,5,23,4,23:04,323.4,2.6,3.2,4.7,0.0
2026,9,5,23,7,23:06,330.7,2.6,3.2,4.1,0.0
2026,9,5,23,8,23:08,337.6,2.3,3.0,4.2,0.0
2026,9,5,23,9,23:09,319.5,1.8,3.2,4.4,0.0
2026,9,5,23,12,23:11,325.7,1.7,2.3,2.6,0.0
2026,9,5,23,13,23:13,321.9,2.0,2.8,3.5,0.0
2026,9,5,23,14,23:14,320.9,1.7,2.5,3.6,0.0
2026,9,5,23,16,23:16,334.5,2.1,3.0,3.9,0.0
2026,9,5,23,18,23:18,339.1,2.0,2.7,3.4,0.0
2026,9,5,23,19,23:19,338.6,2.0,2.8,3.7,0.0
2026,9,5,23,21,23:21,328.9,1.5,2.1,2.8,0.0
2026,9,5,23,23,23:23,328.4,1.9,2.7,3.6,0.0
2026,9,5,23,24,23:24,321.1,2.0,2.5,4.5,0.0
2026,9,5,23,27,23:26,330.8,2.3,2.8,3.7,0.0
2026,9,5,23,28,23:28,333.4,1.8,2.3,2.8,0.0
2026,9,5,23,29,23:29,325.7,2.1,2.6,3.3,0.0
2026,9,5,23,31,23:31,318.9,1.3,1.9,2.5,0.0
2026,9,5,23,33,23:33,338.4,1.4,2.3,3.0,0.0
2026,9,5,23,34,23:34,316.6,2.2,2.6,3.4,0.0
2026,9,5,23,37,23:36,318.8,1.7,2.3,3.1,0.0
2026,9,5,23,38,23:38,327.7,1.7,2.8,4.0,0.0
2026,9,5,23,39,23:39,331.8,1.3,1.9,2.6,0.0
2026,9,5,23,41,23:41,329.9,1.8,2.7,4.6,0.0
2026,9,5,23,43,23:43,340.5,2.8,3.9,5.1,0.0
2026,9,5,23,44,23:44,329.4,2.3,3.7,5.9,0.0
2026,9,5,23,46,23:46,329.3,2.6,3.4,4.3,0.0
2026,9,5,23,48,23:48,344.6,1.5,3.1,4.7,0.0
2026,9,5,23,49,23:49,322.0,1.7,2.6,3.7,0.0
2026,9,5,23,51,23:51,348.5,1.7,2.5,3.8,0.0
2026,9,5,23,53,23:53,330.9,2.1,3.0,4.0,0.0
2026,9,5,23,54,23:54,330.2,1.6,2.3,3.0,0.0
2026,9,5,23,57,23:56,330.3,1.8,2.4,3.1,0.0
2026,9,5,23,58,23:58,331.2,1.6,2.3,2.9,0.0
2026,9,5,23,59,23:59,340.1,1.6,2.3,2.9,0.0
