# Helsinki Laru (dlarah.org Lauttasaari) 2026-10-02 Suomen aikaa — lähteen Laru_2026-275.txt sellaisenaan
# vuosi kk pv kirjoitus-h kirjoitus-min hh:mm suunta min ka max lämpötila (asemalla ei mittaria)
2026,10,2,0,1,00:00,217.3,2.0,2.1,2.4,0.0
2026,10,2,0,3,00:02,217.4,0.5,1.1,1.5,0.0
2026,10,2,0,4,00:03,217.3,0.7,0.9,1.2,0.0
2026,10,2,0,6,00:06,217.3,0.8,1.1,1.5,0.0
2026,10,2,0,8,00:07,217.3,0.9,1.3,1.6,0.0
2026,10,2,0,9,00:08,217.3,0.7,1.0,1.2,0.0
2026,10,2,0,11,00:10,217.3,1.1,1.5,1.9,0.0
2026,10,2,0,13,00:12,217.3,0.9,1.1,1.4,0.0
2026,10,2,0,14,00:13,217.3,0.7,1.1,1.5,0.0
2026,10,2,0,16,00:15,217.3,1.0,1.2,1.6,0.0
2026,10,2,0,18,00:17,217.3,0.8,1.1,1.3,0.0
2026,10,2,0,19,00:18,217.3,1.1,1.3,1.4,0.0
2026,10,2,0,21,00:20,217.3,0.9,1.1,1.3,0.0
2026,10,2,0,23,00:22,217.3,0.9,1.1,1.2,0.0
2026,10,2,0,24,00:23,217.3,0.8,1.0,1.2,0.0
2026,10,2,0,26,00:25,217.3,0.9,1.1,1.3,0.0
2026,10,2,0,28,00:27,217.3,0.0,0.7,0.9,0.0
2026,10,2,0,29,00:28,217.4,0.6,0.7,0.8,0.0
2026,10,2,0,31,00:30,217.3,0.7,0.9,1.2,0.0
2026,10,2,0,33,00:32,217.3,0.7,1.0,1.3,0.0
2026,10,2,0,34,00:33,217.3,0.8,1.0,1.1,0.0
2026,10,2,0,37,00:36,217.3,0.8,0.9,1.1,0.0
2026,10,2,0,38,00:37,217.3,0.6,0.8,0.9,0.0
2026,10,2,0,39,00:38,217.3,0.6,1.0,1.2,0.0
2026,10,2,0,41,00:40,217.3,0.5,0.7,0.9,0.0
2026,10,2,0,43,00:42,217.3,0.6,0.6,0.7,0.0
2026,10,2,0,44,00:43,217.3,0.0,0.5,0.8,0.0
2026,10,2,0,46,00:45,217.3,0.4,0.5,0.6,0.0
2026,10,2,0,48,00:47,217.3,0.8,0.9,0.9,0.0
2026,10,2,0,49,00:48,217.3,0.5,0.7,1.0,0.0
2026,10,2,0,52,00:51,217.3,0.6,0.7,0.9,0.0
2026,10,2,0,53,00:52,217.3,0.9,1.0,1.2,0.0
2026,10,2,0,54,00:53,217.3,0.7,0.8,0.9,0.0
2026,10,2,0,56,00:55,217.3,0.5,0.7,1.1,0.0
2026,10,2,0,58,00:57,217.3,0.8,0.9,1.3,0.0
2026,10,2,0,59,00:58,217.3,0.6,0.9,1.2,0.0
2026,10,2,1,1,01:00,217.3,0.6,0.8,0.9,0.0
2026,10,2,1,3,01:02,217.3,0.7,0.9,1.2,0.0
2026,10,2,1,4,01:03,217.3,0.6,0.9,1.2,0.0
2026,10,2,1,6,01:05,217.3,0.8,1.0,1.2,0.0
2026,10,2,1,8,01:07,217.3,0.4,0.5,0.7,0.0
2026,10,2,1,9,01:08,217.3,0.5,0.7,0.8,0.0
2026,10,2,1,12,01:11,217.3,0.7,0.8,0.8,0.0
2026,10,2,1,13,01:12,217.3,0.0,0.6,0.7,0.0
2026,10,2,1,14,01:13,217.3,0.0,0.5,0.6,0.0
2026,10,2,1,16,01:15,217.3,0.0,0.4,0.6,0.0
2026,10,2,1,18,01:17,217.3,0.7,0.8,0.9,0.0
2026,10,2,1,19,01:18,217.3,0.5,0.6,0.7,0.0
2026,10,2,1,21,01:20,217.3,0.0,0.4,0.5,0.0
2026,10,2,1,23,01:20,217.3,0.0,0.4,0.5,0.0
2026,10,2,1,24,01:23,217.3,0.0,0.4,0.6,0.0
2026,10,2,1,26,01:25,217.3,0.0,0.2,0.3,0.0
2026,10,2,1,28,01:27,217.3,0.0,0.3,0.3,0.0
2026,10,2,1,29,01:28,217.3,0.0,0.2,0.3,0.0
2026,10,2,1,31,01:30,217.3,0.0,0.2,0.3,0.0
2026,10,2,1,33,01:32,217.3,0.0,0.4,0.4,0.0
2026,10,2,1,34,01:33,217.3,0.0,0.3,0.3,0.0
2026,10,2,1,36,01:35,217.3,0.0,0.3,0.4,0.0
2026,10,2,1,38,01:36,217.3,0.0,0.0,0.0,0.0
2026,10,2,1,39,01:36,217.3,0.0,0.0,0.0,0.0
2026,10,2,1,42,01:36,217.3,0.0,0.0,0.0,0.0
2026,10,2,1,43,01:42,217.3,0.0,0.2,0.3,0.0
2026,10,2,1,44,01:43,217.3,0.0,0.2,0.2,0.0
2026,10,2,1,46,01:45,217.3,0.0,0.0,0.0,0.0
2026,10,2,1,48,01:47,217.3,0.0,0.3,0.4,0.0
2026,10,2,1,49,01:48,217.3,0.0,0.1,0.2,0.0
2026,10,2,1,51,01:49,217.3,0.0,0.0,0.0,0.0
2026,10,2,1,53,01:49,217.3,0.0,0.0,0.0,0.0
2026,10,2,1,54,01:49,217.3,0.0,0.0,0.0,0.0
2026,10,2,1,56,01:49,217.3,0.0,0.0,0.0,0.0
2026,10,2,1,58,01:49,217.3,0.0,0.0,0.0,0.0
2026,10,2,1,59,01:58,217.3,0.0,0.0,0.0,0.0
2026,10,2,2,1,01:58,217.3,0.0,0.0,0.0,0.0
2026,10,2,2,3,01:58,217.3,0.0,0.0,0.0,0.0
2026,10,2,2,4,01:58,217.3,0.0,0.0,0.0,0.0
2026,10,2,2,7,01:58,217.3,0.0,0.0,0.0,0.0
2026,10,2,2,8,02:07,217.3,0.0,0.0,0.0,0.0
2026,10,2,2,9,02:07,217.3,0.0,0.0,0.0,0.0
2026,10,2,2,12,02:07,217.3,0.0,0.0,0.0,0.0
2026,10,2,2,13,02:07,217.3,0.0,0.0,0.0,0.0
2026,10,2,2,14,02:07,217.3,0.0,0.0,0.0,0.0
2026,10,2,2,17,02:16,217.3,0.0,0.0,0.0,0.0
2026,10,2,2,18,02:16,217.3,0.0,0.0,0.0,0.0
2026,10,2,2,19,02:16,217.3,0.0,0.0,0.0,0.0
2026,10,2,2,21,02:16,217.3,0.0,0.0,0.0,0.0
2026,10,2,2,23,02:16,217.3,0.0,0.0,0.0,0.0
2026,10,2,2,24,02:16,217.3,0.0,0.0,0.0,0.0
2026,10,2,2,26,02:25,217.3,0.0,0.0,0.0,0.0
2026,10,2,2,28,02:25,217.3,0.0,0.0,0.0,0.0
2026,10,2,2,29,02:25,217.3,0.0,0.0,0.0,0.0
2026,10,2,2,31,02:25,217.3,0.0,0.0,0.0,0.0
2026,10,2,2,33,02:25,217.3,0.0,0.0,0.0,0.0
2026,10,2,2,34,02:25,217.3,0.0,0.0,0.0,0.0
2026,10,2,2,37,02:34,217.3,0.0,0.0,0.0,0.0
2026,10,2,2,38,02:34,217.3,0.0,0.0,0.0,0.0
2026,10,2,2,39,02:34,217.3,0.0,0.0,0.0,0.0
2026,10,2,2,41,02:34,217.3,0.0,0.0,0.0,0.0
2026,10,2,2,43,02:34,217.3,0.0,0.0,0.0,0.0
2026,10,2,2,44,02:43,217.3,0.0,0.0,0.0,0.0
2026,10,2,2,46,02:43,217.3,0.0,0.0,0.0,0.0
2026,10,2,2,48,02:43,217.3,0.0,0.0,0.0,0.0
2026,10,2,2,49,02:43,217.3,0.0,0.0,0.0,0.0
2026,10,2,2,51,02:43,217.3,0.0,0.0,0.0,0.0
2026,10,2,2,53,02:52,217.3,0.0,0.0,0.0,0.0
2026,10,2,2,54,02:53,217.3,0.0,0.0,0.0,0.0
2026,10,2,2,56,02:54,217.3,0.0,0.0,0.0,0.0
2026,10,2,2,58,02:54,217.3,0.0,0.0,0.0,0.0
2026,10,2,2,59,02:58,217.3,0.0,0.0,0.0,0.0
2026,10,2,3,2,02:59,217.3,0.0,0.0,0.0,0.0
2026,10,2,3,3,02:59,217.3,0.0,0.0,0.0,0.0
2026,10,2,3,4,02:59,217.3,0.0,0.0,0.0,0.0
2026,10,2,3,7,02:59,217.3,0.0,0.0,0.0,0.0
2026,10,2,3,8,02:59,217.3,0.0,0.0,0.0,0.0
2026,10,2,3,9,03:08,217.3,0.0,0.0,0.0,0.0
2026,10,2,3,11,03:08,217.3,0.0,0.0,0.0,0.0
2026,10,2,3,13,03:08,217.3,0.0,0.0,0.0,0.0
2026,10,2,3,14,03:08,217.3,0.0,0.0,0.0,0.0
2026,10,2,3,16,03:08,217.3,0.0,0.0,0.0,0.0
2026,10,2,3,18,03:16,217.3,0.0,0.0,0.0,0.0
2026,10,2,3,19,03:16,217.3,0.0,0.0,0.0,0.0
2026,10,2,3,22,03:16,217.3,0.0,0.0,0.0,0.0
2026,10,2,3,23,03:16,217.3,0.0,0.0,0.0,0.0
2026,10,2,3,24,03:16,217.3,0.0,0.0,0.0,0.0
2026,10,2,3,27,03:25,217.3,0.0,0.0,0.0,0.0
2026,10,2,3,28,03:25,217.3,0.0,0.0,0.0,0.0
2026,10,2,3,29,03:25,217.3,0.0,0.0,0.0,0.0
2026,10,2,3,31,03:25,217.3,0.0,0.0,0.0,0.0
2026,10,2,3,33,03:25,217.3,0.0,0.0,0.0,0.0
2026,10,2,3,34,03:25,217.3,0.0,0.0,0.0,0.0
2026,10,2,3,37,03:34,217.3,0.0,0.0,0.0,0.0
2026,10,2,3,38,03:34,217.3,0.0,0.0,0.0,0.0
2026,10,2,3,39,03:34,217.3,0.0,0.0,0.0,0.0
2026,10,2,3,41,03:34,217.3,0.0,0.0,0.0,0.0
2026,10,2,3,43,03:34,217.3,0.0,0.0,0.0,0.0
2026,10,2,3,44,03:43,217.3,0.0,0.0,0.0,0.0
2026,10,2,3,46,03:44,217.3,0.0,0.0,0.0,0.0
2026,10,2,3,48,03:47,217.3,0.0,0.0,0.0,0.0
2026,10,2,3,51,03:47,217.3,0.0,0.0,0.0,0.0
2026,10,2,3,53,03:47,217.3,0.0,0.0,0.0,0.0
2026,10,2,3,54,03:47,217.3,0.0,0.0,0.0,0.0
2026,10,2,3,56,03:55,217.3,0.0,0.0,0.0,0.0
2026,10,2,3,58,03:55,217.3,0.0,0.0,0.0,0.0
2026,10,2,3,59,03:55,217.3,0.0,0.0,0.0,0.0
2026,10,2,4,2,03:55,217.3,0.0,0.0,0.0,0.0
2026,10,2,4,3,03:55,217.3,0.0,0.0,0.0,0.0
2026,10,2,4,4,03:55,217.3,0.0,0.0,0.0,0.0
2026,10,2,4,6,04:05,217.3,0.0,0.0,0.0,0.0
2026,10,2,4,8,04:06,217.3,0.0,0.0,0.0,0.0
2026,10,2,4,9,04:06,217.3,0.0,0.0,0.0,0.0
2026,10,2,4,11,04:06,217.3,0.0,0.0,0.0,0.0
2026,10,2,4,13,04:12,217.3,0.0,0.0,0.0,0.0
2026,10,2,4,14,04:13,217.3,0.0,0.0,0.0,0.0
2026,10,2,4,16,04:13,217.3,0.0,0.0,0.0,0.0
2026,10,2,4,18,04:13,217.3,0.0,0.0,0.0,0.0
2026,10,2,4,19,04:13,217.3,0.0,0.0,0.0,0.0
2026,10,2,4,21,04:13,217.3,0.0,0.0,0.0,0.0
2026,10,2,4,23,04:21,217.3,0.0,0.0,0.0,0.0
2026,10,2,4,24,04:21,217.3,0.0,0.0,0.0,0.0
2026,10,2,4,27,04:26,217.3,0.0,0.0,0.0,0.0
2026,10,2,4,28,04:27,217.3,0.0,0.0,0.0,0.0
2026,10,2,4,29,04:27,217.3,0.0,0.0,0.0,0.0
2026,10,2,4,32,04:31,217.3,0.0,0.0,0.0,0.0
2026,10,2,4,33,04:32,217.3,0.0,0.0,0.0,0.0
2026,10,2,4,34,04:33,217.3,0.0,0.0,0.0,0.0
2026,10,2,4,36,04:33,217.3,0.0,0.0,0.0,0.0
2026,10,2,4,38,04:37,217.3,0.0,0.0,0.0,0.0
2026,10,2,4,39,04:38,217.3,0.0,0.0,0.0,0.0
2026,10,2,4,42,04:41,217.3,0.0,0.0,0.0,0.0
2026,10,2,4,43,04:42,217.3,0.0,0.0,0.0,0.0
2026,10,2,4,44,04:43,217.3,0.0,0.0,0.0,0.0
2026,10,2,4,46,04:45,217.3,0.0,0.0,0.0,0.0
2026,10,2,4,48,04:45,217.3,0.0,0.0,0.0,0.0
2026,10,2,4,49,04:48,217.3,0.0,0.0,0.0,0.0
2026,10,2,4,51,04:49,217.3,0.0,0.0,0.0,0.0
2026,10,2,4,53,04:52,217.3,0.0,0.0,0.0,0.0
2026,10,2,4,54,04:52,217.3,0.0,0.0,0.0,0.0
2026,10,2,4,56,04:52,217.3,0.0,0.0,0.0,0.0
2026,10,2,4,58,04:52,217.3,0.0,0.0,0.0,0.0
2026,10,2,4,59,04:52,217.3,0.0,0.0,0.0,0.0
2026,10,2,5,1,04:52,217.3,0.0,0.0,0.0,0.0
2026,10,2,5,3,05:02,217.3,0.0,0.0,0.0,0.0
2026,10,2,5,4,05:02,217.3,0.0,0.0,0.0,0.0
2026,10,2,5,6,05:02,217.3,0.0,0.0,0.0,0.0
2026,10,2,5,8,05:07,217.3,0.0,0.0,0.0,0.0
2026,10,2,5,9,05:08,217.3,0.0,0.0,0.0,0.0
2026,10,2,5,11,05:08,217.3,0.0,0.0,0.0,0.0
2026,10,2,5,13,05:12,217.3,0.0,0.0,0.0,0.0
2026,10,2,5,14,05:13,339.0,0.0,0.0,0.0,0.0
2026,10,2,5,17,05:13,339.0,0.0,0.0,0.0,0.0
2026,10,2,5,18,05:13,339.0,0.0,0.0,0.0,0.0
2026,10,2,5,22,05:13,339.0,0.0,0.0,0.0,0.0
2026,10,2,5,23,05:22,339.0,0.0,0.0,0.0,0.0
2026,10,2,5,24,05:22,339.0,0.0,0.0,0.0,0.0
2026,10,2,5,27,05:22,339.0,0.0,0.0,0.0,0.0
2026,10,2,5,28,05:22,339.0,0.0,0.0,0.0,0.0
2026,10,2,5,29,05:22,339.0,0.0,0.0,0.0,0.0
2026,10,2,5,31,05:22,339.0,0.0,0.0,0.0,0.0
2026,10,2,5,33,05:32,346.6,0.0,0.0,0.0,0.0
2026,10,2,5,34,05:33,27.3,0.0,0.0,0.0,0.0
2026,10,2,5,36,05:35,33.1,0.0,0.0,0.0,0.0
2026,10,2,5,38,05:37,33.1,0.0,0.0,0.0,0.0
2026,10,2,5,39,05:38,33.1,0.0,0.0,0.0,0.0
2026,10,2,5,41,05:40,33.1,0.0,0.0,0.0,0.0
2026,10,2,5,43,05:42,33.1,0.0,0.0,0.0,0.0
2026,10,2,5,44,05:44,33.1,0.0,0.0,0.0,0.0
2026,10,2,5,46,05:45,33.1,0.0,0.0,0.0,0.0
2026,10,2,5,48,05:47,33.1,0.0,0.0,0.0,0.0
2026,10,2,5,49,05:48,33.1,0.0,0.0,0.0,0.0
2026,10,2,5,51,05:50,33.1,0.0,0.0,0.0,0.0
2026,10,2,5,53,05:52,33.1,0.0,0.0,0.0,0.0
2026,10,2,5,54,05:53,33.1,0.0,0.0,0.0,0.0
2026,10,2,5,57,05:56,37.0,0.0,0.0,0.0,0.0
2026,10,2,5,58,05:57,37.0,0.0,0.0,0.0,0.0
2026,10,2,5,59,05:58,37.0,0.0,0.0,0.0,0.0
2026,10,2,6,1,05:58,37.0,0.0,0.0,0.0,0.0
2026,10,2,6,3,05:58,37.0,0.0,0.0,0.0,0.0
2026,10,2,6,4,05:58,37.0,0.0,0.0,0.0,0.0
2026,10,2,6,6,05:58,37.0,0.0,0.0,0.0,0.0
2026,10,2,6,8,06:07,37.0,0.0,0.0,0.0,0.0
2026,10,2,6,9,06:07,37.0,0.0,0.0,0.0,0.0
2026,10,2,6,11,06:07,37.0,0.0,0.0,0.0,0.0
2026,10,2,6,13,06:07,37.0,0.0,0.0,0.0,0.0
2026,10,2,6,14,06:07,37.0,0.0,0.0,0.0,0.0
2026,10,2,6,16,06:15,37.0,0.0,0.0,0.0,0.0
2026,10,2,6,18,06:15,37.0,0.0,0.0,0.0,0.0
2026,10,2,6,19,06:15,37.0,0.0,0.0,0.0,0.0
2026,10,2,6,21,06:15,37.0,0.0,0.0,0.0,0.0
2026,10,2,6,23,06:22,6.6,0.0,0.0,0.0,0.0
2026,10,2,6,24,06:23,6.6,0.0,0.0,0.0,0.0
2026,10,2,6,26,06:25,6.6,0.0,0.0,0.0,0.0
2026,10,2,6,28,06:27,6.5,0.0,0.0,0.0,0.0
2026,10,2,6,29,06:28,6.6,0.0,0.0,0.0,0.0
2026,10,2,6,31,06:30,6.5,0.0,0.0,0.0,0.0
2026,10,2,6,33,06:32,6.5,0.0,0.0,0.0,0.0
2026,10,2,6,34,06:34,6.5,0.0,0.0,0.0,0.0
2026,10,2,6,36,06:35,6.5,0.0,0.0,0.0,0.0
2026,10,2,6,38,06:36,6.5,0.0,0.0,0.0,0.0
2026,10,2,6,39,06:38,6.5,0.0,0.0,0.0,0.0
2026,10,2,6,42,06:41,6.5,0.0,0.0,0.0,0.0
2026,10,2,6,43,06:42,6.5,0.0,0.0,0.0,0.0
2026,10,2,6,44,06:43,6.5,0.0,0.0,0.0,0.0
2026,10,2,6,47,06:45,6.5,0.0,0.0,0.0,0.0
2026,10,2,6,48,06:47,6.5,0.0,0.0,0.0,0.0
2026,10,2,6,52,06:51,6.5,0.0,0.0,0.0,0.0
2026,10,2,6,53,06:52,6.5,0.0,0.0,0.0,0.0
2026,10,2,6,54,06:53,6.5,0.0,0.0,0.0,0.0
2026,10,2,6,57,06:56,6.5,0.0,0.0,0.0,0.0
2026,10,2,6,58,06:57,6.5,0.0,0.0,0.0,0.0
2026,10,2,6,59,06:58,6.5,0.0,0.0,0.0,0.0
2026,10,2,7,1,06:59,6.5,0.0,0.0,0.0,0.0
2026,10,2,7,3,06:59,6.5,0.0,0.0,0.0,0.0
2026,10,2,7,4,06:59,6.5,0.0,0.0,0.0,0.0
2026,10,2,7,6,07:05,6.5,0.0,0.0,0.0,0.0
2026,10,2,7,8,07:07,6.5,0.0,0.0,0.0,0.0
2026,10,2,7,9,07:08,6.5,0.0,0.0,0.0,0.0
2026,10,2,7,12,07:11,6.5,0.0,0.0,0.0,0.0
2026,10,2,7,13,07:12,6.5,0.0,0.0,0.0,0.0
2026,10,2,7,14,07:13,6.5,0.0,0.0,0.0,0.0
2026,10,2,7,16,07:15,6.5,0.0,0.0,0.0,0.0
2026,10,2,7,18,07:17,6.5,0.0,0.0,0.0,0.0
2026,10,2,7,19,07:18,6.5,0.0,0.0,0.0,0.0
2026,10,2,7,21,07:18,6.5,0.0,0.0,0.0,0.0
2026,10,2,7,23,07:22,6.5,0.0,0.0,0.0,0.0
2026,10,2,7,24,07:23,6.5,0.0,0.0,0.0,0.0
2026,10,2,7,27,07:26,6.5,0.0,0.0,0.0,0.0
2026,10,2,7,28,07:27,6.5,0.0,0.0,0.0,0.0
2026,10,2,7,29,07:27,6.5,0.0,0.0,0.0,0.0
2026,10,2,7,31,07:30,6.5,0.0,0.0,0.0,0.0
2026,10,2,7,33,07:32,6.5,0.0,0.0,0.0,0.0
2026,10,2,7,34,07:33,6.5,0.0,0.0,0.0,0.0
2026,10,2,7,37,07:35,6.5,0.0,0.0,0.0,0.0
2026,10,2,7,38,07:35,6.5,0.0,0.0,0.0,0.0
2026,10,2,7,39,07:35,6.5,0.0,0.0,0.0,0.0
2026,10,2,7,41,07:40,6.5,0.0,0.0,0.0,0.0
2026,10,2,7,43,07:42,6.5,0.0,0.0,0.0,0.0
2026,10,2,7,44,07:43,6.5,0.0,0.0,0.0,0.0
2026,10,2,7,47,07:45,6.5,0.0,0.0,0.0,0.0
2026,10,2,7,48,07:46,6.5,0.0,0.0,0.0,0.0
2026,10,2,7,51,07:50,6.5,0.0,0.0,0.0,0.0
2026,10,2,7,53,07:50,6.5,0.0,0.0,0.0,0.0
2026,10,2,7,54,07:50,6.5,0.0,0.0,0.0,0.0
2026,10,2,7,57,07:55,6.5,0.0,0.0,0.0,0.0
2026,10,2,7,58,07:57,6.5,0.0,0.0,0.0,0.0
2026,10,2,7,59,07:58,6.5,0.0,0.0,0.0,0.0
2026,10,2,8,1,07:58,6.5,0.0,0.0,0.0,0.0
2026,10,2,8,3,08:02,6.5,0.0,0.0,0.0,0.0
2026,10,2,8,4,08:03,6.5,0.0,0.0,0.0,0.0
2026,10,2,8,7,08:04,6.5,0.0,0.0,0.0,0.0
2026,10,2,8,8,08:07,6.5,0.0,0.0,0.0,0.0
2026,10,2,8,9,08:08,6.5,0.0,0.0,0.0,0.0
2026,10,2,8,11,08:09,6.5,0.0,0.0,0.0,0.0
2026,10,2,8,13,08:09,6.5,0.0,0.0,0.0,0.0
2026,10,2,8,14,08:09,6.5,0.0,0.0,0.0,0.0
2026,10,2,8,16,08:09,6.5,0.0,0.0,0.0,0.0
2026,10,2,8,18,08:09,6.5,0.0,0.0,0.0,0.0
2026,10,2,8,19,08:18,6.5,0.0,0.0,0.0,0.0
2026,10,2,8,21,08:20,6.5,0.0,0.0,0.0,0.0
2026,10,2,8,23,08:20,6.5,0.0,0.0,0.0,0.0
2026,10,2,8,24,08:20,6.5,0.0,0.0,0.0,0.0
2026,10,2,8,27,08:25,6.5,0.0,0.0,0.0,0.0
2026,10,2,8,28,08:25,6.5,0.0,0.0,0.0,0.0
2026,10,2,8,29,08:28,6.5,0.0,0.0,0.0,0.0
2026,10,2,8,31,08:29,6.5,0.0,0.0,0.0,0.0
2026,10,2,8,33,08:32,6.5,0.0,0.0,0.0,0.0
2026,10,2,8,34,08:33,6.5,0.0,0.0,0.0,0.0
2026,10,2,8,36,08:33,6.5,0.0,0.0,0.0,0.0
2026,10,2,8,38,08:33,6.5,0.0,0.0,0.0,0.0
2026,10,2,8,39,08:39,6.5,0.0,0.0,0.0,0.0
2026,10,2,8,41,08:39,6.5,0.0,0.0,0.0,0.0
2026,10,2,8,43,08:42,6.5,0.0,0.0,0.0,0.0
2026,10,2,8,44,08:43,6.5,0.0,0.0,0.0,0.0
2026,10,2,8,46,08:44,6.5,0.0,0.0,0.0,0.0
2026,10,2,8,48,08:44,6.5,0.0,0.0,0.0,0.0
2026,10,2,8,49,08:44,6.5,0.0,0.0,0.0,0.0
2026,10,2,8,51,08:44,6.5,0.0,0.0,0.0,0.0
2026,10,2,8,53,08:52,6.5,0.0,0.0,0.0,0.0
2026,10,2,8,54,08:54,6.5,0.0,0.0,0.0,0.0
2026,10,2,8,57,08:54,6.5,0.0,0.0,0.0,0.0
2026,10,2,8,58,08:54,6.5,0.0,0.0,0.0,0.0
2026,10,2,8,59,08:54,6.5,0.0,0.0,0.0,0.0
2026,10,2,9,1,08:54,6.5,0.0,0.0,0.0,0.0
2026,10,2,9,3,08:54,6.5,0.0,0.0,0.0,0.0
2026,10,2,9,4,09:03,6.5,0.0,0.0,0.0,0.0
2026,10,2,9,6,09:03,6.5,0.0,0.0,0.0,0.0
2026,10,2,9,8,09:03,6.5,0.0,0.0,0.0,0.0
2026,10,2,9,9,09:08,6.5,0.0,0.0,0.0,0.0
2026,10,2,9,11,09:09,6.5,0.0,0.0,0.0,0.0
2026,10,2,9,13,09:09,6.5,0.0,0.0,0.0,0.0
2026,10,2,9,14,09:09,6.5,0.0,0.0,0.0,0.0
2026,10,2,9,17,09:09,6.5,0.0,0.0,0.0,0.0
2026,10,2,9,18,09:09,6.5,0.0,0.0,0.0,0.0
2026,10,2,9,19,09:18,6.5,0.0,0.0,0.0,0.0
2026,10,2,9,21,09:20,6.5,0.0,0.0,0.0,0.0
2026,10,2,9,23,09:22,6.5,0.0,0.0,0.0,0.0
2026,10,2,9,24,09:22,6.5,0.0,0.0,0.0,0.0
2026,10,2,9,27,09:22,6.5,0.0,0.0,0.0,0.0
2026,10,2,9,28,09:22,6.5,0.0,0.0,0.0,0.0
2026,10,2,9,29,09:22,6.5,0.0,0.0,0.0,0.0
2026,10,2,9,31,09:22,6.5,0.0,0.0,0.0,0.0
2026,10,2,9,33,09:31,6.5,0.0,0.0,0.0,0.0
2026,10,2,9,34,09:31,6.5,0.0,0.0,0.0,0.0
2026,10,2,9,36,09:31,6.5,0.0,0.0,0.0,0.0
2026,10,2,9,38,09:31,6.5,0.0,0.0,0.0,0.0
2026,10,2,9,41,09:39,6.5,0.0,0.0,0.0,0.0
2026,10,2,9,43,09:39,6.5,0.0,0.0,0.0,0.0
2026,10,2,9,44,09:39,6.5,0.0,0.0,0.0,0.0
2026,10,2,9,47,09:39,6.5,0.0,0.0,0.0,0.0
2026,10,2,9,48,09:39,6.5,0.0,0.0,0.0,0.0
2026,10,2,9,49,09:48,6.5,0.0,0.0,0.0,0.0
2026,10,2,9,51,09:48,6.5,0.0,0.0,0.0,0.0
2026,10,2,9,53,09:52,6.5,0.0,0.0,0.0,0.0
2026,10,2,9,54,09:53,6.5,0.0,0.0,0.0,0.0
2026,10,2,9,56,09:53,6.5,0.0,0.0,0.0,0.0
2026,10,2,9,58,09:53,6.5,0.0,0.0,0.0,0.0
2026,10,2,9,59,09:53,6.5,0.0,0.0,0.0,0.0
2026,10,2,10,2,10:01,6.5,0.0,0.0,0.0,0.0
2026,10,2,10,3,10:01,6.5,0.0,0.0,0.0,0.0
2026,10,2,10,4,10:01,6.5,0.0,0.0,0.0,0.0
2026,10,2,10,6,10:01,6.5,0.0,0.0,0.0,0.0
2026,10,2,10,8,10:01,6.5,0.0,0.0,0.0,0.0
2026,10,2,10,9,10:01,6.5,0.0,0.0,0.0,0.0
2026,10,2,10,11,10:10,6.5,0.0,0.0,0.0,0.0
2026,10,2,10,13,10:10,6.5,0.0,0.0,0.0,0.0
2026,10,2,10,14,10:10,6.5,0.0,0.0,0.0,0.0
2026,10,2,10,16,10:10,6.5,0.0,0.0,0.0,0.0
2026,10,2,10,18,10:10,6.5,0.0,0.0,0.0,0.0
2026,10,2,10,19,10:18,6.5,0.0,0.0,0.0,0.0
2026,10,2,10,21,10:18,6.5,0.0,0.0,0.0,0.0
2026,10,2,10,23,10:18,6.5,0.0,0.0,0.0,0.0
2026,10,2,10,24,10:18,6.5,0.0,0.0,0.0,0.0
2026,10,2,10,26,10:18,6.5,0.0,0.0,0.0,0.0
2026,10,2,10,28,10:28,6.5,0.0,0.0,0.0,0.0
2026,10,2,10,29,10:28,6.5,0.0,0.0,0.0,0.0
2026,10,2,10,32,10:28,6.5,0.0,0.0,0.0,0.0
2026,10,2,10,33,10:28,6.5,0.0,0.0,0.0,0.0
2026,10,2,10,34,10:28,6.5,0.0,0.0,0.0,0.0
2026,10,2,10,36,10:35,327.8,0.0,0.0,0.0,0.0
2026,10,2,10,38,10:38,256.9,0.0,0.0,0.0,0.0
2026,10,2,10,39,10:38,256.9,0.0,0.0,0.0,0.0
2026,10,2,10,41,10:40,256.8,0.0,0.0,0.0,0.0
2026,10,2,10,43,10:42,256.8,0.0,0.0,0.0,0.0
2026,10,2,10,44,10:42,256.8,0.0,0.0,0.0,0.0
2026,10,2,10,46,10:44,256.9,0.0,0.0,0.0,0.0
2026,10,2,10,48,10:47,256.8,0.0,0.0,0.0,0.0
2026,10,2,10,49,10:48,256.8,0.0,0.0,0.0,0.0
2026,10,2,10,52,10:50,256.9,0.0,0.0,0.0,0.0
2026,10,2,10,53,10:52,256.8,0.0,0.0,0.0,0.0
2026,10,2,10,54,10:54,256.8,0.0,0.0,0.0,0.0
2026,10,2,10,56,10:56,256.8,0.0,0.0,0.0,0.0
2026,10,2,10,58,10:57,241.9,0.0,0.0,0.0,0.0
2026,10,2,10,59,10:58,211.5,0.0,0.0,0.0,0.0
2026,10,2,11,2,11:00,187.9,0.6,0.9,1.3,0.0
2026,10,2,11,3,11:02,208.3,0.6,0.8,1.2,0.0
2026,10,2,11,4,11:04,174.7,0.0,0.5,1.3,0.0
2026,10,2,11,6,11:05,177.1,1.1,1.8,2.1,0.0
2026,10,2,11,8,11:07,175.6,1.6,1.8,1.9,0.0
2026,10,2,11,9,11:08,182.8,1.8,2.0,2.2,0.0
2026,10,2,11,11,11:10,183.6,1.5,1.7,1.9,0.0
2026,10,2,11,13,11:13,182.0,1.1,1.4,1.9,0.0
2026,10,2,11,14,11:13,184.6,1.2,1.5,1.8,0.0
2026,10,2,11,16,11:15,184.6,0.9,1.0,1.1,0.0
2026,10,2,11,18,11:17,184.6,1.0,1.6,2.2,0.0
2026,10,2,11,19,11:18,210.6,1.8,2.2,2.4,0.0
2026,10,2,11,22,11:21,217.1,2.8,3.2,3.7,0.0
2026,10,2,11,23,11:22,214.8,2.2,2.6,2.9,0.0
2026,10,2,11,24,11:23,211.3,2.2,2.6,3.0,0.0
2026,10,2,11,26,11:25,208.0,1.6,1.9,2.3,0.0
2026,10,2,11,28,11:27,222.7,1.0,1.4,1.8,0.0
2026,10,2,11,29,11:28,222.7,1.2,1.5,1.7,0.0
2026,10,2,11,31,11:30,222.7,1.2,1.3,1.6,0.0
2026,10,2,11,33,11:32,222.7,0.7,1.1,1.4,0.0
2026,10,2,11,34,11:34,222.7,0.7,0.9,1.2,0.0
2026,10,2,11,36,11:35,222.7,1.4,1.5,1.7,0.0
2026,10,2,11,38,11:37,209.0,1.7,2.1,2.3,0.0
2026,10,2,11,41,11:40,216.1,0.9,1.0,1.2,0.0
2026,10,2,11,43,11:42,216.1,1.3,1.5,1.6,0.0
2026,10,2,11,44,11:43,203.6,1.3,1.9,2.3,0.0
2026,10,2,11,46,11:45,205.0,3.2,3.8,4.4,0.0
2026,10,2,11,48,11:47,205.6,2.5,3.0,3.4,0.0
2026,10,2,11,49,11:48,208.8,2.7,3.0,3.3,0.0
2026,10,2,11,52,11:50,216.0,2.1,2.6,3.0,0.0
2026,10,2,11,53,11:52,210.6,2.3,2.8,3.1,0.0
2026,10,2,11,54,11:53,199.9,2.9,3.3,3.9,0.0
2026,10,2,11,56,11:55,207.5,2.6,3.0,3.4,0.0
2026,10,2,11,58,11:57,209.8,2.4,2.7,2.9,0.0
2026,10,2,11,59,11:58,214.2,2.5,2.9,3.3,0.0
2026,10,2,12,1,12:00,206.5,2.9,3.7,4.7,0.0
2026,10,2,12,3,12:02,222.8,1.5,1.8,2.0,0.0
2026,10,2,12,4,12:03,214.0,1.7,1.9,2.1,0.0
2026,10,2,12,7,12:05,167.0,2.7,2.9,3.2,0.0
2026,10,2,12,8,12:07,164.8,2.1,2.4,2.7,0.0
2026,10,2,12,9,12:08,176.1,2.0,2.3,2.9,0.0
2026,10,2,12,11,12:10,172.0,2.8,3.1,3.3,0.0
2026,10,2,12,13,12:12,176.2,2.3,2.6,2.8,0.0
2026,10,2,12,14,12:13,175.3,1.9,2.3,2.6,0.0
2026,10,2,12,17,12:15,178.6,1.3,1.5,1.7,0.0
2026,10,2,12,18,12:17,178.6,1.4,1.7,2.0,0.0
2026,10,2,12,19,12:18,185.7,1.8,1.9,2.2,0.0
2026,10,2,12,21,12:20,180.9,2.1,2.4,2.6,0.0
2026,10,2,12,23,12:22,183.5,2.4,2.8,3.2,0.0
2026,10,2,12,24,12:23,184.9,2.0,2.2,2.4,0.0
2026,10,2,12,26,12:25,197.5,1.4,1.9,2.4,0.0
2026,10,2,12,28,12:27,212.1,2.5,3.1,3.6,0.0
2026,10,2,12,29,12:28,209.1,2.7,3.1,3.6,0.0
2026,10,2,12,32,12:32,207.2,2.1,2.5,2.8,0.0
2026,10,2,12,33,12:32,204.0,2.3,2.7,3.3,0.0
2026,10,2,12,34,12:33,204.7,2.3,2.5,3.0,0.0
2026,10,2,12,36,12:35,203.0,1.6,2.0,2.3,0.0
2026,10,2,12,38,12:37,198.0,2.4,2.9,3.6,0.0
2026,10,2,12,39,12:38,202.2,2.1,2.3,2.6,0.0
2026,10,2,12,41,12:40,196.8,2.2,2.5,2.7,0.0
2026,10,2,12,43,12:42,195.4,1.9,2.1,2.2,0.0
2026,10,2,12,44,12:43,196.5,2.1,2.2,2.3,0.0
2026,10,2,12,47,12:45,190.8,1.6,2.0,2.4,0.0
2026,10,2,12,48,12:47,188.1,1.5,1.8,2.1,0.0
2026,10,2,12,49,12:48,188.1,1.4,1.6,1.8,0.0
2026,10,2,12,51,12:50,188.1,1.0,1.1,1.1,0.0
2026,10,2,12,53,12:52,188.1,0.9,1.0,1.3,0.0
2026,10,2,12,54,12:53,188.1,1.3,1.4,1.5,0.0
2026,10,2,12,57,12:56,160.3,1.5,1.8,2.1,0.0
2026,10,2,12,58,12:57,158.4,1.7,2.0,2.2,0.0
2026,10,2,12,59,12:58,157.6,1.6,1.7,1.9,0.0
2026,10,2,13,2,13:00,157.6,1.4,1.6,1.9,0.0
2026,10,2,13,3,13:03,157.6,1.3,1.5,1.7,0.0
2026,10,2,13,4,13:03,157.6,1.2,1.4,1.7,0.0
2026,10,2,13,6,13:05,164.8,1.3,1.6,1.8,0.0
2026,10,2,13,8,13:07,164.8,0.9,1.1,1.4,0.0
2026,10,2,13,9,13:08,164.8,1.1,1.3,1.5,0.0
2026,10,2,13,12,13:11,164.8,0.9,1.2,1.5,0.0
2026,10,2,13,13,13:12,164.8,1.0,1.4,1.8,0.0
2026,10,2,13,14,13:13,164.8,1.4,1.7,1.8,0.0
2026,10,2,13,16,13:15,164.8,1.1,1.5,1.7,0.0
2026,10,2,13,18,13:17,164.8,1.1,1.6,1.8,0.0
2026,10,2,13,21,13:21,164.8,0.8,1.0,1.4,0.0
2026,10,2,13,23,13:22,160.2,0.5,0.8,1.0,0.0
2026,10,2,13,24,13:23,156.9,1.1,1.3,1.6,0.0
2026,10,2,13,26,13:25,148.7,0.9,1.0,1.2,0.0
2026,10,2,13,28,13:28,148.7,0.5,1.1,1.5,0.0
2026,10,2,13,29,13:28,148.7,0.7,0.8,0.9,0.0
2026,10,2,13,31,13:31,148.7,0.0,0.2,0.4,0.0
2026,10,2,13,33,13:32,148.8,0.0,0.1,0.3,0.0
2026,10,2,13,34,13:33,148.7,0.0,0.0,0.0,0.0
2026,10,2,13,37,13:36,148.8,0.4,0.4,0.7,0.0
2026,10,2,13,38,13:37,148.8,0.3,0.4,0.6,0.0
2026,10,2,13,39,13:39,148.8,0.0,0.4,0.6,0.0
2026,10,2,13,41,13:41,148.8,1.1,1.4,1.6,0.0
2026,10,2,13,43,13:42,161.2,1.5,1.8,2.3,0.0
2026,10,2,13,44,13:43,174.5,2.0,2.3,2.8,0.0
2026,10,2,13,46,13:46,175.5,2.1,2.3,2.4,0.0
2026,10,2,13,48,13:47,163.8,1.7,1.9,2.0,0.0
2026,10,2,13,49,13:49,174.5,1.8,2.1,2.2,0.0
2026,10,2,13,51,13:50,160.7,1.1,1.5,2.0,0.0
2026,10,2,13,53,13:52,160.7,1.2,1.4,1.6,0.0
2026,10,2,13,54,13:53,173.6,1.5,1.8,2.2,0.0
2026,10,2,13,57,13:55,176.2,1.7,1.9,2.2,0.0
2026,10,2,13,58,13:57,167.8,1.7,2.0,2.3,0.0
2026,10,2,13,59,13:58,167.8,1.7,1.9,2.2,0.0
2026,10,2,14,2,14:01,167.3,1.9,2.4,2.7,0.0
2026,10,2,14,3,14:02,168.0,1.9,2.1,2.4,0.0
2026,10,2,14,4,14:03,168.0,1.4,1.7,1.9,0.0
2026,10,2,14,6,14:06,168.1,1.8,2.0,2.2,0.0
2026,10,2,14,8,14:08,162.4,1.6,2.0,2.2,0.0
2026,10,2,14,9,14:09,166.9,1.7,2.1,2.3,0.0
2026,10,2,14,12,14:11,158.0,1.3,1.5,1.8,0.0
2026,10,2,14,13,14:13,158.0,1.5,1.9,2.3,0.0
2026,10,2,14,14,14:13,158.0,1.5,1.7,1.9,0.0
2026,10,2,14,17,14:16,173.4,2.1,2.3,2.5,0.0
2026,10,2,14,18,14:17,168.0,1.8,2.1,2.4,0.0
2026,10,2,14,19,14:18,163.7,1.9,2.1,2.3,0.0
2026,10,2,14,21,14:20,161.1,1.7,2.0,2.2,0.0
2026,10,2,14,23,14:22,163.6,1.9,2.2,2.4,0.0
2026,10,2,14,24,14:24,159.2,1.6,2.0,2.4,0.0
2026,10,2,14,27,14:26,156.7,1.0,1.3,1.7,0.0
2026,10,2,14,28,14:28,157.8,1.6,2.0,2.3,0.0
2026,10,2,14,29,14:29,156.4,1.5,1.9,2.4,0.0
2026,10,2,14,31,14:30,167.1,1.3,1.8,2.0,0.0
2026,10,2,14,33,14:33,153.7,1.2,1.4,1.6,0.0
2026,10,2,14,34,14:34,164.8,1.3,1.9,2.6,0.0
2026,10,2,14,36,14:35,161.5,1.0,1.4,1.7,0.0
2026,10,2,14,38,14:38,146.0,0.3,1.1,2.0,0.0
2026,10,2,14,39,14:38,169.4,1.4,2.0,2.5,0.0
2026,10,2,14,41,14:40,161.8,1.8,2.4,2.9,0.0
2026,10,2,14,43,14:42,163.2,2.1,2.3,2.7,0.0
2026,10,2,14,44,14:43,172.0,2.2,2.6,2.8,0.0
2026,10,2,14,46,14:46,160.5,1.3,2.4,2.8,0.0
2026,10,2,14,48,14:48,164.2,1.7,2.5,3.2,0.0
2026,10,2,14,49,14:48,163.6,2.7,3.0,3.4,0.0
2026,10,2,14,51,14:50,158.5,2.0,2.4,2.9,0.0
2026,10,2,14,53,14:52,163.9,2.4,2.9,3.4,0.0
2026,10,2,14,54,14:53,158.6,2.0,2.6,3.2,0.0
2026,10,2,14,56,14:55,159.9,2.1,2.6,3.0,0.0
2026,10,2,14,58,14:57,163.4,1.8,2.6,3.3,0.0
2026,10,2,14,59,14:58,165.6,2.6,2.8,3.2,0.0
2026,10,2,15,1,15:00,163.0,2.3,2.6,2.9,0.0
2026,10,2,15,3,15:02,162.0,1.6,2.2,2.7,0.0
2026,10,2,15,4,15:03,159.0,1.5,1.8,2.2,0.0
2026,10,2,15,6,15:05,162.4,1.4,2.3,3.2,0.0
2026,10,2,15,8,15:08,162.0,2.4,3.0,3.3,0.0
2026,10,2,15,9,15:09,160.1,2.2,2.9,3.4,0.0
2026,10,2,15,11,15:10,164.2,2.6,3.2,3.9,0.0
2026,10,2,15,13,15:12,162.1,2.4,3.4,3.9,0.0
2026,10,2,15,14,15:13,162.6,3.1,3.7,4.0,0.0
2026,10,2,15,17,15:15,162.8,3.4,3.7,4.0,0.0
2026,10,2,15,18,15:17,165.4,3.0,3.6,3.9,0.0
2026,10,2,15,21,15:21,157.9,2.5,3.4,3.8,0.0
2026,10,2,15,23,15:22,165.7,2.3,3.5,3.9,0.0
2026,10,2,15,24,15:24,162.5,3.0,3.6,4.2,0.0
2026,10,2,15,26,15:25,162.6,2.2,3.1,3.8,0.0
2026,10,2,15,28,15:27,157.2,2.9,3.4,3.8,0.0
2026,10,2,15,29,15:29,165.5,3.0,3.4,3.8,0.0
2026,10,2,15,31,15:30,162.8,3.2,3.7,3.9,0.0
2026,10,2,15,33,15:33,156.9,2.7,3.4,4.0,0.0
2026,10,2,15,34,15:33,155.7,2.0,2.8,3.5,0.0
2026,10,2,15,36,15:35,155.0,2.5,3.3,3.9,0.0
2026,10,2,15,38,15:37,168.0,3.0,3.4,3.9,0.0
2026,10,2,15,39,15:38,168.2,2.6,3.1,3.7,0.0
2026,10,2,15,42,15:41,165.9,2.4,3.0,3.4,0.0
2026,10,2,15,43,15:42,170.0,2.8,3.3,3.7,0.0
2026,10,2,15,44,15:43,171.9,2.2,2.6,3.1,0.0
2026,10,2,15,47,15:46,158.4,2.8,3.3,3.7,0.0
2026,10,2,15,48,15:47,157.4,2.7,3.3,3.6,0.0
2026,10,2,15,49,15:48,153.9,1.8,2.6,3.0,0.0
2026,10,2,15,52,15:50,165.6,3.7,3.9,4.3,0.0
2026,10,2,15,53,15:52,161.1,2.2,3.2,4.1,0.0
2026,10,2,15,54,15:53,169.5,3.4,3.8,4.2,0.0
2026,10,2,15,57,15:56,166.4,3.4,3.9,4.1,0.0
2026,10,2,15,58,15:57,161.2,2.7,3.5,4.1,0.0
2026,10,2,15,59,15:58,160.3,3.1,4.0,4.5,0.0
2026,10,2,16,1,16:00,162.7,2.6,3.3,4.1,0.0
2026,10,2,16,3,16:02,156.3,2.3,3.3,4.2,0.0
2026,10,2,16,4,16:03,163.8,2.5,3.2,3.7,0.0
2026,10,2,16,6,16:05,164.1,2.6,3.3,4.0,0.0
2026,10,2,16,8,16:07,164.2,2.3,3.3,3.7,0.0
2026,10,2,16,9,16:08,161.7,2.7,3.5,4.4,0.0
2026,10,2,16,11,16:10,162.4,3.3,3.8,4.3,0.0
2026,10,2,16,13,16:13,165.7,2.5,3.6,4.3,0.0
2026,10,2,16,14,16:14,168.8,3.4,3.7,4.1,0.0
2026,10,2,16,17,16:16,168.8,2.8,3.8,4.5,0.0
2026,10,2,16,18,16:17,171.2,3.9,4.2,4.5,0.0
2026,10,2,16,19,16:18,171.5,3.6,4.0,4.3,0.0
2026,10,2,16,21,16:21,168.6,3.5,3.9,4.3,0.0
2026,10,2,16,23,16:22,165.6,2.6,3.6,4.1,0.0
2026,10,2,16,24,16:23,173.3,3.6,3.9,4.3,0.0
2026,10,2,16,27,16:26,163.3,3.0,3.6,4.0,0.0
2026,10,2,16,28,16:27,168.4,3.0,3.4,3.7,0.0
2026,10,2,16,31,16:31,163.0,2.5,2.9,3.3,0.0
2026,10,2,16,33,16:33,162.8,2.5,3.3,3.6,0.0
2026,10,2,16,34,16:33,166.7,2.6,3.1,3.6,0.0
2026,10,2,16,36,16:35,154.0,1.9,2.6,3.1,0.0
2026,10,2,16,38,16:38,162.5,2.2,3.1,3.7,0.0
2026,10,2,16,41,16:40,159.4,2.2,2.8,3.3,0.0
2026,10,2,16,43,16:42,161.0,2.3,3.0,3.4,0.0
2026,10,2,16,44,16:43,160.2,2.5,3.1,3.7,0.0
2026,10,2,16,46,16:46,159.0,1.7,2.8,3.3,0.0
2026,10,2,16,48,16:47,159.9,2.1,3.0,4.1,0.0
2026,10,2,16,51,16:50,169.5,2.5,3.8,4.6,0.0
2026,10,2,16,53,16:52,160.8,2.5,3.9,4.4,0.0
2026,10,2,16,54,16:53,164.5,3.3,4.0,4.6,0.0
2026,10,2,16,57,16:55,165.7,2.9,4.0,4.6,0.0
2026,10,2,16,58,16:57,157.7,2.6,3.6,4.5,0.0
2026,10,2,16,59,16:58,162.5,3.0,3.7,4.4,0.0
2026,10,2,17,2,17:01,171.9,3.2,3.7,4.3,0.0
2026,10,2,17,3,17:03,164.6,3.2,3.9,4.4,0.0
2026,10,2,17,4,17:04,163.8,3.5,3.8,4.2,0.0
2026,10,2,17,7,17:06,174.9,3.5,4.0,4.4,0.0
2026,10,2,17,8,17:07,173.7,3.3,3.9,4.3,0.0
2026,10,2,17,9,17:08,174.3,3.4,3.8,4.0,0.0
2026,10,2,17,12,17:10,173.8,3.2,3.4,3.7,0.0
2026,10,2,17,13,17:13,170.3,3.2,3.7,4.3,0.0
2026,10,2,17,14,17:14,175.0,3.2,3.8,4.3,0.0
2026,10,2,17,16,17:15,178.8,3.0,3.5,3.8,0.0
2026,10,2,17,18,17:18,174.7,3.2,3.5,4.0,0.0
2026,10,2,17,19,17:19,178.8,3.2,3.7,4.2,0.0
2026,10,2,17,21,17:21,178.5,2.8,3.3,3.7,0.0
2026,10,2,17,23,17:23,177.7,3.7,4.1,4.5,0.0
2026,10,2,17,24,17:23,179.5,3.7,4.3,4.7,0.0
2026,10,2,17,27,17:25,178.8,3.6,4.2,4.6,0.0
2026,10,2,17,28,17:27,166.9,3.4,4.1,4.7,0.0
2026,10,2,17,31,17:30,172.2,3.3,3.8,4.2,0.0
2026,10,2,17,33,17:33,173.8,3.5,3.9,4.1,0.0
2026,10,2,17,34,17:34,175.2,3.9,4.2,4.5,0.0
2026,10,2,17,36,17:36,171.5,3.5,3.8,4.3,0.0
2026,10,2,17,38,17:37,169.2,3.3,3.8,4.2,0.0
2026,10,2,17,41,17:40,177.5,3.4,3.6,3.9,0.0
2026,10,2,17,43,17:42,168.3,3.4,3.7,4.1,0.0
2026,10,2,17,44,17:44,172.1,3.5,3.7,3.9,0.0
2026,10,2,17,46,17:45,166.7,3.0,3.6,4.2,0.0
2026,10,2,17,48,17:47,171.9,3.4,3.8,4.4,0.0
2026,10,2,17,49,17:48,169.8,3.4,3.9,4.4,0.0
2026,10,2,17,52,17:51,168.7,3.3,3.7,4.3,0.0
2026,10,2,17,53,17:53,164.0,2.9,3.4,4.3,0.0
2026,10,2,17,54,17:54,164.8,2.7,3.3,3.9,0.0
2026,10,2,17,56,17:55,169.8,2.6,3.2,3.5,0.0
2026,10,2,17,58,17:57,168.0,3.2,3.6,4.1,0.0
2026,10,2,17,59,17:59,164.6,2.7,3.4,3.9,0.0
2026,10,2,18,1,18:00,161.3,2.8,3.5,4.1,0.0
2026,10,2,18,3,18:03,168.9,3.2,3.9,4.6,0.0
2026,10,2,18,4,18:03,163.9,3.2,3.7,4.1,0.0
2026,10,2,18,7,18:07,166.3,2.9,3.4,4.1,0.0
2026,10,2,18,8,18:08,169.5,2.9,3.6,4.0,0.0
2026,10,2,18,9,18:09,167.9,3.1,3.5,4.0,0.0
2026,10,2,18,11,18:10,168.9,2.7,3.1,3.5,0.0
2026,10,2,18,13,18:12,169.4,2.7,3.4,3.6,0.0
2026,10,2,18,14,18:13,159.9,2.8,3.3,3.7,0.0
2026,10,2,18,16,18:15,163.0,2.6,3.2,3.5,0.0
2026,10,2,18,18,18:17,172.1,2.7,3.3,3.6,0.0
2026,10,2,18,19,18:19,173.6,3.2,3.6,3.8,0.0
2026,10,2,18,21,18:21,164.6,2.6,3.5,4.1,0.0
2026,10,2,18,23,18:23,157.2,2.4,3.4,4.1,0.0
2026,10,2,18,24,18:24,157.6,3.0,3.5,3.9,0.0
2026,10,2,18,27,18:26,158.8,2.7,3.8,4.6,0.0
2026,10,2,18,28,18:27,162.0,3.1,3.8,4.3,0.0
2026,10,2,18,29,18:28,157.2,2.4,3.4,3.9,0.0
2026,10,2,18,31,18:30,158.1,2.3,3.5,4.4,0.0
2026,10,2,18,33,18:32,161.8,2.7,3.4,3.8,0.0
2026,10,2,18,34,18:33,167.7,3.7,4.3,4.7,0.0
2026,10,2,18,36,18:35,163.1,3.3,4.0,4.4,0.0
2026,10,2,18,38,18:37,159.4,2.9,3.6,4.2,0.0
2026,10,2,18,39,18:39,166.5,2.9,3.5,4.0,0.0
2026,10,2,18,42,18:42,164.1,3.4,3.9,4.6,0.0
2026,10,2,18,43,18:43,168.5,3.5,4.3,4.7,0.0
2026,10,2,18,44,18:43,164.8,3.3,4.0,4.5,0.0
2026,10,2,18,46,18:46,161.7,2.7,4.1,4.6,0.0
2026,10,2,18,48,18:47,173.0,3.2,4.0,4.6,0.0
2026,10,2,18,49,18:48,175.3,3.8,4.2,4.6,0.0
2026,10,2,18,51,18:50,181.5,3.6,4.1,4.6,0.0
2026,10,2,18,53,18:52,170.7,3.8,4.1,4.7,0.0
2026,10,2,18,54,18:54,175.1,3.3,3.8,4.4,0.0
2026,10,2,18,57,18:57,175.8,3.3,3.8,4.3,0.0
2026,10,2,18,58,18:58,173.1,3.2,4.1,4.9,0.0
2026,10,2,18,59,18:59,178.0,3.9,4.4,4.8,0.0
2026,10,2,19,1,19:00,177.8,3.4,4.2,4.9,0.0
2026,10,2,19,3,19:02,177.9,3.6,4.4,4.8,0.0
2026,10,2,19,4,19:03,178.6,3.2,4.0,4.6,0.0
2026,10,2,19,6,19:05,181.0,4.1,4.5,4.9,0.0
2026,10,2,19,8,19:07,170.5,3.5,4.1,4.7,0.0
2026,10,2,19,9,19:08,172.4,3.6,4.2,4.5,0.0
2026,10,2,19,12,19:12,175.0,3.6,4.3,4.7,0.0
2026,10,2,19,13,19:13,174.8,3.2,3.7,4.4,0.0
2026,10,2,19,14,19:14,182.8,3.6,4.2,4.8,0.0
2026,10,2,19,17,19:16,189.0,3.9,4.5,5.2,0.0
2026,10,2,19,18,19:17,182.0,3.6,4.1,4.5,0.0
2026,10,2,19,21,19:21,179.9,3.4,4.0,4.5,0.0
2026,10,2,19,23,19:23,179.9,3.3,3.7,3.9,0.0
2026,10,2,19,24,19:24,181.9,3.2,3.6,4.2,0.0
2026,10,2,19,27,19:26,185.7,3.1,3.6,4.2,0.0
2026,10,2,19,28,19:27,181.0,2.9,3.1,3.5,0.0
2026,10,2,19,29,19:29,180.2,2.8,3.1,3.5,0.0
2026,10,2,19,32,19:31,181.2,3.8,4.3,4.8,0.0
2026,10,2,19,33,19:33,192.9,3.7,4.1,4.5,0.0
2026,10,2,19,34,19:33,194.3,3.0,3.4,3.9,0.0
2026,10,2,19,37,19:37,183.6,3.1,3.4,3.7,0.0
2026,10,2,19,38,19:38,181.9,2.9,3.3,3.7,0.0
2026,10,2,19,39,19:39,180.8,2.8,3.2,3.8,0.0
2026,10,2,19,42,19:41,188.9,1.6,2.1,2.7,0.0
2026,10,2,19,43,19:43,167.8,2.3,2.8,3.5,0.0
2026,10,2,19,44,19:43,159.8,2.0,2.6,3.0,0.0
2026,10,2,19,46,19:45,154.3,2.2,3.1,4.1,0.0
2026,10,2,19,48,19:47,164.2,2.6,3.1,3.9,0.0
2026,10,2,19,49,19:49,182.7,3.0,3.3,3.8,0.0
2026,10,2,19,51,19:51,174.1,2.9,3.3,3.7,0.0
2026,10,2,19,53,19:53,180.8,2.4,2.6,2.9,0.0
2026,10,2,19,54,19:54,184.0,1.8,2.2,2.6,0.0
2026,10,2,19,56,19:56,196.0,2.2,2.8,3.5,0.0
2026,10,2,19,58,19:58,189.9,2.8,3.2,3.6,0.0
2026,10,2,19,59,19:59,193.9,3.0,3.2,3.7,0.0
2026,10,2,20,2,20:01,187.5,2.3,3.1,3.8,0.0
2026,10,2,20,3,20:03,190.7,2.2,2.6,3.1,0.0
2026,10,2,20,4,20:03,203.6,1.7,2.2,3.0,0.0
2026,10,2,20,7,20:06,178.0,1.7,2.0,2.1,0.0
2026,10,2,20,8,20:07,174.0,2.1,2.3,2.7,0.0
2026,10,2,20,9,20:09,178.6,2.6,2.8,3.1,0.0
2026,10,2,20,12,20:12,182.8,2.1,2.4,2.9,0.0
2026,10,2,20,13,20:13,198.1,2.6,2.9,3.3,0.0
2026,10,2,20,14,20:14,196.1,2.3,2.6,2.8,0.0
2026,10,2,20,16,20:16,170.6,2.7,3.2,3.6,0.0
2026,10,2,20,18,20:17,182.6,2.7,3.4,4.2,0.0
2026,10,2,20,19,20:18,182.1,2.5,2.7,3.1,0.0
2026,10,2,20,21,20:20,157.0,2.0,2.7,3.2,0.0
2026,10,2,20,23,20:22,188.1,1.4,2.0,2.7,0.0
2026,10,2,20,24,20:24,180.9,1.7,2.0,2.2,0.0
2026,10,2,20,26,20:26,161.4,1.5,1.8,2.0,0.0
2026,10,2,20,28,20:28,182.8,1.8,2.8,3.8,0.0
2026,10,2,20,29,20:29,193.9,2.7,3.2,3.5,0.0
2026,10,2,20,31,20:31,167.9,2.5,2.7,3.1,0.0
2026,10,2,20,33,20:32,191.7,1.5,1.7,2.0,0.0
2026,10,2,20,34,20:33,179.2,1.4,1.7,1.9,0.0
2026,10,2,20,36,20:36,179.5,1.6,2.0,2.2,0.0
2026,10,2,20,38,20:37,181.6,2.3,2.7,3.1,0.0
2026,10,2,20,39,20:38,168.8,2.2,2.4,2.7,0.0
2026,10,2,20,42,20:42,184.1,2.5,2.9,3.4,0.0
2026,10,2,20,43,20:43,195.1,2.9,3.6,4.2,0.0
2026,10,2,20,44,20:44,201.4,2.7,3.2,4.0,0.0
2026,10,2,20,47,20:47,211.0,2.1,2.5,3.0,0.0
2026,10,2,20,48,20:48,210.3,1.9,2.2,2.5,0.0
2026,10,2,20,49,20:49,209.7,2.0,2.5,3.0,0.0
2026,10,2,20,51,20:51,194.1,2.9,3.5,4.2,0.0
2026,10,2,20,53,20:52,191.8,3.0,3.5,3.9,0.0
2026,10,2,20,54,20:53,188.5,3.2,3.8,4.2,0.0
2026,10,2,20,57,20:56,180.6,3.0,3.6,4.5,0.0
2026,10,2,20,58,20:58,186.9,3.4,3.7,4.1,0.0
2026,10,2,20,59,20:59,185.5,2.8,3.2,3.7,0.0
2026,10,2,21,1,21:01,178.3,2.1,2.4,2.7,0.0
2026,10,2,21,3,21:03,186.9,2.1,2.3,2.6,0.0
2026,10,2,21,4,21:04,198.4,2.1,2.5,3.1,0.0
2026,10,2,21,6,21:06,199.1,1.9,2.1,2.2,0.0
2026,10,2,21,8,21:07,193.3,2.5,2.6,2.8,0.0
2026,10,2,21,9,21:08,178.1,2.9,3.1,3.3,0.0
2026,10,2,21,11,21:10,156.8,2.0,2.6,3.0,0.0
2026,10,2,21,13,21:12,146.9,1.0,1.6,2.1,0.0
2026,10,2,21,14,21:14,160.2,0.6,1.7,2.4,0.0
2026,10,2,21,16,21:16,158.0,1.3,1.9,2.3,0.0
2026,10,2,21,18,21:18,149.9,1.8,2.5,3.0,0.0
2026,10,2,21,19,21:19,161.0,1.6,2.2,3.1,0.0
2026,10,2,21,22,21:21,157.7,1.4,1.9,2.6,0.0
2026,10,2,21,23,21:23,167.5,1.2,1.1,2.5,0.0
2026,10,2,21,24,21:23,168.2,1.2,1.5,2.0,0.0
2026,10,2,21,26,21:25,165.0,1.4,2.0,2.8,0.0
2026,10,2,21,28,21:28,184.9,2.5,2.9,3.2,0.0
2026,10,2,21,29,21:29,189.3,2.1,2.8,3.4,0.0
2026,10,2,21,31,21:31,192.0,3.1,3.4,3.8,0.0
2026,10,2,21,33,21:33,200.2,2.5,2.8,3.0,0.0
2026,10,2,21,34,21:34,204.3,2.1,2.5,2.8,0.0
2026,10,2,21,37,21:37,164.8,2.1,2.7,3.3,0.0
2026,10,2,21,38,21:38,160.3,2.2,2.8,3.4,0.0
2026,10,2,21,39,21:39,154.5,1.9,2.7,3.2,0.0
2026,10,2,21,41,21:40,155.1,2.1,2.7,3.4,0.0
2026,10,2,21,43,21:42,159.6,1.2,1.6,2.0,0.0
2026,10,2,21,44,21:43,161.1,0.9,1.6,2.5,0.0
2026,10,2,21,47,21:46,154.6,0.0,0.6,0.9,0.0
2026,10,2,21,48,21:48,158.3,0.9,2.0,3.3,0.0
2026,10,2,21,49,21:49,153.2,2.5,3.0,3.5,0.0
2026,10,2,21,51,21:51,160.6,2.8,3.2,3.8,0.0
2026,10,2,21,53,21:53,185.9,3.3,3.6,4.1,0.0
2026,10,2,21,54,21:54,191.4,2.5,3.0,3.6,0.0
2026,10,2,21,56,21:55,200.8,1.8,2.0,2.3,0.0
2026,10,2,21,58,21:58,207.3,1.8,2.1,2.3,0.0
2026,10,2,21,59,21:58,204.4,1.7,1.9,2.2,0.0
2026,10,2,22,2,22:02,173.0,2.8,3.2,3.5,0.0
2026,10,2,22,3,22:03,170.0,2.5,3.0,3.4,0.0
2026,10,2,22,4,22:04,170.5,2.6,3.0,3.3,0.0
2026,10,2,22,6,22:06,156.1,1.5,2.0,2.5,0.0
2026,10,2,22,8,22:08,153.6,0.4,0.9,1.4,0.0
2026,10,2,22,9,22:09,149.5,0.7,1.1,1.6,0.0
2026,10,2,22,11,22:11,147.5,0.0,0.5,0.8,0.0
2026,10,2,22,13,22:12,154.0,1.1,1.7,2.5,0.0
2026,10,2,22,14,22:13,159.5,1.5,1.9,2.3,0.0
2026,10,2,22,16,22:16,155.5,1.6,1.9,2.3,0.0
2026,10,2,22,18,22:17,154.7,0.8,0.8,1.9,0.0
2026,10,2,22,19,22:19,154.7,0.0,0.7,1.3,0.0
2026,10,2,22,21,22:21,154.8,0.0,0.8,1.1,0.0
2026,10,2,22,23,22:23,154.6,0.0,0.3,1.4,0.0
2026,10,2,22,24,22:24,154.7,0.0,0.4,1.5,0.0
2026,10,2,22,26,22:26,153.0,0.8,1.4,2.4,0.0
2026,10,2,22,28,22:28,158.5,0.6,1.3,1.9,0.0
2026,10,2,22,32,22:30,146.9,1.0,1.6,2.0,0.0
2026,10,2,22,33,22:32,152.8,1.4,2.0,2.8,0.0
2026,10,2,22,34,22:34,151.7,1.0,1.8,2.4,0.0
2026,10,2,22,36,22:36,178.8,2.9,3.4,3.7,0.0
2026,10,2,22,38,22:38,186.6,2.1,2.8,3.4,0.0
2026,10,2,22,41,22:41,167.3,2.0,2.3,2.5,0.0
2026,10,2,22,43,22:43,151.2,1.1,1.9,2.4,0.0
2026,10,2,22,44,22:44,150.9,0.0,1.3,2.4,0.0
2026,10,2,22,47,22:47,156.7,0.7,1.4,2.0,0.0
2026,10,2,22,48,22:48,157.1,0.7,1.3,1.8,0.0
2026,10,2,22,49,22:49,157.1,0.0,0.1,0.3,0.0
2026,10,2,22,51,22:51,157.1,1.5,1.8,2.2,0.0
2026,10,2,22,53,22:53,158.9,0.9,1.4,2.2,0.0
2026,10,2,22,54,22:54,158.0,1.5,2.1,2.8,0.0
2026,10,2,22,57,22:55,152.1,1.0,1.5,2.0,0.0
2026,10,2,22,58,22:57,167.0,1.3,1.7,2.0,0.0
2026,10,2,22,59,22:58,164.6,1.1,1.2,1.6,0.0
2026,10,2,23,1,23:01,163.8,0.4,0.6,1.2,0.0
2026,10,2,23,3,23:03,163.8,0.6,0.8,1.1,0.0
2026,10,2,23,4,23:04,163.8,0.6,0.9,1.2,0.0
2026,10,2,23,7,23:07,163.8,0.0,0.0,0.0,0.0
2026,10,2,23,8,23:08,163.8,0.0,0.1,0.3,0.0
2026,10,2,23,9,23:09,163.8,0.0,0.3,0.9,0.0
2026,10,2,23,11,23:11,163.8,0.0,0.0,0.0,0.0
2026,10,2,23,13,23:12,163.8,0.0,0.0,0.0,0.0
2026,10,2,23,14,23:13,163.8,0.0,0.8,1.8,0.0
2026,10,2,23,16,23:15,163.8,0.6,0.9,1.7,0.0
2026,10,2,23,18,23:18,141.0,0.0,0.7,1.2,0.0
2026,10,2,23,19,23:19,146.8,0.0,0.6,1.3,0.0
2026,10,2,23,22,23:22,146.8,0.0,0.0,0.0,0.0
2026,10,2,23,23,23:22,146.8,0.0,0.0,0.0,0.0
2026,10,2,23,24,23:22,146.8,0.0,0.0,0.0,0.0
2026,10,2,23,26,23:22,146.8,0.0,0.0,0.0,0.0
2026,10,2,23,28,23:22,146.8,0.0,0.0,0.0,0.0
2026,10,2,23,29,23:28,146.7,0.0,0.0,0.0,0.0
2026,10,2,23,31,23:30,146.8,0.4,0.6,1.1,0.0
2026,10,2,23,33,23:32,151.3,0.0,1.2,1.9,0.0
2026,10,2,23,34,23:34,161.1,0.4,0.8,1.3,0.0
2026,10,2,23,36,23:36,160.9,0.0,0.7,2.0,0.0
2026,10,2,23,38,23:38,154.1,0.0,0.3,1.5,0.0
2026,10,2,23,39,23:39,155.4,0.0,1.0,2.2,0.0
2026,10,2,23,41,23:41,160.8,0.0,0.4,1.8,0.0
2026,10,2,23,43,23:43,160.8,0.0,0.3,1.7,0.0
2026,10,2,23,44,23:44,160.8,0.3,0.8,1.5,0.0
2026,10,2,23,46,23:45,157.3,0.0,0.2,0.3,0.0
2026,10,2,23,48,23:47,154.3,0.7,1.5,2.2,0.0
2026,10,2,23,49,23:49,156.8,0.7,1.5,2.2,0.0
2026,10,2,23,52,23:51,149.0,0.5,1.2,1.8,0.0
2026,10,2,23,53,23:53,160.8,0.3,0.6,1.3,0.0
2026,10,2,23,54,23:54,160.8,0.0,0.3,0.7,0.0
2026,10,2,23,57,23:57,160.8,0.4,1.0,2.0,0.0
2026,10,2,23,58,23:58,160.8,0.8,1.3,1.8,0.0
2026,10,2,23,59,23:59,160.8,1.5,1.9,2.7,0.0
