# Helsinki Laru (dlarah.org Lauttasaari) 2026-09-29 Suomen aikaa — lähteen Laru_2026-272.txt sellaisenaan
# vuosi kk pv kirjoitus-h kirjoitus-min hh:mm suunta min ka max lämpötila (asemalla ei mittaria)
2026,9,29,0,1,00:00,163.7,2.7,4.4,5.6,0.0
2026,9,29,0,3,00:02,153.3,1.3,4.2,6.2,0.0
2026,9,29,0,4,00:03,158.0,2.1,3.9,5.7,0.0
2026,9,29,0,7,00:06,159.4,4.2,5.1,6.3,0.0
2026,9,29,0,8,00:07,157.3,3.7,4.9,6.5,0.0
2026,9,29,0,9,00:08,163.5,2.4,4.0,6.0,0.0
2026,9,29,0,11,00:10,156.3,1.3,3.6,4.8,0.0
2026,9,29,0,13,00:12,156.5,2.2,4.4,6.0,0.0
2026,9,29,0,14,00:13,163.5,3.1,4.3,5.7,0.0
2026,9,29,0,16,00:16,154.0,3.0,5.0,6.8,0.0
2026,9,29,0,18,00:17,161.0,1.8,4.4,6.7,0.0
2026,9,29,0,19,00:18,159.7,1.9,4.6,6.2,0.0
2026,9,29,0,22,00:21,157.5,4.2,5.1,6.2,0.0
2026,9,29,0,23,00:22,154.0,3.8,5.0,6.3,0.0
2026,9,29,0,24,00:23,159.7,4.1,5.2,6.1,0.0
2026,9,29,0,27,00:26,161.3,3.6,5.0,6.2,0.0
2026,9,29,0,28,00:27,162.7,3.7,5.0,6.0,0.0
2026,9,29,0,29,00:28,158.2,4.5,5.4,6.3,0.0
2026,9,29,0,32,00:31,160.5,3.8,5.2,6.5,0.0
2026,9,29,0,33,00:32,155.5,3.4,5.4,6.8,0.0
2026,9,29,0,34,00:33,160.6,2.7,4.2,5.5,0.0
2026,9,29,0,36,00:35,156.6,3.4,4.9,6.2,0.0
2026,9,29,0,38,00:37,164.1,4.0,5.1,6.5,0.0
2026,9,29,0,39,00:38,151.6,4.1,5.6,6.7,0.0
2026,9,29,0,41,00:40,155.3,3.9,5.4,6.6,0.0
2026,9,29,0,43,00:42,156.9,4.7,5.7,7.2,0.0
2026,9,29,0,44,00:43,162.5,4.2,5.3,6.5,0.0
2026,9,29,0,47,00:46,157.6,3.1,4.6,5.6,0.0
2026,9,29,0,48,00:47,152.2,3.7,5.0,6.4,0.0
2026,9,29,0,49,00:48,161.5,3.9,5.0,6.3,0.0
2026,9,29,0,51,00:50,156.6,3.6,4.9,5.9,0.0
2026,9,29,0,53,00:52,161.7,3.4,4.7,6.0,0.0
2026,9,29,0,54,00:54,158.6,2.8,4.7,5.9,0.0
2026,9,29,0,56,00:55,155.5,3.0,4.8,6.1,0.0
2026,9,29,0,58,00:57,162.8,3.0,4.4,5.6,0.0
2026,9,29,0,59,00:58,161.2,3.1,4.8,5.7,0.0
2026,9,29,1,1,01:00,162.1,3.7,4.7,5.6,0.0
2026,9,29,1,3,01:02,163.1,3.4,4.5,5.3,0.0
2026,9,29,1,4,01:03,161.9,3.5,4.7,5.8,0.0
2026,9,29,1,6,01:06,163.9,4.2,4.6,5.3,0.0
2026,9,29,1,8,01:07,165.7,3.6,4.3,5.0,0.0
2026,9,29,1,9,01:08,171.4,4.2,5.0,5.8,0.0
2026,9,29,1,12,01:11,164.0,3.6,4.5,5.0,0.0
2026,9,29,1,13,01:12,158.8,3.8,4.6,5.5,0.0
2026,9,29,1,14,01:13,155.8,3.5,4.5,5.1,0.0
2026,9,29,1,16,01:15,165.2,3.9,4.9,6.2,0.0
2026,9,29,1,18,01:17,162.0,3.8,4.7,5.8,0.0
2026,9,29,1,19,01:18,167.7,4.3,5.2,5.8,0.0
2026,9,29,1,21,01:20,168.2,3.9,5.4,6.5,0.0
2026,9,29,1,23,01:22,165.2,4.6,5.7,6.7,0.0
2026,9,29,1,24,01:23,166.7,4.7,5.7,6.4,0.0
2026,9,29,1,26,01:26,169.7,5.3,6.0,7.1,0.0
2026,9,29,1,28,01:27,173.0,5.1,6.1,6.9,0.0
2026,9,29,1,29,01:29,168.3,5.4,6.0,6.8,0.0
2026,9,29,1,32,01:31,170.0,4.7,5.6,6.6,0.0
2026,9,29,1,33,01:32,170.0,5.1,5.9,6.8,0.0
2026,9,29,1,34,01:33,171.6,5.1,5.7,6.3,0.0
2026,9,29,1,36,01:35,169.5,5.2,5.9,6.5,0.0
2026,9,29,1,38,01:37,173.4,5.3,6.1,7.1,0.0
2026,9,29,1,39,01:38,168.9,4.6,5.9,7.2,0.0
2026,9,29,1,41,01:40,173.8,5.3,6.0,6.7,0.0
2026,9,29,1,43,01:42,172.6,4.9,5.9,6.7,0.0
2026,9,29,1,44,01:43,171.9,5.0,5.8,6.7,0.0
2026,9,29,1,47,01:46,172.5,5.1,5.9,6.7,0.0
2026,9,29,1,48,01:47,169.8,4.8,6.0,6.8,0.0
2026,9,29,1,49,01:48,168.3,4.7,5.9,6.8,0.0
2026,9,29,1,51,01:50,171.5,5.6,6.7,7.7,0.0
2026,9,29,1,53,01:52,171.1,5.6,6.2,7.0,0.0
2026,9,29,1,54,01:54,169.7,5.3,6.2,6.8,0.0
2026,9,29,1,57,01:56,171.6,4.9,6.0,6.7,0.0
2026,9,29,1,58,01:57,171.5,4.7,6.2,7.2,0.0
2026,9,29,1,59,01:58,170.4,5.5,6.0,6.8,0.0
2026,9,29,2,2,02:01,171.7,5.0,5.6,6.3,0.0
2026,9,29,2,3,02:02,174.2,4.8,5.8,6.7,0.0
2026,9,29,2,4,02:03,172.5,5.4,6.0,6.5,0.0
2026,9,29,2,6,02:05,168.2,4.8,5.7,6.2,0.0
2026,9,29,2,8,02:07,175.5,4.5,5.2,5.9,0.0
2026,9,29,2,9,02:08,172.6,5.1,5.8,6.8,0.0
2026,9,29,2,12,02:11,174.5,5.2,6.0,6.5,0.0
2026,9,29,2,13,02:12,168.6,4.8,5.5,6.1,0.0
2026,9,29,2,14,02:13,166.2,4.5,5.2,6.0,0.0
2026,9,29,2,16,02:15,171.7,4.6,5.7,6.9,0.0
2026,9,29,2,18,02:17,174.4,5.6,6.4,7.1,0.0
2026,9,29,2,19,02:18,170.4,5.4,6.3,7.3,0.0
2026,9,29,2,21,02:20,173.6,5.4,6.3,7.0,0.0
2026,9,29,2,23,02:22,170.9,4.7,6.0,6.9,0.0
2026,9,29,2,24,02:23,172.9,5.9,6.7,7.6,0.0
2026,9,29,2,26,02:25,170.4,5.4,6.7,7.5,0.0
2026,9,29,2,28,02:27,173.4,4.8,6.1,6.9,0.0
2026,9,29,2,29,02:28,175.8,4.6,5.8,6.7,0.0
2026,9,29,2,31,02:30,169.6,4.5,5.8,6.7,0.0
2026,9,29,2,33,02:32,174.3,5.2,6.3,7.7,0.0
2026,9,29,2,34,02:33,168.4,5.6,6.7,7.3,0.0
2026,9,29,2,36,02:35,172.6,5.2,5.9,6.7,0.0
2026,9,29,2,38,02:37,170.9,4.3,5.5,6.9,0.0
2026,9,29,2,39,02:39,169.0,4.4,5.7,6.5,0.0
2026,9,29,2,42,02:41,171.4,4.5,5.7,7.1,0.0
2026,9,29,2,43,02:42,171.6,5.3,6.7,7.6,0.0
2026,9,29,2,44,02:43,172.8,5.7,7.2,8.3,0.0
2026,9,29,2,46,02:45,169.4,4.7,6.3,7.4,0.0
2026,9,29,2,48,02:47,167.6,2.9,4.8,6.2,0.0
2026,9,29,2,49,02:49,168.9,4.2,6.7,7.9,0.0
2026,9,29,2,51,02:50,173.2,5.6,6.4,7.4,0.0
2026,9,29,2,53,02:52,166.8,4.6,5.6,6.8,0.0
2026,9,29,2,54,02:53,164.3,3.7,5.3,6.0,0.0
2026,9,29,2,56,02:56,163.0,3.8,5.8,6.7,0.0
2026,9,29,2,58,02:57,163.2,4.7,5.9,7.0,0.0
2026,9,29,2,59,02:58,167.6,5.3,6.1,7.1,0.0
2026,9,29,3,1,03:00,168.3,4.4,5.6,6.6,0.0
2026,9,29,3,3,03:02,168.1,4.9,6.2,7.3,0.0
2026,9,29,3,4,03:04,168.9,4.8,5.5,6.3,0.0
2026,9,29,3,7,03:06,170.1,4.8,5.9,6.7,0.0
2026,9,29,3,8,03:07,168.1,4.5,5.7,6.7,0.0
2026,9,29,3,9,03:08,167.7,5.2,5.8,6.9,0.0
2026,9,29,3,11,03:10,171.7,4.8,5.8,6.6,0.0
2026,9,29,3,13,03:12,168.3,4.6,5.7,6.3,0.0
2026,9,29,3,14,03:13,166.6,4.3,5.1,5.9,0.0
2026,9,29,3,16,03:15,166.2,4.8,5.7,6.5,0.0
2026,9,29,3,18,03:17,164.7,3.9,5.2,6.0,0.0
2026,9,29,3,19,03:18,159.3,4.7,5.7,6.4,0.0
2026,9,29,3,22,03:21,165.5,3.7,5.0,6.0,0.0
2026,9,29,3,23,03:22,160.6,3.9,4.9,5.9,0.0
2026,9,29,3,24,03:23,166.1,4.0,5.4,6.6,0.0
2026,9,29,3,26,03:25,169.1,4.4,5.4,6.4,0.0
2026,9,29,3,28,03:27,174.0,5.1,6.2,7.2,0.0
2026,9,29,3,29,03:28,170.3,5.3,6.3,7.5,0.0
2026,9,29,3,31,03:30,171.8,5.8,6.8,7.5,0.0
2026,9,29,3,33,03:32,173.4,5.6,6.5,7.4,0.0
2026,9,29,3,34,03:33,173.5,5.7,6.3,7.2,0.0
2026,9,29,3,36,03:35,172.0,4.8,6.3,7.3,0.0
2026,9,29,3,38,03:37,168.6,5.7,6.9,7.7,0.0
2026,9,29,3,39,03:38,173.0,5.3,6.1,7.1,0.0
2026,9,29,3,42,03:41,175.9,5.9,6.9,7.7,0.0
2026,9,29,3,43,03:42,171.8,5.4,6.0,6.8,0.0
2026,9,29,3,44,03:43,172.5,5.0,5.9,6.5,0.0
2026,9,29,3,46,03:45,169.7,5.2,5.9,6.8,0.0
2026,9,29,3,48,03:47,173.4,5.1,5.9,6.8,0.0
2026,9,29,3,49,03:48,173.4,5.1,5.7,6.4,0.0
2026,9,29,3,52,03:51,174.2,4.9,6.0,7.0,0.0
2026,9,29,3,53,03:52,179.2,5.4,6.5,7.6,0.0
2026,9,29,3,54,03:53,177.9,6.0,6.8,7.9,0.0
2026,9,29,3,56,03:55,175.5,5.4,6.0,6.7,0.0
2026,9,29,3,58,03:57,173.1,5.1,6.2,7.3,0.0
2026,9,29,3,59,03:58,174.0,5.7,6.6,7.6,0.0
2026,9,29,4,1,04:01,173.7,5.7,6.3,6.8,0.0
2026,9,29,4,3,04:02,178.2,5.5,6.3,7.3,0.0
2026,9,29,4,4,04:03,177.7,5.1,6.3,7.4,0.0
2026,9,29,4,6,04:05,174.2,6.1,6.8,7.4,0.0
2026,9,29,4,8,04:07,174.1,5.1,6.3,7.4,0.0
2026,9,29,4,9,04:08,175.4,5.2,6.3,7.1,0.0
2026,9,29,4,12,04:11,176.3,5.4,5.9,6.5,0.0
2026,9,29,4,13,04:12,175.7,4.9,5.6,6.2,0.0
2026,9,29,4,14,04:13,172.3,4.7,5.7,6.6,0.0
2026,9,29,4,17,04:16,175.8,4.9,5.7,6.5,0.0
2026,9,29,4,18,04:17,173.5,5.4,6.1,6.8,0.0
2026,9,29,4,19,04:18,177.2,5.0,5.8,6.4,0.0
2026,9,29,4,22,04:21,174.3,4.5,5.6,6.9,0.0
2026,9,29,4,23,04:22,175.2,5.2,6.1,6.8,0.0
2026,9,29,4,24,04:23,176.4,5.1,5.6,6.3,0.0
2026,9,29,4,27,04:26,174.0,4.1,5.1,6.0,0.0
2026,9,29,4,28,04:27,174.2,4.6,5.3,6.1,0.0
2026,9,29,4,29,04:29,177.3,5.1,5.7,6.5,0.0
2026,9,29,4,32,04:31,176.3,4.1,5.4,6.4,0.0
2026,9,29,4,33,04:32,172.0,4.2,4.9,5.8,0.0
2026,9,29,4,34,04:33,170.8,4.5,5.1,6.0,0.0
2026,9,29,4,36,04:35,172.8,4.7,5.4,6.0,0.0
2026,9,29,4,38,04:37,176.2,4.7,6.5,7.5,0.0
2026,9,29,4,39,04:38,184.2,5.2,6.1,7.0,0.0
2026,9,29,4,42,04:41,179.9,5.0,6.1,7.1,0.0
2026,9,29,4,43,04:42,177.5,5.3,6.1,6.8,0.0
2026,9,29,4,44,04:44,179.5,5.0,6.0,6.6,0.0
2026,9,29,4,47,04:46,171.5,5.0,5.8,6.2,0.0
2026,9,29,4,48,04:47,164.2,4.7,5.5,6.3,0.0
2026,9,29,4,49,04:48,172.2,4.2,5.4,7.1,0.0
2026,9,29,4,51,04:50,174.5,5.6,6.3,7.0,0.0
2026,9,29,4,53,04:52,175.2,5.6,6.8,7.7,0.0
2026,9,29,4,54,04:53,174.3,5.2,6.0,7.0,0.0
2026,9,29,4,57,04:56,173.0,5.4,6.3,7.4,0.0
2026,9,29,4,58,04:57,178.5,5.4,6.2,7.0,0.0
2026,9,29,4,59,04:58,176.0,5.9,6.8,7.7,0.0
2026,9,29,5,1,05:01,171.5,6.3,7.2,8.0,0.0
2026,9,29,5,3,05:02,175.5,5.2,6.5,8.1,0.0
2026,9,29,5,4,05:04,170.6,4.5,6.4,7.4,0.0
2026,9,29,5,7,05:06,168.2,5.5,6.2,6.9,0.0
2026,9,29,5,8,05:07,171.7,5.9,6.8,7.7,0.0
2026,9,29,5,9,05:09,170.1,5.2,6.1,7.0,0.0
2026,9,29,5,11,05:10,173.0,5.8,6.6,7.7,0.0
2026,9,29,5,13,05:12,171.9,5.2,6.1,7.1,0.0
2026,9,29,5,14,05:13,172.0,5.2,6.4,7.3,0.0
2026,9,29,5,16,05:15,164.0,5.4,6.2,7.3,0.0
2026,9,29,5,18,05:17,165.8,4.5,5.7,6.6,0.0
2026,9,29,5,19,05:18,161.9,4.0,5.2,6.1,0.0
2026,9,29,5,21,05:20,167.8,4.3,5.8,6.9,0.0
2026,9,29,5,23,05:22,172.9,5.1,5.9,7.0,0.0
2026,9,29,5,24,05:24,170.1,5.1,6.3,7.4,0.0
2026,9,29,5,27,05:26,168.9,4.7,5.7,6.9,0.0
2026,9,29,5,28,05:27,165.6,4.3,6.2,7.5,0.0
2026,9,29,5,29,05:28,169.3,3.7,6.0,7.4,0.0
2026,9,29,5,31,05:30,173.6,4.8,6.2,7.0,0.0
2026,9,29,5,33,05:32,173.1,5.1,5.9,6.7,0.0
2026,9,29,5,34,05:33,169.5,5.0,6.7,7.7,0.0
2026,9,29,5,36,05:35,171.6,5.2,6.0,6.7,0.0
2026,9,29,5,38,05:37,173.5,5.9,7.2,8.1,0.0
2026,9,29,5,39,05:38,171.7,5.4,6.3,7.1,0.0
2026,9,29,5,42,05:41,176.5,5.3,6.4,8.0,0.0
2026,9,29,5,43,05:42,170.2,5.6,6.6,7.5,0.0
2026,9,29,5,44,05:43,170.9,5.5,6.8,7.4,0.0
2026,9,29,5,47,05:46,176.9,5.8,6.5,7.8,0.0
2026,9,29,5,48,05:47,174.3,5.8,6.5,7.3,0.0
2026,9,29,5,49,05:48,168.2,5.5,6.3,7.2,0.0
2026,9,29,5,51,05:50,176.9,5.5,6.3,7.1,0.0
2026,9,29,5,53,05:52,174.4,5.6,6.6,7.8,0.0
2026,9,29,5,54,05:53,173.9,5.8,6.7,8.4,0.0
2026,9,29,5,57,05:56,172.8,5.6,6.6,7.3,0.0
2026,9,29,5,58,05:57,176.4,5.6,6.3,7.1,0.0
2026,9,29,5,59,05:58,175.1,5.0,6.1,7.1,0.0
2026,9,29,6,1,06:01,173.1,5.0,6.2,7.1,0.0
2026,9,29,6,3,06:02,175.9,4.8,5.7,6.5,0.0
2026,9,29,6,4,06:03,172.3,5.0,5.6,6.0,0.0
2026,9,29,6,7,06:06,173.9,5.2,6.1,7.2,0.0
2026,9,29,6,8,06:07,173.2,5.5,6.2,7.0,0.0
2026,9,29,6,9,06:08,167.2,4.9,5.8,6.8,0.0
2026,9,29,6,11,06:10,169.9,5.0,5.7,6.6,0.0
2026,9,29,6,13,06:12,160.5,3.6,5.1,6.2,0.0
2026,9,29,6,14,06:13,170.1,4.8,5.7,6.6,0.0
2026,9,29,6,16,06:15,166.1,4.1,5.4,6.4,0.0
2026,9,29,6,18,06:17,159.7,4.1,5.3,6.5,0.0
2026,9,29,6,19,06:18,161.6,3.6,5.6,6.7,0.0
2026,9,29,6,22,06:21,166.1,4.4,6.0,7.0,0.0
2026,9,29,6,23,06:22,166.2,4.6,5.5,6.5,0.0
2026,9,29,6,24,06:23,166.6,4.6,5.6,6.5,0.0
2026,9,29,6,27,06:26,166.9,4.7,5.4,6.0,0.0
2026,9,29,6,28,06:27,166.4,4.8,5.5,6.1,0.0
2026,9,29,6,29,06:28,170.4,4.4,5.0,5.7,0.0
2026,9,29,6,31,06:30,166.6,4.1,5.9,7.0,0.0
2026,9,29,6,33,06:32,170.5,4.9,5.6,6.5,0.0
2026,9,29,6,34,06:34,172.6,4.8,5.5,6.3,0.0
2026,9,29,6,36,06:35,170.5,5.5,6.1,7.0,0.0
2026,9,29,6,38,06:37,178.2,4.9,6.1,6.8,0.0
2026,9,29,6,39,06:38,175.0,4.9,5.7,7.5,0.0
2026,9,29,6,42,06:41,169.5,5.1,5.8,6.6,0.0
2026,9,29,6,43,06:42,166.3,4.7,5.7,6.8,0.0
2026,9,29,6,44,06:43,172.8,4.9,6.1,7.2,0.0
2026,9,29,6,46,06:45,170.6,4.1,5.3,6.1,0.0
2026,9,29,6,48,06:47,174.3,4.3,5.3,6.3,0.0
2026,9,29,6,49,06:48,173.2,4.6,4.9,5.5,0.0
2026,9,29,6,52,06:51,171.8,4.6,5.3,5.7,0.0
2026,9,29,6,53,06:52,169.2,4.6,5.7,6.4,0.0
2026,9,29,6,54,06:53,167.5,3.9,5.0,6.0,0.0
2026,9,29,6,56,06:55,172.0,4.6,5.7,6.8,0.0
2026,9,29,6,58,06:57,179.4,5.0,5.8,6.7,0.0
2026,9,29,6,59,06:59,172.2,5.5,6.3,7.1,0.0
2026,9,29,7,1,07:00,172.3,5.6,6.2,6.8,0.0
2026,9,29,7,3,07:02,170.1,4.8,5.8,6.3,0.0
2026,9,29,7,4,07:03,169.0,4.4,5.5,6.1,0.0
2026,9,29,7,6,07:05,171.8,5.2,5.8,6.4,0.0
2026,9,29,7,8,07:07,172.0,5.0,6.0,6.8,0.0
2026,9,29,7,9,07:09,172.8,5.0,6.0,7.0,0.0
2026,9,29,7,12,07:11,175.5,4.9,6.4,7.2,0.0
2026,9,29,7,13,07:12,172.5,5.2,6.1,6.9,0.0
2026,9,29,7,14,07:13,177.5,5.5,6.1,7.0,0.0
2026,9,29,7,17,07:16,174.4,5.6,6.4,7.1,0.0
2026,9,29,7,18,07:17,179.2,5.5,6.2,7.0,0.0
2026,9,29,7,19,07:18,176.0,5.2,6.5,7.4,0.0
2026,9,29,7,22,07:21,174.8,5.2,6.0,7.0,0.0
2026,9,29,7,23,07:22,175.0,5.2,6.2,6.9,0.0
2026,9,29,7,24,07:23,180.1,5.1,5.8,6.8,0.0
2026,9,29,7,27,07:26,172.9,4.8,5.8,6.8,0.0
2026,9,29,7,28,07:27,176.7,4.4,5.4,6.2,0.0
2026,9,29,7,29,07:28,171.1,4.8,5.4,5.8,0.0
2026,9,29,7,31,07:30,172.7,4.6,5.2,6.1,0.0
2026,9,29,7,33,07:32,179.2,4.2,5.1,5.8,0.0
2026,9,29,7,34,07:33,173.7,4.2,5.3,6.1,0.0
2026,9,29,7,36,07:35,178.6,4.8,5.4,6.2,0.0
2026,9,29,7,38,07:37,181.4,4.6,5.1,6.0,0.0
2026,9,29,7,39,07:38,179.8,4.4,5.2,6.1,0.0
2026,9,29,7,41,07:40,177.7,4.5,5.0,5.7,0.0
2026,9,29,7,43,07:42,177.4,4.6,5.3,6.1,0.0
2026,9,29,7,44,07:43,173.6,4.2,4.9,5.7,0.0
2026,9,29,7,46,07:46,169.4,4.3,5.1,6.1,0.0
2026,9,29,7,48,07:47,168.4,4.0,5.0,5.8,0.0
2026,9,29,7,49,07:48,171.0,4.2,5.0,5.4,0.0
2026,9,29,7,51,07:50,173.8,3.8,4.5,5.4,0.0
2026,9,29,7,53,07:52,173.5,4.4,5.2,6.1,0.0
2026,9,29,7,54,07:53,170.2,4.1,5.2,6.1,0.0
2026,9,29,7,56,07:55,169.1,3.1,4.5,5.4,0.0
2026,9,29,7,58,07:57,169.7,4.5,5.1,6.0,0.0
2026,9,29,7,59,07:58,168.9,3.9,5.1,6.6,0.0
2026,9,29,8,1,08:00,172.9,4.9,6.0,7.0,0.0
2026,9,29,8,3,08:02,180.6,5.1,5.9,6.7,0.0
2026,9,29,8,4,08:03,185.4,4.7,5.3,6.3,0.0
2026,9,29,8,6,08:06,178.7,4.3,4.8,5.4,0.0
2026,9,29,8,8,08:07,175.1,3.9,4.5,5.1,0.0
2026,9,29,8,9,08:08,178.5,4.4,5.0,5.7,0.0
2026,9,29,8,11,08:11,184.7,4.4,5.4,6.5,0.0
2026,9,29,8,13,08:12,182.4,5.0,5.6,6.3,0.0
2026,9,29,8,14,08:13,182.2,4.1,4.8,5.4,0.0
2026,9,29,8,16,08:15,181.0,3.6,4.3,4.8,0.0
2026,9,29,8,18,08:17,177.8,3.6,4.6,5.6,0.0
2026,9,29,8,19,08:18,182.6,4.5,4.9,5.4,0.0
2026,9,29,8,22,08:21,177.0,4.3,5.3,5.9,0.0
2026,9,29,8,23,08:22,175.1,4.1,5.0,5.7,0.0
2026,9,29,8,24,08:23,181.0,4.2,5.0,6.2,0.0
2026,9,29,8,26,08:25,179.7,3.6,4.5,5.6,0.0
2026,9,29,8,28,08:27,177.7,3.9,4.7,5.3,0.0
2026,9,29,8,29,08:28,179.3,3.9,4.8,5.8,0.0
2026,9,29,8,31,08:30,179.6,3.9,4.7,6.0,0.0
2026,9,29,8,33,08:32,184.1,4.0,4.6,5.1,0.0
2026,9,29,8,34,08:34,184.9,4.4,4.9,5.6,0.0
2026,9,29,8,37,08:36,185.9,4.5,5.0,5.7,0.0
2026,9,29,8,38,08:37,186.8,4.3,4.9,5.8,0.0
2026,9,29,8,39,08:39,190.2,3.9,5.1,6.1,0.0
2026,9,29,8,42,08:41,185.5,4.7,5.4,7.0,0.0
2026,9,29,8,43,08:42,193.5,5.0,6.0,7.1,0.0
2026,9,29,8,44,08:43,195.1,6.0,6.8,7.8,0.0
2026,9,29,8,46,08:45,190.5,4.7,6.1,7.7,0.0
2026,9,29,8,48,08:47,186.9,4.9,5.5,5.9,0.0
2026,9,29,8,49,08:48,185.7,4.6,5.3,5.9,0.0
2026,9,29,8,51,08:50,188.9,4.5,5.4,6.8,0.0
2026,9,29,8,53,08:52,201.0,5.0,5.6,6.4,0.0
2026,9,29,8,54,08:54,194.4,5.4,6.6,7.5,0.0
2026,9,29,8,56,08:55,192.4,5.5,6.3,6.9,0.0
2026,9,29,8,58,08:57,190.7,4.7,5.7,6.6,0.0
2026,9,29,8,59,08:58,186.9,4.5,5.5,6.0,0.0
2026,9,29,9,1,09:00,187.3,4.7,5.9,6.6,0.0
2026,9,29,9,3,09:02,187.2,4.3,5.3,6.3,0.0
2026,9,29,9,4,09:03,187.5,4.2,5.1,5.8,0.0
2026,9,29,9,7,09:06,197.2,5.1,5.8,6.3,0.0
2026,9,29,9,8,09:07,195.7,5.0,5.6,6.2,0.0
2026,9,29,9,9,09:08,199.1,4.0,5.1,5.8,0.0
2026,9,29,9,12,09:11,196.4,4.5,5.2,5.7,0.0
2026,9,29,9,13,09:12,191.4,4.9,5.8,6.8,0.0
2026,9,29,9,14,09:13,189.5,4.4,5.5,6.7,0.0
2026,9,29,9,16,09:15,195.2,4.8,5.6,6.2,0.0
2026,9,29,9,18,09:17,187.0,5.2,6.3,6.9,0.0
2026,9,29,9,19,09:18,189.4,5.2,5.8,6.3,0.0
2026,9,29,9,22,09:21,186.4,5.0,5.9,6.5,0.0
2026,9,29,9,23,09:22,191.8,5.1,5.7,6.3,0.0
2026,9,29,9,24,09:23,185.9,5.1,5.7,6.5,0.0
2026,9,29,9,27,09:26,185.9,5.2,5.8,6.3,0.0
2026,9,29,9,28,09:27,191.1,4.4,5.4,5.9,0.0
2026,9,29,9,29,09:28,191.7,4.5,5.3,6.1,0.0
2026,9,29,9,31,09:30,190.4,4.6,5.6,6.4,0.0
2026,9,29,9,33,09:32,191.3,3.7,4.7,5.6,0.0
2026,9,29,9,34,09:34,190.8,3.8,4.6,5.4,0.0
2026,9,29,9,37,09:36,188.0,4.1,5.0,5.6,0.0
2026,9,29,9,38,09:37,193.2,4.5,5.0,5.7,0.0
2026,9,29,9,39,09:38,186.1,4.3,5.0,5.7,0.0
2026,9,29,9,41,09:40,186.5,4.3,4.7,5.2,0.0
2026,9,29,9,43,09:42,187.1,3.7,4.4,5.1,0.0
2026,9,29,9,44,09:43,190.0,3.3,3.9,4.4,0.0
2026,9,29,9,46,09:46,178.1,3.2,3.7,4.3,0.0
2026,9,29,9,48,09:47,175.7,3.0,3.5,4.0,0.0
2026,9,29,9,49,09:48,173.4,2.9,3.4,3.8,0.0
2026,9,29,9,51,09:50,164.7,3.3,3.7,4.3,0.0
2026,9,29,9,53,09:52,178.1,3.3,3.9,4.4,0.0
2026,9,29,9,54,09:53,177.3,3.5,3.8,4.4,0.0
2026,9,29,9,56,09:55,176.3,2.8,3.4,4.0,0.0
2026,9,29,9,58,09:57,178.5,3.0,3.4,3.7,0.0
2026,9,29,9,59,09:58,174.8,2.9,3.4,3.8,0.0
2026,9,29,10,1,10:00,171.5,3.7,4.2,4.5,0.0
2026,9,29,10,3,10:02,176.0,3.8,4.3,4.8,0.0
2026,9,29,10,4,10:03,175.7,3.8,4.3,4.9,0.0
2026,9,29,10,6,10:05,184.7,3.8,4.3,4.8,0.0
2026,9,29,10,8,10:07,188.7,3.8,4.7,5.6,0.0
2026,9,29,10,9,10:08,196.1,3.5,4.3,4.8,0.0
2026,9,29,10,11,10:10,196.4,3.7,4.2,4.7,0.0
2026,9,29,10,13,10:12,194.3,3.7,4.7,5.7,0.0
2026,9,29,10,14,10:13,196.8,4.8,5.4,6.0,0.0
2026,9,29,10,16,10:15,195.4,4.9,5.6,6.5,0.0
2026,9,29,10,18,10:17,188.8,4.5,5.4,6.2,0.0
2026,9,29,10,19,10:18,190.2,4.4,4.9,5.6,0.0
2026,9,29,10,21,10:21,192.9,4.2,5.3,6.6,0.0
2026,9,29,10,23,10:22,191.8,5.1,5.8,6.4,0.0
2026,9,29,10,24,10:24,172.6,4.2,5.3,6.5,0.0
2026,9,29,10,27,10:26,199.0,5.1,5.6,6.5,0.0
2026,9,29,10,28,10:27,189.8,5.5,6.7,7.5,0.0
2026,9,29,10,29,10:28,188.3,5.4,6.2,6.8,0.0
2026,9,29,10,31,10:30,193.2,4.9,5.5,6.2,0.0
2026,9,29,10,33,10:32,191.8,4.3,5.4,6.2,0.0
2026,9,29,10,34,10:33,191.3,4.9,5.9,6.8,0.0
2026,9,29,10,36,10:35,193.8,4.4,5.3,6.6,0.0
2026,9,29,10,38,10:37,197.0,4.7,5.6,6.2,0.0
2026,9,29,10,39,10:38,194.7,4.6,5.2,5.9,0.0
2026,9,29,10,42,10:41,195.7,3.9,4.7,5.2,0.0
2026,9,29,10,43,10:42,194.2,3.9,4.7,5.4,0.0
2026,9,29,10,44,10:44,192.4,3.8,4.3,4.8,0.0
2026,9,29,10,47,10:46,191.0,3.7,4.2,4.5,0.0
2026,9,29,10,48,10:47,197.0,3.7,4.4,5.4,0.0
2026,9,29,10,49,10:48,195.5,3.9,4.5,5.1,0.0
2026,9,29,10,51,10:51,199.9,3.4,4.1,4.7,0.0
2026,9,29,10,53,10:52,198.7,3.2,3.8,4.4,0.0
2026,9,29,10,54,10:53,197.4,3.2,3.6,4.3,0.0
2026,9,29,10,56,10:55,205.0,3.6,3.8,4.2,0.0
2026,9,29,10,58,10:57,203.4,3.6,4.3,5.0,0.0
2026,9,29,10,59,10:58,204.1,3.8,4.4,4.9,0.0
2026,9,29,11,2,11:01,207.7,3.1,3.8,4.4,0.0
2026,9,29,11,3,11:02,201.8,3.5,4.0,4.7,0.0
2026,9,29,11,4,11:03,206.2,3.5,3.9,4.5,0.0
2026,9,29,11,7,11:06,207.1,3.2,3.6,4.1,0.0
2026,9,29,11,8,11:07,203.5,2.7,3.3,3.9,0.0
2026,9,29,11,9,11:08,206.5,2.7,3.2,3.6,0.0
2026,9,29,11,11,11:10,205.0,2.9,3.3,3.7,0.0
2026,9,29,11,13,11:12,204.9,2.8,3.3,3.8,0.0
2026,9,29,11,14,11:13,212.3,2.4,2.8,3.2,0.0
2026,9,29,11,16,11:15,218.8,2.9,3.6,4.3,0.0
2026,9,29,11,18,11:17,217.5,2.4,2.9,3.6,0.0
2026,9,29,11,19,11:18,221.3,2.8,3.3,3.8,0.0
2026,9,29,11,21,11:20,208.6,2.8,3.4,4.1,0.0
2026,9,29,11,23,11:22,213.4,3.4,4.4,5.4,0.0
2026,9,29,11,24,11:23,217.0,3.7,4.3,4.9,0.0
2026,9,29,11,26,11:26,213.0,3.9,4.5,5.1,0.0
2026,9,29,11,28,11:27,205.9,3.8,4.4,5.4,0.0
2026,9,29,11,29,11:28,211.2,3.8,4.3,5.3,0.0
2026,9,29,11,32,11:31,206.6,4.5,5.1,5.7,0.0
2026,9,29,11,33,11:32,205.3,4.3,5.0,5.9,0.0
2026,9,29,11,34,11:33,205.9,4.5,5.4,5.8,0.0
2026,9,29,11,36,11:35,203.1,4.3,5.0,5.7,0.0
2026,9,29,11,38,11:37,206.7,4.7,5.4,6.3,0.0
2026,9,29,11,39,11:38,205.7,4.9,5.5,6.2,0.0
2026,9,29,11,41,11:40,212.8,4.4,5.6,6.5,0.0
2026,9,29,11,43,11:42,207.2,3.9,4.3,5.0,0.0
2026,9,29,11,44,11:43,202.0,3.7,4.6,5.3,0.0
2026,9,29,11,46,11:45,203.3,3.7,4.4,5.0,0.0
2026,9,29,11,48,11:47,203.6,4.5,5.4,6.2,0.0
2026,9,29,11,49,11:48,199.8,4.4,4.9,5.3,0.0
2026,9,29,11,51,11:50,206.7,4.2,4.8,5.4,0.0
2026,9,29,11,53,11:52,200.7,3.5,4.2,4.9,0.0
2026,9,29,11,54,11:53,202.7,4.1,4.6,5.0,0.0
2026,9,29,11,57,11:56,202.6,4.0,4.8,5.4,0.0
2026,9,29,11,58,11:57,202.8,3.6,4.1,5.0,0.0
2026,9,29,11,59,11:58,196.8,3.6,4.6,5.3,0.0
2026,9,29,12,1,12:00,194.3,3.5,3.9,4.4,0.0
2026,9,29,12,3,12:02,195.2,4.1,4.6,4.9,0.0
2026,9,29,12,4,12:03,195.5,4.1,5.0,5.7,0.0
2026,9,29,12,7,12:06,195.2,3.9,4.5,4.9,0.0
2026,9,29,12,8,12:07,193.5,3.9,4.5,5.0,0.0
2026,9,29,12,9,12:08,195.0,3.7,4.2,4.7,0.0
2026,9,29,12,11,12:10,194.4,3.7,4.3,4.9,0.0
2026,9,29,12,13,12:12,194.4,3.9,4.3,4.9,0.0
2026,9,29,12,14,12:13,196.0,4.0,4.5,5.3,0.0
2026,9,29,12,16,12:16,192.3,4.7,5.4,6.1,0.0
2026,9,29,12,18,12:17,194.7,4.5,5.2,6.0,0.0
2026,9,29,12,19,12:18,191.0,4.5,5.2,5.8,0.0
2026,9,29,12,22,12:21,189.7,4.6,5.3,5.9,0.0
2026,9,29,12,23,12:22,192.7,4.8,5.2,5.8,0.0
2026,9,29,12,24,12:23,194.3,4.4,4.8,5.6,0.0
2026,9,29,12,26,12:25,195.9,4.3,4.9,5.7,0.0
2026,9,29,12,28,12:27,193.9,3.9,4.6,5.1,0.0
2026,9,29,12,29,12:28,192.8,4.0,4.6,5.2,0.0
2026,9,29,12,31,12:30,191.5,3.7,4.5,5.2,0.0
2026,9,29,12,33,12:32,191.6,4.0,4.5,4.8,0.0
2026,9,29,12,34,12:33,194.0,3.6,4.4,5.2,0.0
2026,9,29,12,37,12:36,192.0,4.2,4.9,5.4,0.0
2026,9,29,12,38,12:37,189.3,4.0,5.0,5.7,0.0
2026,9,29,12,39,12:38,194.0,4.2,4.9,5.6,0.0
2026,9,29,12,41,12:40,190.9,4.0,4.7,5.6,0.0
2026,9,29,12,43,12:42,197.1,3.6,4.3,5.0,0.0
2026,9,29,12,44,12:43,195.7,3.5,4.6,5.3,0.0
2026,9,29,12,47,12:46,193.8,4.2,4.7,5.4,0.0
2026,9,29,12,48,12:47,190.5,4.1,5.0,5.6,0.0
2026,9,29,12,49,12:48,192.5,4.2,4.7,5.2,0.0
2026,9,29,12,51,12:50,193.1,3.9,4.7,5.4,0.0
2026,9,29,12,53,12:52,191.9,3.6,4.4,5.3,0.0
2026,9,29,12,54,12:53,190.7,3.9,4.9,5.7,0.0
2026,9,29,12,56,12:55,193.1,4.3,4.9,5.7,0.0
2026,9,29,12,58,12:57,191.6,3.8,4.6,5.3,0.0
2026,9,29,12,59,12:58,190.0,4.1,4.7,5.3,0.0
2026,9,29,13,2,13:01,196.1,4.4,4.9,5.8,0.0
2026,9,29,13,3,13:02,199.5,4.3,5.0,5.8,0.0
2026,9,29,13,4,13:03,194.9,4.2,5.2,5.9,0.0
2026,9,29,13,7,13:06,197.7,4.4,5.2,6.1,0.0
2026,9,29,13,8,13:07,194.7,4.4,5.4,7.2,0.0
2026,9,29,13,9,13:08,188.2,5.0,5.9,6.8,0.0
2026,9,29,13,11,13:10,190.3,5.0,6.2,6.8,0.0
2026,9,29,13,13,13:12,194.7,4.8,5.4,6.1,0.0
2026,9,29,13,14,13:13,193.3,4.8,5.6,6.5,0.0
2026,9,29,13,16,13:15,194.7,4.6,5.2,6.3,0.0
2026,9,29,13,18,13:17,191.2,4.8,5.4,6.3,0.0
2026,9,29,13,19,13:18,188.7,4.5,5.6,6.3,0.0
2026,9,29,13,21,13:20,188.7,5.3,5.9,6.8,0.0
2026,9,29,13,23,13:22,187.8,4.9,5.5,6.1,0.0
2026,9,29,13,24,13:23,188.5,4.8,5.5,6.5,0.0
2026,9,29,13,26,13:26,191.7,4.6,5.2,6.2,0.0
2026,9,29,13,28,13:27,190.4,4.8,5.3,6.1,0.0
2026,9,29,13,29,13:28,192.4,4.6,5.3,6.3,0.0
2026,9,29,13,31,13:30,189.6,4.8,5.3,5.9,0.0
2026,9,29,13,33,13:32,196.8,4.6,5.3,6.2,0.0
2026,9,29,13,34,13:33,196.0,4.8,5.2,5.7,0.0
2026,9,29,13,37,13:36,200.7,4.1,4.7,5.3,0.0
2026,9,29,13,38,13:37,197.9,4.4,5.1,5.7,0.0
2026,9,29,13,39,13:38,199.9,4.4,5.0,5.4,0.0
2026,9,29,13,41,13:40,200.9,4.4,4.9,5.7,0.0
2026,9,29,13,43,13:42,194.1,4.6,5.2,5.8,0.0
2026,9,29,13,44,13:43,198.7,4.5,5.0,6.0,0.0
2026,9,29,13,46,13:45,194.6,4.5,5.0,5.6,0.0
2026,9,29,13,48,13:47,197.5,4.0,4.8,5.4,0.0
2026,9,29,13,49,13:48,194.2,4.0,4.7,5.4,0.0
2026,9,29,13,51,13:50,194.4,3.9,4.5,5.0,0.0
2026,9,29,13,53,13:52,191.7,4.1,4.7,5.4,0.0
2026,9,29,13,54,13:53,194.2,4.0,4.6,5.4,0.0
2026,9,29,13,56,13:55,196.7,3.8,4.5,5.2,0.0
2026,9,29,13,58,13:57,198.5,3.8,4.2,5.1,0.0
2026,9,29,13,59,13:58,198.6,3.8,4.2,4.7,0.0
2026,9,29,14,2,14:01,201.2,3.9,4.3,4.9,0.0
2026,9,29,14,3,14:02,204.9,3.9,4.3,5.1,0.0
2026,9,29,14,4,14:03,199.9,3.8,4.4,5.2,0.0
2026,9,29,14,7,14:06,199.1,3.8,4.4,5.1,0.0
2026,9,29,14,8,14:07,202.1,4.1,4.7,5.1,0.0
2026,9,29,14,9,14:08,199.1,4.4,5.0,5.9,0.0
2026,9,29,14,11,14:10,200.7,4.2,4.9,5.4,0.0
2026,9,29,14,13,14:12,198.5,4.1,4.8,5.3,0.0
2026,9,29,14,14,14:13,200.0,4.3,4.7,5.2,0.0
2026,9,29,14,17,14:16,200.0,4.2,4.7,5.0,0.0
2026,9,29,14,18,14:17,201.2,3.9,4.6,5.1,0.0
2026,9,29,14,19,14:18,198.7,4.3,4.7,5.1,0.0
2026,9,29,14,21,14:20,198.6,3.6,4.3,5.1,0.0
2026,9,29,14,23,14:22,201.4,4.1,4.6,5.4,0.0
2026,9,29,14,24,14:23,200.3,4.1,4.6,5.4,0.0
2026,9,29,14,26,14:26,206.1,4.6,5.1,5.8,0.0
2026,9,29,14,28,14:27,198.3,4.3,5.1,6.0,0.0
2026,9,29,14,29,14:28,202.8,4.3,4.8,5.6,0.0
2026,9,29,14,31,14:30,201.0,4.5,5.5,6.4,0.0
2026,9,29,14,33,14:32,199.5,4.8,5.6,6.5,0.0
2026,9,29,14,34,14:33,204.2,4.4,5.4,6.5,0.0
2026,9,29,14,37,14:36,204.8,4.4,5.2,6.0,0.0
2026,9,29,14,38,14:37,200.8,4.2,4.9,5.8,0.0
2026,9,29,14,39,14:38,201.6,4.4,5.2,5.9,0.0
2026,9,29,14,42,14:41,200.4,4.5,5.1,5.9,0.0
2026,9,29,14,43,14:42,204.2,4.1,5.1,5.8,0.0
2026,9,29,14,44,14:43,206.2,4.2,4.9,5.8,0.0
2026,9,29,14,46,14:45,203.5,4.4,5.1,5.8,0.0
2026,9,29,14,48,14:47,202.7,4.5,5.1,5.8,0.0
2026,9,29,14,49,14:48,203.4,4.0,5.1,5.8,0.0
2026,9,29,14,52,14:51,200.6,4.2,5.2,5.8,0.0
2026,9,29,14,53,14:52,203.1,4.3,4.9,5.8,0.0
2026,9,29,14,54,14:53,205.7,4.7,5.1,5.9,0.0
2026,9,29,14,56,14:55,203.9,4.5,5.4,6.1,0.0
2026,9,29,14,58,14:57,205.0,4.7,5.4,6.3,0.0
2026,9,29,14,59,14:58,205.8,4.2,4.8,5.7,0.0
2026,9,29,15,1,15:00,204.7,4.4,5.6,6.3,0.0
2026,9,29,15,3,15:02,203.2,4.6,5.5,6.2,0.0
2026,9,29,15,4,15:03,204.3,4.6,5.4,6.3,0.0
2026,9,29,15,6,15:05,201.2,4.4,5.4,5.8,0.0
2026,9,29,15,8,15:07,207.7,5.2,6.1,7.5,0.0
2026,9,29,15,9,15:08,206.6,4.9,5.6,6.3,0.0
2026,9,29,15,12,15:11,207.2,5.1,5.8,6.5,0.0
2026,9,29,15,13,15:12,205.7,5.0,5.6,6.3,0.0
2026,9,29,15,14,15:13,203.9,4.2,4.8,5.4,0.0
2026,9,29,15,16,15:15,199.4,4.9,5.6,6.4,0.0
2026,9,29,15,18,15:17,209.3,4.0,5.0,5.9,0.0
2026,9,29,15,19,15:18,204.3,4.8,5.5,5.9,0.0
2026,9,29,15,22,15:21,201.5,5.0,5.9,6.6,0.0
2026,9,29,15,23,15:22,200.2,5.1,5.8,6.5,0.0
2026,9,29,15,24,15:23,200.7,4.3,5.4,6.2,0.0
2026,9,29,15,26,15:25,199.8,5.3,5.9,6.6,0.0
2026,9,29,15,28,15:27,199.9,4.3,5.5,6.2,0.0
2026,9,29,15,29,15:28,206.9,4.4,5.1,5.8,0.0
2026,9,29,15,31,15:31,204.8,4.0,4.9,5.8,0.0
2026,9,29,15,33,15:32,203.0,4.3,4.9,5.7,0.0
2026,9,29,15,34,15:33,202.6,4.3,5.0,5.6,0.0
2026,9,29,15,36,15:35,203.8,4.0,4.8,5.9,0.0
2026,9,29,15,38,15:37,203.1,4.2,4.9,5.8,0.0
2026,9,29,15,39,15:38,205.0,4.2,4.9,5.8,0.0
2026,9,29,15,41,15:40,204.8,3.5,4.2,5.6,0.0
2026,9,29,15,43,15:42,199.8,4.4,4.9,5.4,0.0
2026,9,29,15,44,15:43,202.4,4.0,4.9,5.9,0.0
2026,9,29,15,46,15:45,202.5,4.1,4.7,5.3,0.0
2026,9,29,15,48,15:47,203.3,4.3,5.1,5.8,0.0
2026,9,29,15,49,15:48,205.1,4.0,5.0,5.9,0.0
2026,9,29,15,52,15:51,202.8,3.8,4.6,5.1,0.0
2026,9,29,15,53,15:52,202.7,4.0,4.8,5.6,0.0
2026,9,29,15,54,15:53,201.8,4.1,5.0,5.7,0.0
2026,9,29,15,57,15:56,201.1,3.8,4.4,5.5,0.0
2026,9,29,15,58,15:57,204.4,3.9,4.6,5.7,0.0
2026,9,29,15,59,15:58,202.6,3.7,4.4,5.6,0.0
2026,9,29,16,1,16:00,204.1,3.7,4.5,5.0,0.0
2026,9,29,16,3,16:02,208.0,3.5,4.2,5.0,0.0
2026,9,29,16,4,16:03,208.1,3.1,3.7,4.5,0.0
2026,9,29,16,7,16:06,209.7,2.7,3.4,4.2,0.0
2026,9,29,16,8,16:07,208.2,2.9,3.4,4.0,0.0
2026,9,29,16,9,16:08,209.3,2.9,3.3,3.8,0.0
2026,9,29,16,11,16:10,210.5,2.8,3.3,3.6,0.0
2026,9,29,16,13,16:12,209.9,2.7,3.3,3.9,0.0
2026,9,29,16,14,16:13,209.7,2.8,3.3,3.9,0.0
2026,9,29,16,16,16:15,215.2,2.9,3.3,4.0,0.0
2026,9,29,16,18,16:17,214.4,2.9,3.3,3.6,0.0
2026,9,29,16,19,16:18,220.0,2.9,3.3,3.9,0.0
2026,9,29,16,21,16:20,221.6,2.7,3.3,3.6,0.0
2026,9,29,16,23,16:22,222.0,2.9,3.8,4.3,0.0
2026,9,29,16,24,16:23,223.4,3.2,4.0,4.4,0.0
2026,9,29,16,26,16:25,215.3,3.5,4.0,4.8,0.0
2026,9,29,16,28,16:27,216.1,3.4,3.8,4.3,0.0
2026,9,29,16,29,16:28,218.9,3.3,3.8,4.1,0.0
2026,9,29,16,32,16:31,214.3,3.0,3.3,3.7,0.0
2026,9,29,16,33,16:32,214.8,2.7,3.3,3.8,0.0
2026,9,29,16,34,16:33,217.7,2.7,3.1,3.5,0.0
2026,9,29,16,37,16:36,210.8,2.8,3.1,3.4,0.0
2026,9,29,16,38,16:37,209.5,2.3,2.8,3.1,0.0
2026,9,29,16,39,16:38,212.8,2.5,2.8,3.3,0.0
2026,9,29,16,41,16:40,214.1,2.0,2.7,3.4,0.0
2026,9,29,16,43,16:42,220.2,2.5,3.0,3.3,0.0
2026,9,29,16,44,16:43,213.9,2.5,2.8,3.2,0.0
2026,9,29,16,46,16:46,215.6,2.1,2.6,3.3,0.0
2026,9,29,16,48,16:47,215.3,2.1,2.8,3.5,0.0
2026,9,29,16,49,16:48,215.8,2.3,3.0,3.4,0.0
2026,9,29,16,51,16:51,207.4,2.5,2.7,2.9,0.0
2026,9,29,16,53,16:52,204.6,2.5,2.9,3.3,0.0
2026,9,29,16,54,16:53,211.2,2.8,3.1,3.4,0.0
2026,9,29,16,56,16:55,208.2,2.6,3.0,3.6,0.0
2026,9,29,16,58,16:57,211.7,2.7,3.1,3.5,0.0
2026,9,29,16,59,16:58,205.8,2.4,2.7,3.1,0.0
2026,9,29,17,1,17:01,210.4,2.1,2.4,2.7,0.0
2026,9,29,17,3,17:02,206.1,2.2,2.6,2.9,0.0
2026,9,29,17,4,17:03,204.1,2.3,2.6,2.9,0.0
2026,9,29,17,6,17:05,204.2,2.4,2.7,3.1,0.0
2026,9,29,17,8,17:07,210.7,2.4,2.7,3.1,0.0
2026,9,29,17,9,17:08,207.4,2.4,2.7,3.0,0.0
2026,9,29,17,11,17:10,204.5,2.5,2.8,3.3,0.0
2026,9,29,17,13,17:12,200.6,2.7,3.2,3.4,0.0
2026,9,29,17,14,17:13,201.1,2.7,3.0,3.3,0.0
2026,9,29,17,17,17:16,201.5,2.3,2.6,2.9,0.0
2026,9,29,17,18,17:17,205.5,2.3,2.7,3.0,0.0
2026,9,29,17,19,17:18,207.4,2.2,2.6,3.0,0.0
2026,9,29,17,21,17:20,212.7,2.1,2.3,2.7,0.0
2026,9,29,17,23,17:22,210.3,2.4,2.6,2.8,0.0
2026,9,29,17,24,17:23,208.4,2.3,2.5,3.0,0.0
2026,9,29,17,26,17:26,206.1,2.4,2.6,2.8,0.0
2026,9,29,17,28,17:27,205.8,2.4,2.7,2.9,0.0
2026,9,29,17,29,17:29,203.6,2.7,2.9,3.1,0.0
2026,9,29,17,32,17:31,201.5,2.6,2.9,3.5,0.0
2026,9,29,17,33,17:32,206.4,2.8,3.1,3.3,0.0
2026,9,29,17,34,17:34,206.2,2.4,2.7,3.1,0.0
2026,9,29,17,36,17:35,205.8,2.3,2.6,3.0,0.0
2026,9,29,17,38,17:37,206.1,2.4,2.6,3.0,0.0
2026,9,29,17,39,17:38,205.7,2.4,2.7,3.0,0.0
2026,9,29,17,41,17:39,205.7,2.5,2.8,3.2,0.0
2026,9,29,17,43,17:42,209.7,2.7,2.8,3.2,0.0
2026,9,29,17,44,17:43,204.6,2.2,2.6,2.9,0.0
2026,9,29,17,46,17:45,202.9,2.4,2.6,2.8,0.0
2026,9,29,17,48,17:47,206.4,2.2,2.7,3.1,0.0
2026,9,29,17,49,17:48,205.6,2.3,2.8,3.2,0.0
2026,9,29,17,51,17:50,207.6,2.7,2.9,3.2,0.0
2026,9,29,17,53,17:52,205.9,2.4,2.7,2.9,0.0
2026,9,29,17,54,17:53,205.9,2.5,2.7,3.0,0.0
2026,9,29,17,57,17:56,212.6,1.8,2.0,2.2,0.0
2026,9,29,17,58,17:57,212.6,1.8,2.0,2.1,0.0
2026,9,29,17,59,17:58,212.6,1.7,2.0,2.2,0.0
2026,9,29,18,1,18:00,212.6,2.0,2.2,2.9,0.0
2026,9,29,18,3,18:02,216.8,2.1,2.5,2.8,0.0
2026,9,29,18,4,18:03,219.2,2.0,2.5,3.1,0.0
2026,9,29,18,7,18:06,214.6,2.2,2.6,3.0,0.0
2026,9,29,18,8,18:07,213.9,2.2,2.4,2.7,0.0
2026,9,29,18,9,18:08,209.1,1.8,2.2,2.6,0.0
2026,9,29,18,11,18:10,211.3,1.9,2.1,2.2,0.0
2026,9,29,18,13,18:12,206.5,2.0,2.3,2.6,0.0
2026,9,29,18,14,18:13,204.0,2.1,2.3,2.6,0.0
2026,9,29,18,16,18:15,204.0,1.9,2.2,2.6,0.0
2026,9,29,18,18,18:17,204.0,2.0,2.1,2.4,0.0
2026,9,29,18,19,18:18,204.0,1.9,2.2,2.4,0.0
2026,9,29,18,21,18:20,204.0,1.9,2.1,2.2,0.0
2026,9,29,18,23,18:22,204.0,1.8,2.1,2.6,0.0
2026,9,29,18,24,18:23,204.0,1.8,2.1,2.6,0.0
2026,9,29,18,26,18:25,204.0,2.1,2.3,2.5,0.0
2026,9,29,18,28,18:27,204.0,1.8,2.0,2.3,0.0
2026,9,29,18,29,18:28,204.0,1.8,1.9,2.3,0.0
2026,9,29,18,32,18:31,204.0,1.5,1.7,1.8,0.0
2026,9,29,18,33,18:32,204.0,1.5,1.7,1.8,0.0
2026,9,29,18,34,18:33,203.9,1.4,1.6,1.8,0.0
2026,9,29,18,36,18:35,204.0,1.9,2.1,2.2,0.0
2026,9,29,18,38,18:37,200.9,2.3,2.6,3.0,0.0
2026,9,29,18,39,18:38,195.8,2.7,3.0,3.2,0.0
2026,9,29,18,41,18:40,199.9,2.3,2.7,3.3,0.0
2026,9,29,18,43,18:42,199.9,1.9,2.2,2.4,0.0
2026,9,29,18,44,18:43,199.9,1.9,2.2,2.5,0.0
2026,9,29,18,46,18:45,199.9,1.9,2.0,2.2,0.0
2026,9,29,18,48,18:47,199.9,1.8,2.1,2.3,0.0
2026,9,29,18,49,18:48,199.8,2.1,2.3,2.5,0.0
2026,9,29,18,51,18:50,199.9,1.9,2.0,2.3,0.0
2026,9,29,18,53,18:52,199.8,1.7,2.0,2.1,0.0
2026,9,29,18,54,18:53,199.9,1.8,2.1,2.2,0.0
2026,9,29,18,56,18:56,199.9,1.6,1.8,2.0,0.0
2026,9,29,18,58,18:57,199.9,1.5,1.8,2.0,0.0
2026,9,29,18,59,18:58,199.9,1.6,1.8,2.1,0.0
2026,9,29,19,1,19:00,199.9,1.7,1.9,2.0,0.0
2026,9,29,19,3,19:02,199.9,1.4,1.6,1.7,0.0
2026,9,29,19,4,19:03,199.9,1.4,1.6,1.8,0.0
2026,9,29,19,6,19:05,199.9,1.3,1.4,1.6,0.0
2026,9,29,19,8,19:07,199.8,1.2,1.3,1.4,0.0
2026,9,29,19,9,19:08,199.8,1.2,1.4,1.5,0.0
2026,9,29,19,11,19:10,199.8,1.1,1.2,1.3,0.0
2026,9,29,19,13,19:12,199.9,1.0,1.2,1.4,0.0
2026,9,29,19,15,19:14,199.8,1.0,1.1,1.2,0.0
2026,9,29,19,17,19:16,199.8,1.1,1.2,1.3,0.0
2026,9,29,19,18,19:17,199.8,0.9,1.1,1.4,0.0
2026,9,29,19,19,19:18,199.8,1.0,1.2,1.4,0.0
2026,9,29,19,22,19:21,199.8,0.9,1.1,1.2,0.0
2026,9,29,19,23,19:22,199.8,1.0,1.2,1.4,0.0
2026,9,29,19,24,19:23,199.9,0.8,1.1,1.5,0.0
2026,9,29,19,26,19:25,199.8,0.0,0.7,0.8,0.0
2026,9,29,19,28,19:27,199.8,0.5,0.9,1.5,0.0
2026,9,29,19,29,19:28,199.9,0.8,1.2,1.5,0.0
2026,9,29,19,32,19:31,199.8,0.5,0.7,1.0,0.0
2026,9,29,19,33,19:32,199.9,0.8,1.0,1.2,0.0
2026,9,29,19,34,19:33,199.9,0.7,0.8,1.0,0.0
2026,9,29,19,36,19:35,199.8,0.0,0.7,0.9,0.0
2026,9,29,19,38,19:37,199.8,0.0,0.5,0.6,0.0
2026,9,29,19,39,19:38,199.8,0.0,0.3,0.5,0.0
2026,9,29,19,42,19:41,199.9,0.0,0.4,0.7,0.0
2026,9,29,19,43,19:42,199.8,0.0,0.4,0.9,0.0
2026,9,29,19,44,19:43,199.8,0.0,0.2,0.5,0.0
2026,9,29,19,47,19:46,199.8,0.3,0.6,0.9,0.0
2026,9,29,19,48,19:47,199.8,0.5,0.9,1.2,0.0
2026,9,29,19,49,19:48,199.8,0.7,0.9,1.1,0.0
2026,9,29,19,51,19:50,199.9,0.5,0.7,0.9,0.0
2026,9,29,19,53,19:52,199.8,0.4,0.6,0.8,0.0
2026,9,29,19,54,19:53,199.8,0.0,0.4,0.5,0.0
2026,9,29,19,56,19:55,199.8,0.7,0.8,0.9,0.0
2026,9,29,19,58,19:57,199.8,0.6,0.7,0.9,0.0
2026,9,29,19,59,19:58,199.8,0.6,0.7,0.8,0.0
2026,9,29,20,2,20:01,199.8,0.0,0.3,0.5,0.0
2026,9,29,20,3,20:02,199.9,0.0,0.1,0.2,0.0
2026,9,29,20,4,20:03,199.8,0.0,0.5,0.8,0.0
2026,9,29,20,6,20:05,199.8,0.0,0.3,0.4,0.0
2026,9,29,20,8,20:07,199.8,0.0,0.0,0.0,0.0
2026,9,29,20,9,20:08,199.8,0.0,0.5,0.7,0.0
2026,9,29,20,11,20:10,199.8,0.0,0.2,0.3,0.0
2026,9,29,20,13,20:12,199.8,0.0,0.2,0.3,0.0
2026,9,29,20,14,20:13,199.8,0.0,0.4,0.6,0.0
2026,9,29,20,16,20:15,199.8,0.6,0.7,0.8,0.0
2026,9,29,20,18,20:17,199.8,0.6,0.7,0.8,0.0
2026,9,29,20,19,20:18,199.9,0.6,0.7,0.9,0.0
2026,9,29,20,21,20:20,199.9,0.0,0.4,0.6,0.0
2026,9,29,20,23,20:22,199.9,0.0,0.5,0.6,0.0
2026,9,29,20,24,20:23,199.9,0.0,0.6,0.8,0.0
2026,9,29,20,27,20:26,199.9,0.5,0.6,0.7,0.0
2026,9,29,20,28,20:27,199.9,0.5,0.6,0.8,0.0
2026,9,29,20,29,20:29,199.9,0.6,0.6,0.7,0.0
2026,9,29,20,32,20:31,199.8,0.6,0.7,0.9,0.0
2026,9,29,20,33,20:32,199.8,0.7,0.8,0.9,0.0
2026,9,29,20,34,20:33,199.9,0.7,0.7,0.8,0.0
2026,9,29,20,36,20:35,199.9,0.8,0.9,1.1,0.0
2026,9,29,20,38,20:37,199.9,0.7,0.8,1.0,0.0
2026,9,29,20,39,20:39,199.9,0.8,0.8,0.8,0.0
2026,9,29,20,42,20:41,199.9,0.6,0.7,0.8,0.0
2026,9,29,20,43,20:42,199.8,0.8,0.9,1.1,0.0
2026,9,29,20,44,20:43,199.9,1.0,1.1,1.2,0.0
2026,9,29,20,47,20:46,199.9,0.7,0.9,1.1,0.0
2026,9,29,20,48,20:47,199.8,0.6,0.9,1.3,0.0
2026,9,29,20,49,20:48,199.8,0.9,1.1,1.4,0.0
2026,9,29,20,51,20:51,199.8,0.8,1.1,1.2,0.0
2026,9,29,20,53,20:52,199.9,1.0,1.2,1.4,0.0
2026,9,29,20,54,20:53,199.9,0.9,0.9,1.1,0.0
2026,9,29,20,56,20:55,199.8,1.0,1.2,1.4,0.0
2026,9,29,20,58,20:57,199.9,0.8,0.9,1.0,0.0
2026,9,29,20,59,20:58,199.8,0.8,0.9,1.0,0.0
2026,9,29,21,1,21:00,199.8,0.6,0.7,0.9,0.0
2026,9,29,21,3,21:02,199.8,0.4,0.6,0.7,0.0
2026,9,29,21,4,21:03,199.8,0.5,0.5,0.6,0.0
2026,9,29,21,6,21:05,199.8,0.6,0.6,0.7,0.0
2026,9,29,21,8,21:07,199.9,0.0,0.4,0.6,0.0
2026,9,29,21,9,21:08,199.8,0.5,0.7,0.8,0.0
2026,9,29,21,12,21:11,199.9,0.6,0.8,1.0,0.0
2026,9,29,21,13,21:12,199.8,0.5,0.6,0.8,0.0
2026,9,29,21,14,21:13,199.8,0.4,0.6,0.8,0.0
2026,9,29,21,17,21:16,199.9,0.7,0.8,0.9,0.0
2026,9,29,21,18,21:17,199.8,0.6,0.7,0.9,0.0
2026,9,29,21,19,21:18,199.9,0.8,0.9,1.2,0.0
2026,9,29,21,21,21:20,199.8,0.7,0.8,1.1,0.0
2026,9,29,21,23,21:22,199.8,0.5,0.6,0.7,0.0
2026,9,29,21,24,21:23,199.9,0.4,0.5,0.6,0.0
2026,9,29,21,26,21:25,199.8,0.0,0.5,0.7,0.0
2026,9,29,21,28,21:27,199.8,0.0,0.6,0.8,0.0
2026,9,29,21,29,21:28,199.9,0.5,0.8,1.0,0.0
2026,9,29,21,32,21:31,228.2,0.7,0.9,1.7,0.0
2026,9,29,21,33,21:32,341.8,0.7,1.0,1.3,0.0
2026,9,29,21,34,21:33,324.2,0.7,1.0,1.5,0.0
2026,9,29,21,36,21:35,326.1,0.9,1.2,1.6,0.0
2026,9,29,21,38,21:37,327.2,0.9,1.0,1.1,0.0
2026,9,29,21,39,21:38,327.2,0.7,0.9,1.1,0.0
2026,9,29,21,41,21:40,327.2,0.0,0.7,1.0,0.0
2026,9,29,21,43,21:42,327.2,0.4,0.4,0.5,0.0
2026,9,29,21,44,21:43,327.2,0.0,0.2,0.4,0.0
2026,9,29,21,46,21:46,327.2,0.0,0.4,0.9,0.0
2026,9,29,21,48,21:47,327.2,0.5,0.6,0.6,0.0
2026,9,29,21,49,21:48,327.2,0.0,0.2,0.4,0.0
2026,9,29,21,52,21:51,327.1,0.0,0.4,0.4,0.0
2026,9,29,21,53,21:52,327.2,0.0,0.0,0.0,0.0
2026,9,29,21,54,21:53,327.2,0.0,0.0,0.0,0.0
2026,9,29,21,56,21:56,334.4,1.2,1.3,1.6,0.0
2026,9,29,21,58,21:57,336.7,1.3,1.7,2.2,0.0
2026,9,29,21,59,21:58,336.9,1.1,1.4,1.7,0.0
2026,9,29,22,1,22:00,330.8,1.5,2.0,2.7,0.0
2026,9,29,22,3,22:02,337.1,1.5,1.7,1.9,0.0
2026,9,29,22,4,22:03,336.6,1.5,1.7,1.9,0.0
2026,9,29,22,7,22:06,343.0,1.4,1.7,2.2,0.0
2026,9,29,22,8,22:07,345.9,1.5,1.8,2.2,0.0
2026,9,29,22,9,22:08,342.9,1.4,1.7,1.9,0.0
2026,9,29,22,11,22:10,342.4,1.1,1.6,2.0,0.0
2026,9,29,22,13,22:12,347.8,1.7,2.0,2.3,0.0
2026,9,29,22,14,22:13,350.9,0.9,1.6,2.3,0.0
2026,9,29,22,16,22:15,350.7,1.7,2.1,2.8,0.0
2026,9,29,22,18,22:17,349.7,1.5,2.3,2.8,0.0
2026,9,29,22,19,22:18,342.7,1.9,2.7,3.4,0.0
2026,9,29,22,21,22:20,344.3,2.3,2.6,2.9,0.0
2026,9,29,22,23,22:22,345.5,2.3,2.6,3.0,0.0
2026,9,29,22,24,22:23,338.3,2.2,2.5,3.1,0.0
2026,9,29,22,26,22:25,343.4,2.2,2.4,2.7,0.0
2026,9,29,22,28,22:27,345.9,2.2,2.4,2.8,0.0
2026,9,29,22,29,22:28,344.0,2.0,2.2,2.4,0.0
2026,9,29,22,31,22:30,348.9,1.6,2.2,2.5,0.0
2026,9,29,22,33,22:32,349.8,1.5,2.1,2.3,0.0
2026,9,29,22,34,22:33,347.9,1.8,2.2,2.8,0.0
2026,9,29,22,36,22:36,352.7,1.6,1.9,2.4,0.0
2026,9,29,22,38,22:37,345.9,1.1,1.9,2.4,0.0
2026,9,29,22,39,22:38,345.2,1.6,2.1,2.5,0.0
2026,9,29,22,41,22:40,343.7,1.8,2.3,2.6,0.0
2026,9,29,22,43,22:42,343.9,1.9,2.2,2.5,0.0
2026,9,29,22,44,22:43,347.6,1.5,1.9,2.1,0.0
2026,9,29,22,47,22:46,341.5,1.7,2.1,2.5,0.0
2026,9,29,22,48,22:46,341.5,1.7,2.1,2.5,0.0
2026,9,29,22,49,22:48,344.5,1.3,1.8,2.3,0.0
2026,9,29,22,52,22:51,347.6,1.7,2.2,2.5,0.0
2026,9,29,22,53,22:52,346.2,1.2,1.7,2.3,0.0
2026,9,29,22,54,22:53,350.7,1.1,1.6,2.3,0.0
2026,9,29,22,57,22:56,349.7,1.5,1.8,2.3,0.0
2026,9,29,22,58,22:57,354.6,0.8,1.5,2.1,0.0
2026,9,29,22,59,22:58,351.5,1.4,1.9,2.7,0.0
2026,9,29,23,1,23:00,354.4,1.0,1.5,2.2,0.0
2026,9,29,23,3,23:02,348.4,1.9,2.2,2.6,0.0
2026,9,29,23,4,23:03,349.5,1.5,2.0,2.4,0.0
2026,9,29,23,6,23:05,349.7,1.5,2.0,2.5,0.0
2026,9,29,23,8,23:07,346.4,1.1,2.1,2.6,0.0
2026,9,29,23,9,23:08,348.8,1.1,1.9,2.4,0.0
2026,9,29,23,12,23:11,347.2,1.6,2.0,2.5,0.0
2026,9,29,23,13,23:12,348.9,1.2,1.8,2.2,0.0
2026,9,29,23,14,23:13,348.8,1.0,1.7,2.1,0.0
2026,9,29,23,16,23:15,345.0,0.9,1.6,2.0,0.0
2026,9,29,23,18,23:17,349.9,0.8,1.0,1.6,0.0
2026,9,29,23,19,23:18,347.5,1.3,1.8,2.4,0.0
2026,9,29,23,21,23:20,346.9,1.3,2.0,2.4,0.0
2026,9,29,23,23,23:22,346.6,0.8,2.1,2.9,0.0
2026,9,29,23,24,23:23,346.7,1.8,2.2,2.6,0.0
2026,9,29,23,26,23:25,349.3,1.4,2.2,3.1,0.0
2026,9,29,23,28,23:27,351.2,1.6,2.3,2.8,0.0
2026,9,29,23,29,23:28,354.6,1.0,1.7,2.9,0.0
2026,9,29,23,31,23:31,349.4,0.6,1.9,2.8,0.0
2026,9,29,23,33,23:32,355.7,1.0,1.8,2.7,0.0
2026,9,29,23,34,23:33,355.6,1.1,1.8,2.8,0.0
2026,9,29,23,37,23:36,348.7,1.5,2.3,2.8,0.0
2026,9,29,23,38,23:37,354.4,0.7,1.0,2.3,0.0
2026,9,29,23,39,23:38,352.4,1.0,1.5,2.1,0.0
2026,9,29,23,41,23:40,355.2,0.6,1.9,2.9,0.0
2026,9,29,23,43,23:42,349.9,1.2,1.9,2.8,0.0
2026,9,29,23,44,23:43,356.9,0.6,1.4,2.2,0.0
2026,9,29,23,46,23:45,348.6,1.1,1.9,2.7,0.0
2026,9,29,23,48,23:47,354.9,0.6,0.9,1.5,0.0
2026,9,29,23,49,23:48,356.2,0.4,0.9,1.4,0.0
2026,9,29,23,51,23:51,16.2,0.7,1.4,2.7,0.0
2026,9,29,23,53,23:52,0.3,0.8,1.8,3.3,0.0
2026,9,29,23,54,23:53,354.2,0.0,1.6,3.3,0.0
2026,9,29,23,56,23:56,356.2,0.5,1.5,2.5,0.0
2026,9,29,23,58,23:57,358.4,0.0,1.2,2.7,0.0
2026,9,29,23,59,23:58,14.5,0.4,0.8,1.4,0.0
