# Helsinki Laru (dlarah.org Lauttasaari) 2026-09-11 Suomen aikaa — lähteen Laru_2026-254.txt sellaisenaan
# vuosi kk pv kirjoitus-h kirjoitus-min hh:mm suunta min ka max lämpötila (asemalla ei mittaria)
2026,9,11,0,2,00:01,301.7,0.8,1.1,1.6,0.0
2026,9,11,0,3,00:02,301.8,0.9,1.2,1.4,0.0
2026,9,11,0,4,00:03,301.7,0.8,1.2,1.6,0.0
2026,9,11,0,6,00:05,296.1,1.6,2.2,2.7,0.0
2026,9,11,0,8,00:07,283.6,1.1,1.3,1.6,0.0
2026,9,11,0,9,00:08,290.4,0.7,1.2,1.5,0.0
2026,9,11,0,11,00:10,319.2,1.3,1.8,2.1,0.0
2026,9,11,0,13,00:12,321.8,1.3,1.7,2.3,0.0
2026,9,11,0,14,00:13,330.8,1.8,2.2,2.9,0.0
2026,9,11,0,16,00:15,339.5,1.2,1.9,2.4,0.0
2026,9,11,0,18,00:17,328.8,1.3,1.9,2.4,0.0
2026,9,11,0,19,00:18,336.7,1.4,1.8,2.8,0.0
2026,9,11,0,21,00:21,324.3,2.1,2.8,3.6,0.0
2026,9,11,0,23,00:22,316.8,1.7,2.2,2.8,0.0
2026,9,11,0,24,00:24,313.1,2.1,2.5,2.9,0.0
2026,9,11,0,27,00:26,313.7,1.7,2.0,2.5,0.0
2026,9,11,0,28,00:27,295.9,1.9,2.2,2.7,0.0
2026,9,11,0,29,00:28,294.7,1.9,2.4,3.2,0.0
2026,9,11,0,31,00:30,313.8,1.9,2.1,2.4,0.0
2026,9,11,0,33,00:32,302.3,1.6,2.0,2.7,0.0
2026,9,11,0,34,00:33,310.1,1.9,2.2,2.5,0.0
2026,9,11,0,36,00:35,311.3,1.8,2.0,2.4,0.0
2026,9,11,0,38,00:37,321.3,1.1,1.6,2.0,0.0
2026,9,11,0,39,00:38,326.7,1.2,1.7,2.6,0.0
2026,9,11,0,42,00:41,333.1,1.0,2.0,3.3,0.0
2026,9,11,0,43,00:42,318.8,1.3,2.0,2.6,0.0
2026,9,11,0,44,00:43,313.2,1.1,1.6,2.2,0.0
2026,9,11,0,46,00:45,303.5,1.6,2.3,3.0,0.0
2026,9,11,0,48,00:47,310.2,1.8,2.6,3.4,0.0
2026,9,11,0,49,00:48,307.9,1.7,2.2,2.5,0.0
2026,9,11,0,51,00:50,326.5,1.7,2.7,3.7,0.0
2026,9,11,0,53,00:52,318.7,1.5,1.8,2.3,0.0
2026,9,11,0,54,00:53,326.2,1.7,2.1,3.0,0.0
2026,9,11,0,56,00:56,321.7,1.9,2.4,3.3,0.0
2026,9,11,0,58,00:57,334.2,1.9,2.7,3.4,0.0
2026,9,11,0,59,00:58,308.2,1.9,2.4,2.9,0.0
2026,9,11,1,1,01:00,333.4,2.2,2.8,3.4,0.0
2026,9,11,1,3,01:02,337.2,2.9,3.7,4.5,0.0
2026,9,11,1,4,01:03,324.5,2.0,2.6,3.3,0.0
2026,9,11,1,6,01:06,337.9,3.2,3.7,4.6,0.0
2026,9,11,1,8,01:07,346.4,2.8,4.3,5.2,0.0
2026,9,11,1,9,01:08,333.1,2.9,3.6,4.5,0.0
2026,9,11,1,11,01:10,341.4,2.1,3.5,4.7,0.0
2026,9,11,1,13,01:12,339.1,1.5,2.8,4.3,0.0
2026,9,11,1,14,01:13,321.8,2.2,3.3,4.4,0.0
2026,9,11,1,16,01:15,335.0,2.8,3.9,5.7,0.0
2026,9,11,1,18,01:17,338.4,1.5,3.0,4.4,0.0
2026,9,11,1,19,01:18,338.0,3.1,3.8,5.0,0.0
2026,9,11,1,22,01:21,342.8,2.6,4.1,5.8,0.0
2026,9,11,1,23,01:22,334.1,2.5,3.8,5.1,0.0
2026,9,11,1,24,01:24,347.5,2.5,3.3,4.3,0.0
2026,9,11,1,26,01:25,341.8,2.2,3.0,3.9,0.0
2026,9,11,1,28,01:27,337.9,2.2,3.6,4.5,0.0
2026,9,11,1,29,01:29,331.2,2.5,3.4,5.0,0.0
2026,9,11,1,32,01:31,338.0,2.4,3.1,3.7,0.0
2026,9,11,1,33,01:32,334.3,3.0,3.7,4.3,0.0
2026,9,11,1,34,01:33,329.1,2.9,4.3,6.2,0.0
2026,9,11,1,36,01:36,342.2,2.5,3.6,4.4,0.0
2026,9,11,1,38,01:37,343.2,2.6,4.0,5.0,0.0
2026,9,11,1,39,01:39,338.4,3.3,4.1,5.4,0.0
2026,9,11,1,42,01:41,329.7,2.6,3.6,5.4,0.0
2026,9,11,1,43,01:42,339.7,2.7,3.7,4.7,0.0
2026,9,11,1,44,01:44,334.3,2.8,4.0,5.7,0.0
2026,9,11,1,47,01:46,342.5,2.8,4.1,6.0,0.0
2026,9,11,1,48,01:47,341.8,2.3,3.9,5.4,0.0
2026,9,11,1,49,01:49,334.3,2.3,3.4,5.2,0.0
2026,9,11,1,52,01:51,340.6,2.4,3.5,5.3,0.0
2026,9,11,1,53,01:52,340.4,3.1,4.0,5.3,0.0
2026,9,11,1,54,01:54,336.2,2.5,3.7,5.6,0.0
2026,9,11,1,56,01:56,335.9,2.4,3.7,4.7,0.0
2026,9,11,1,58,01:57,340.2,1.9,3.6,5.2,0.0
2026,9,11,1,59,01:59,343.0,2.7,3.9,5.1,0.0
2026,9,11,2,1,02:01,342.0,3.0,4.0,5.6,0.0
2026,9,11,2,3,02:02,344.1,2.4,4.2,5.7,0.0
2026,9,11,2,4,02:04,337.7,2.8,3.7,5.0,0.0
2026,9,11,2,7,02:06,335.4,2.7,3.4,4.2,0.0
2026,9,11,2,8,02:07,333.9,2.7,3.7,5.6,0.0
2026,9,11,2,9,02:09,344.0,3.1,4.5,5.7,0.0
2026,9,11,2,11,02:10,342.8,3.8,4.9,6.0,0.0
2026,9,11,2,13,02:12,345.2,3.1,4.7,6.7,0.0
2026,9,11,2,14,02:14,336.1,2.6,3.5,4.3,0.0
2026,9,11,2,17,02:16,338.4,2.7,4.4,6.7,0.0
2026,9,11,2,18,02:17,343.0,2.4,4.0,5.6,0.0
2026,9,11,2,19,02:19,344.0,2.6,3.4,4.1,0.0
2026,9,11,2,21,02:21,335.8,1.4,2.6,3.8,0.0
2026,9,11,2,23,02:22,344.5,2.2,3.2,4.4,0.0
2026,9,11,2,24,02:23,348.3,1.5,2.6,3.8,0.0
2026,9,11,2,26,02:26,340.1,2.4,3.5,4.9,0.0
2026,9,11,2,28,02:27,341.0,1.9,2.9,3.9,0.0
2026,9,11,2,29,02:29,347.5,1.4,3.6,5.3,0.0
2026,9,11,2,32,02:31,342.3,1.1,3.1,4.4,0.0
2026,9,11,2,33,02:32,339.0,2.7,3.5,4.7,0.0
2026,9,11,2,34,02:33,342.0,2.5,3.5,4.3,0.0
2026,9,11,2,36,02:35,346.2,3.4,4.3,5.9,0.0
2026,9,11,2,38,02:37,342.7,2.9,3.9,5.2,0.0
2026,9,11,2,39,02:39,329.0,2.1,2.9,3.9,0.0
2026,9,11,2,42,02:41,339.0,2.1,3.3,4.4,0.0
2026,9,11,2,43,02:42,326.9,2.4,3.4,4.1,0.0
2026,9,11,2,44,02:44,333.8,2.6,3.1,3.9,0.0
2026,9,11,2,46,02:45,332.9,2.7,3.7,4.7,0.0
2026,9,11,2,48,02:47,330.0,2.9,3.6,4.5,0.0
2026,9,11,2,49,02:48,333.8,2.5,3.6,4.9,0.0
2026,9,11,2,51,02:51,331.5,2.8,3.6,4.5,0.0
2026,9,11,2,53,02:52,337.5,2.8,3.7,5.1,0.0
2026,9,11,2,54,02:53,329.8,3.0,3.6,4.6,0.0
2026,9,11,2,56,02:55,329.3,3.1,3.6,4.4,0.0
2026,9,11,2,58,02:57,319.8,3.2,4.3,5.6,0.0
2026,9,11,2,59,02:58,342.1,2.4,3.4,4.3,0.0
2026,9,11,3,2,03:01,335.9,2.2,3.8,5.3,0.0
2026,9,11,3,3,03:02,326.8,2.3,3.6,4.6,0.0
2026,9,11,3,4,03:04,333.2,2.9,4.1,5.4,0.0
2026,9,11,3,7,03:06,324.2,2.5,4.1,5.0,0.0
2026,9,11,3,8,03:07,321.9,2.7,3.7,4.5,0.0
2026,9,11,3,9,03:08,330.4,2.8,4.0,5.5,0.0
2026,9,11,3,11,03:10,346.5,2.5,4.0,6.3,0.0
2026,9,11,3,13,03:12,343.8,3.2,4.6,6.9,0.0
2026,9,11,3,14,03:13,328.9,3.1,4.1,5.5,0.0
2026,9,11,3,16,03:15,334.7,3.0,3.8,5.1,0.0
2026,9,11,3,18,03:17,339.8,3.8,5.2,6.3,0.0
2026,9,11,3,19,03:18,336.7,3.3,4.4,6.1,0.0
2026,9,11,3,22,03:21,333.1,3.1,4.6,7.5,0.0
2026,9,11,3,23,03:22,339.3,3.3,4.9,6.7,0.0
2026,9,11,3,24,03:23,337.5,3.4,4.6,6.5,0.0
2026,9,11,3,27,03:26,342.1,4.0,5.1,6.5,0.0
2026,9,11,3,28,03:27,332.3,3.4,4.5,5.8,0.0
2026,9,11,3,29,03:28,332.6,2.9,4.1,5.3,0.0
2026,9,11,3,32,03:31,320.1,3.1,4.1,5.0,0.0
2026,9,11,3,33,03:32,329.8,2.7,3.6,4.9,0.0
2026,9,11,3,34,03:33,337.7,2.6,3.8,5.0,0.0
2026,9,11,3,36,03:35,335.1,3.3,4.6,6.1,0.0
2026,9,11,3,38,03:37,334.1,3.0,3.7,4.6,0.0
2026,9,11,3,39,03:38,331.7,2.6,3.4,5.0,0.0
2026,9,11,3,41,03:40,343.0,3.0,3.9,5.7,0.0
2026,9,11,3,43,03:42,328.1,3.1,3.9,4.9,0.0
2026,9,11,3,44,03:44,330.6,3.1,4.7,7.8,0.0
2026,9,11,3,47,03:46,335.3,2.7,4.8,6.6,0.0
2026,9,11,3,48,03:47,342.1,3.3,4.7,6.3,0.0
2026,9,11,3,49,03:48,331.2,3.8,4.9,6.5,0.0
2026,9,11,3,51,03:51,346.0,3.6,4.9,6.0,0.0
2026,9,11,3,53,03:52,345.6,3.8,5.4,7.2,0.0
2026,9,11,3,54,03:54,321.3,3.2,4.2,6.0,0.0
2026,9,11,3,56,03:55,340.8,2.4,4.2,5.2,0.0
2026,9,11,3,58,03:57,331.2,3.7,5.8,8.3,0.0
2026,9,11,3,59,03:58,328.3,3.5,4.6,5.9,0.0
2026,9,11,4,1,04:00,344.0,4.1,5.6,8.5,0.0
2026,9,11,4,3,04:02,330.8,2.6,4.9,6.8,0.0
2026,9,11,4,4,04:03,340.4,3.5,4.4,6.5,0.0
2026,9,11,4,7,04:06,333.4,3.6,5.2,6.3,0.0
2026,9,11,4,8,04:07,332.4,1.8,3.9,5.0,0.0
2026,9,11,4,9,04:08,338.3,2.9,4.6,6.8,0.0
2026,9,11,4,12,04:11,335.0,2.2,4.1,6.4,0.0
2026,9,11,4,13,04:12,339.4,3.7,4.9,6.5,0.0
2026,9,11,4,14,04:13,345.7,3.9,5.1,6.7,0.0
2026,9,11,4,16,04:15,324.4,3.3,4.0,5.1,0.0
2026,9,11,4,18,04:17,325.7,2.8,4.2,5.4,0.0
2026,9,11,4,19,04:18,331.1,2.9,4.0,6.0,0.0
2026,9,11,4,21,04:21,340.4,2.9,4.8,6.8,0.0
2026,9,11,4,23,04:22,317.2,3.2,4.3,5.7,0.0
2026,9,11,4,24,04:23,323.5,2.2,3.6,4.4,0.0
2026,9,11,4,26,04:26,331.1,2.6,4.3,6.0,0.0
2026,9,11,4,28,04:27,329.1,2.5,4.7,6.2,0.0
2026,9,11,4,29,04:29,331.9,2.9,4.1,5.4,0.0
2026,9,11,4,31,04:30,334.1,2.4,3.7,4.6,0.0
2026,9,11,4,33,04:32,333.5,2.7,4.1,5.3,0.0
2026,9,11,4,34,04:33,342.1,2.9,4.4,5.9,0.0
2026,9,11,4,36,04:35,334.5,2.0,3.6,4.9,0.0
2026,9,11,4,38,04:37,335.6,2.8,3.6,4.9,0.0
2026,9,11,4,39,04:39,325.3,1.9,2.8,3.5,0.0
2026,9,11,4,41,04:41,327.8,2.4,3.6,4.9,0.0
2026,9,11,4,43,04:42,322.0,2.7,3.6,4.6,0.0
2026,9,11,4,44,04:43,324.5,2.6,4.4,6.6,0.0
2026,9,11,4,46,04:46,334.4,3.2,4.4,6.5,0.0
2026,9,11,4,48,04:47,318.0,3.1,4.0,5.3,0.0
2026,9,11,4,49,04:48,324.8,2.2,3.0,3.9,0.0
2026,9,11,4,51,04:50,308.5,2.5,3.3,4.1,0.0
2026,9,11,4,53,04:52,318.3,2.3,3.3,4.7,0.0
2026,9,11,4,54,04:54,333.5,2.1,3.0,4.8,0.0
2026,9,11,4,56,04:55,328.6,2.8,4.0,4.8,0.0
2026,9,11,4,58,04:57,333.4,2.6,3.6,5.3,0.0
2026,9,11,4,59,04:58,329.7,2.3,2.9,3.8,0.0
2026,9,11,5,1,05:00,321.2,2.8,3.6,5.2,0.0
2026,9,11,5,3,05:02,330.2,2.7,4.2,6.2,0.0
2026,9,11,5,4,05:04,335.6,2.8,3.9,5.3,0.0
2026,9,11,5,7,05:06,315.6,1.5,2.2,3.2,0.0
2026,9,11,5,8,05:07,315.7,1.8,2.6,3.6,0.0
2026,9,11,5,9,05:09,320.3,2.6,3.2,4.2,0.0
2026,9,11,5,11,05:11,323.8,1.6,2.5,3.6,0.0
2026,9,11,5,13,05:12,324.6,1.5,2.3,3.9,0.0
2026,9,11,5,14,05:13,341.8,2.8,4.2,5.6,0.0
2026,9,11,5,16,05:15,321.0,1.6,2.1,3.2,0.0
2026,9,11,5,18,05:17,323.3,2.9,3.8,5.6,0.0
2026,9,11,5,19,05:19,319.2,1.6,2.3,3.7,0.0
2026,9,11,5,22,05:21,317.2,2.0,2.5,3.0,0.0
2026,9,11,5,23,05:22,318.6,2.1,2.7,3.3,0.0
2026,9,11,5,24,05:24,322.5,2.1,3.5,5.4,0.0
2026,9,11,5,27,05:26,321.7,2.1,2.9,4.4,0.0
2026,9,11,5,28,05:27,328.9,2.0,2.5,3.1,0.0
2026,9,11,5,29,05:28,315.2,2.5,3.3,4.4,0.0
2026,9,11,5,32,05:31,314.3,2.5,3.7,4.9,0.0
2026,9,11,5,33,05:32,315.5,2.7,3.5,4.9,0.0
2026,9,11,5,34,05:34,315.1,1.9,2.7,3.4,0.0
2026,9,11,5,36,05:36,311.6,2.3,3.4,5.0,0.0
2026,9,11,5,38,05:37,306.0,3.1,3.9,5.3,0.0
2026,9,11,5,39,05:39,313.0,2.3,3.2,4.6,0.0
2026,9,11,5,42,05:41,327.7,2.5,3.7,6.0,0.0
2026,9,11,5,43,05:42,303.7,2.2,3.4,4.4,0.0
2026,9,11,5,44,05:43,314.0,1.8,2.8,3.4,0.0
2026,9,11,5,47,05:46,298.8,2.4,3.2,4.4,0.0
2026,9,11,5,48,05:47,308.8,2.8,3.7,5.6,0.0
2026,9,11,5,49,05:48,303.7,2.8,3.4,4.4,0.0
2026,9,11,5,51,05:51,304.8,1.9,2.6,3.3,0.0
2026,9,11,5,53,05:52,309.4,1.8,3.2,4.9,0.0
2026,9,11,5,54,05:54,316.6,2.0,2.7,4.4,0.0
2026,9,11,5,57,05:56,309.7,2.7,3.8,4.8,0.0
2026,9,11,5,58,05:57,305.2,2.8,3.9,5.1,0.0
2026,9,11,5,59,05:59,322.9,2.0,2.7,4.3,0.0
2026,9,11,6,1,06:01,298.8,2.3,2.8,3.7,0.0
2026,9,11,6,3,06:02,313.3,1.9,2.8,4.2,0.0
2026,9,11,6,4,06:04,319.0,3.0,3.8,4.9,0.0
2026,9,11,6,7,06:06,296.5,1.8,2.6,3.2,0.0
2026,9,11,6,8,06:07,297.1,2.1,2.6,3.4,0.0
2026,9,11,6,9,06:09,293.9,1.9,2.5,3.3,0.0
2026,9,11,6,11,06:11,297.6,2.1,2.7,3.7,0.0
2026,9,11,6,13,06:12,310.2,1.9,2.8,3.3,0.0
2026,9,11,6,14,06:13,316.3,1.8,2.8,3.7,0.0
2026,9,11,6,17,06:16,285.2,2.0,2.8,3.9,0.0
2026,9,11,6,18,06:17,300.4,2.1,2.7,3.5,0.0
2026,9,11,6,19,06:18,291.2,2.6,3.7,4.8,0.0
2026,9,11,6,21,06:20,292.4,2.5,3.3,4.3,0.0
2026,9,11,6,23,06:22,289.9,2.0,3.6,4.4,0.0
2026,9,11,6,24,06:23,314.5,2.1,2.9,3.8,0.0
2026,9,11,6,26,06:25,292.2,1.5,2.8,3.6,0.0
2026,9,11,6,28,06:27,305.5,2.1,2.9,3.6,0.0
2026,9,11,6,29,06:28,294.2,2.5,3.5,4.7,0.0
2026,9,11,6,31,06:30,301.0,2.2,3.4,5.8,0.0
2026,9,11,6,33,06:32,290.3,2.5,3.6,4.7,0.0
2026,9,11,6,34,06:33,305.2,2.9,4.5,6.3,0.0
2026,9,11,6,36,06:35,294.0,2.2,3.1,4.4,0.0
2026,9,11,6,38,06:37,299.1,2.9,3.7,4.9,0.0
2026,9,11,6,39,06:38,301.9,2.4,4.2,5.8,0.0
2026,9,11,6,41,06:40,316.7,1.9,3.0,4.5,0.0
2026,9,11,6,43,06:42,296.7,3.1,4.1,5.6,0.0
2026,9,11,6,44,06:43,305.1,2.6,3.5,4.8,0.0
2026,9,11,6,46,06:45,310.6,3.5,4.3,5.3,0.0
2026,9,11,6,48,06:47,292.2,2.4,3.3,4.9,0.0
2026,9,11,6,49,06:48,303.7,3.0,3.7,4.8,0.0
2026,9,11,6,52,06:51,279.0,2.2,3.1,4.2,0.0
2026,9,11,6,53,06:52,297.1,2.2,3.1,4.1,0.0
2026,9,11,6,54,06:53,303.2,2.5,3.7,4.7,0.0
2026,9,11,6,57,06:56,296.7,2.0,3.5,5.7,0.0
2026,9,11,6,58,06:57,289.5,2.5,4.1,5.1,0.0
2026,9,11,6,59,06:58,308.8,2.0,3.2,4.9,0.0
2026,9,11,7,1,07:00,293.3,2.7,3.2,4.1,0.0
2026,9,11,7,3,07:02,315.8,2.7,3.6,5.1,0.0
2026,9,11,7,4,07:03,319.8,2.4,3.1,3.8,0.0
2026,9,11,7,6,07:05,280.5,1.5,2.1,3.3,0.0
2026,9,11,7,8,07:07,310.5,1.8,2.7,4.7,0.0
2026,9,11,7,9,07:08,315.1,1.5,2.5,3.5,0.0
2026,9,11,7,11,07:10,307.1,2.4,2.9,3.5,0.0
2026,9,11,7,13,07:12,317.4,3.0,4.1,6.1,0.0
2026,9,11,7,14,07:13,301.3,2.5,3.9,5.3,0.0
2026,9,11,7,16,07:15,302.6,2.2,2.7,3.3,0.0
2026,9,11,7,18,07:17,294.2,1.8,2.3,3.0,0.0
2026,9,11,7,19,07:18,305.7,2.0,2.7,4.0,0.0
2026,9,11,7,21,07:20,309.5,2.5,3.4,4.3,0.0
2026,9,11,7,23,07:22,284.5,2.6,4.0,5.9,0.0
2026,9,11,7,24,07:23,288.0,2.4,3.6,7.1,0.0
2026,9,11,7,27,07:26,317.4,2.7,3.6,6.0,0.0
2026,9,11,7,28,07:27,304.6,2.2,2.9,3.9,0.0
2026,9,11,7,29,07:28,322.9,2.8,3.7,5.6,0.0
2026,9,11,7,32,07:31,311.5,1.8,3.9,6.3,0.0
2026,9,11,7,33,07:32,314.5,2.6,4.1,5.8,0.0
2026,9,11,7,34,07:33,287.1,2.2,3.6,5.5,0.0
2026,9,11,7,36,07:35,284.9,2.2,3.8,5.1,0.0
2026,9,11,7,38,07:37,300.0,2.7,3.9,5.5,0.0
2026,9,11,7,39,07:38,301.1,3.1,3.6,4.9,0.0
2026,9,11,7,42,07:41,308.2,1.6,2.3,3.4,0.0
2026,9,11,7,43,07:42,299.9,1.9,3.1,5.2,0.0
2026,9,11,7,44,07:43,312.3,2.0,3.2,5.8,0.0
2026,9,11,7,46,07:45,302.2,2.7,3.7,5.4,0.0
2026,9,11,7,48,07:47,297.4,1.8,3.2,5.1,0.0
2026,9,11,7,49,07:48,318.3,2.4,3.7,4.9,0.0
2026,9,11,7,51,07:50,301.8,2.1,3.1,4.1,0.0
2026,9,11,7,53,07:52,304.2,2.8,3.8,5.1,0.0
2026,9,11,7,54,07:53,303.4,3.0,4.2,6.1,0.0
2026,9,11,7,56,07:55,275.0,1.1,4.3,6.8,0.0
2026,9,11,7,58,07:57,297.9,2.4,3.7,5.7,0.0
2026,9,11,7,59,07:58,306.1,2.8,4.2,5.8,0.0
2026,9,11,8,1,08:00,291.2,2.8,3.4,5.0,0.0
2026,9,11,8,3,08:02,291.6,1.9,3.4,4.7,0.0
2026,9,11,8,4,08:03,307.0,2.8,3.4,4.2,0.0
2026,9,11,8,7,08:06,313.7,2.4,3.6,5.6,0.0
2026,9,11,8,8,08:07,303.7,2.3,3.4,5.4,0.0
2026,9,11,8,9,08:08,308.7,1.9,2.9,3.8,0.0
2026,9,11,8,11,08:10,314.2,2.9,3.9,5.1,0.0
2026,9,11,8,13,08:12,319.4,2.2,4.1,7.2,0.0
2026,9,11,8,14,08:13,305.2,2.8,3.8,4.8,0.0
2026,9,11,8,17,08:16,299.5,2.7,4.0,6.5,0.0
2026,9,11,8,18,08:17,304.4,2.0,3.1,4.0,0.0
2026,9,11,8,19,08:18,300.8,2.2,3.4,5.0,0.0
2026,9,11,8,22,08:21,308.2,3.0,4.9,7.2,0.0
2026,9,11,8,23,08:22,306.9,2.5,4.3,7.3,0.0
2026,9,11,8,24,08:23,296.4,2.4,3.5,5.0,0.0
2026,9,11,8,26,08:25,307.2,2.8,3.8,5.5,0.0
2026,9,11,8,28,08:27,296.5,2.3,4.1,5.4,0.0
2026,9,11,8,29,08:28,311.2,2.5,3.9,5.9,0.0
2026,9,11,8,31,08:30,289.9,2.2,3.1,5.4,0.0
2026,9,11,8,33,08:32,309.0,2.5,3.2,4.7,0.0
2026,9,11,8,34,08:33,305.0,2.3,3.4,4.6,0.0
2026,9,11,8,36,08:35,306.6,3.2,4.8,7.0,0.0
2026,9,11,8,38,08:37,286.0,2.2,3.8,6.0,0.0
2026,9,11,8,39,08:38,299.9,3.4,4.9,6.3,0.0
2026,9,11,8,42,08:41,297.3,2.7,3.7,4.7,0.0
2026,9,11,8,43,08:42,308.2,3.1,4.2,5.7,0.0
2026,9,11,8,44,08:43,306.3,2.2,3.7,5.5,0.0
2026,9,11,8,46,08:45,316.4,3.3,5.5,9.3,0.0
2026,9,11,8,48,08:47,301.0,2.8,3.4,4.2,0.0
2026,9,11,8,49,08:48,309.8,2.3,3.5,5.0,0.0
2026,9,11,8,52,08:51,315.7,3.7,4.7,6.8,0.0
2026,9,11,8,53,08:52,315.4,3.3,4.6,6.2,0.0
2026,9,11,8,54,08:53,312.6,3.7,4.9,6.4,0.0
2026,9,11,8,57,08:56,318.4,3.8,4.9,6.7,0.0
2026,9,11,8,58,08:57,307.8,4.5,6.1,8.5,0.0
2026,9,11,8,59,08:58,309.1,2.9,4.9,6.8,0.0
2026,9,11,9,1,09:00,312.5,3.7,4.6,6.4,0.0
2026,9,11,9,3,09:02,323.4,3.6,5.2,7.7,0.0
2026,9,11,9,4,09:03,314.8,4.6,5.8,7.3,0.0
2026,9,11,9,6,09:05,293.4,3.4,4.4,6.3,0.0
2026,9,11,9,9,09:07,319.9,4.8,6.5,8.3,0.0
2026,9,11,9,10,09:09,312.0,2.5,4.3,6.9,0.0
2026,9,11,9,12,09:11,317.8,3.2,5.1,6.4,0.0
2026,9,11,9,13,09:12,303.4,4.2,5.4,7.3,0.0
2026,9,11,9,14,09:13,306.3,4.5,5.8,7.8,0.0
2026,9,11,9,16,09:15,306.3,3.8,4.9,6.8,0.0
2026,9,11,9,18,09:17,299.5,4.1,6.7,9.8,0.0
2026,9,11,9,19,09:18,312.0,4.6,6.8,8.5,0.0
2026,9,11,9,21,09:20,316.5,3.1,5.4,8.0,0.0
2026,9,11,9,23,09:22,298.0,3.3,4.7,7.2,0.0
2026,9,11,9,24,09:23,296.8,2.9,5.0,7.9,0.0
2026,9,11,9,26,09:25,325.1,4.4,6.2,8.9,0.0
2026,9,11,9,28,09:27,313.8,3.9,5.7,8.5,0.0
2026,9,11,9,29,09:28,320.1,4.0,5.8,8.7,0.0
2026,9,11,9,32,09:31,301.3,3.4,4.9,6.9,0.0
2026,9,11,9,33,09:32,308.1,3.4,5.1,7.2,0.0
2026,9,11,9,34,09:33,319.2,4.8,6.2,8.4,0.0
2026,9,11,9,36,09:35,297.3,3.7,5.7,8.1,0.0
2026,9,11,9,38,09:37,326.3,3.8,6.5,8.9,0.0
2026,9,11,9,39,09:38,336.7,4.7,6.2,8.6,0.0
2026,9,11,9,41,09:40,308.4,3.0,4.9,7.8,0.0
2026,9,11,9,43,09:42,309.1,3.9,6.6,9.5,0.0
2026,9,11,9,44,09:43,300.3,3.9,4.9,6.8,0.0
2026,9,11,9,46,09:45,316.5,3.0,4.5,6.0,0.0
2026,9,11,9,48,09:47,306.0,3.0,5.0,7.2,0.0
2026,9,11,9,49,09:48,304.7,3.5,4.6,5.9,0.0
2026,9,11,9,51,09:50,315.8,3.0,4.8,7.2,0.0
2026,9,11,9,53,09:52,313.2,4.0,5.8,8.0,0.0
2026,9,11,9,54,09:53,318.8,3.4,5.0,7.0,0.0
2026,9,11,9,56,09:55,310.2,3.1,4.7,8.1,0.0
2026,9,11,9,58,09:57,316.2,2.7,5.0,8.2,0.0
2026,9,11,9,59,09:58,296.3,3.3,4.8,6.6,0.0
2026,9,11,10,1,10:00,307.5,3.6,5.3,7.9,0.0
2026,9,11,10,3,10:02,317.5,3.0,4.3,5.8,0.0
2026,9,11,10,4,10:03,304.2,3.4,5.1,7.4,0.0
2026,9,11,10,6,10:05,308.6,4.1,5.5,8.0,0.0
2026,9,11,10,8,10:07,312.5,3.3,4.6,6.7,0.0
2026,9,11,10,9,10:08,310.8,1.9,3.7,7.5,0.0
2026,9,11,10,11,10:10,293.9,3.4,5.0,6.2,0.0
2026,9,11,10,13,10:12,307.1,4.8,6.3,8.7,0.0
2026,9,11,10,14,10:13,306.3,4.1,5.5,8.3,0.0
2026,9,11,10,17,10:16,320.1,3.9,5.2,7.2,0.0
2026,9,11,10,18,10:17,307.3,3.0,4.8,7.8,0.0
2026,9,11,10,19,10:18,307.0,3.2,5.0,7.3,0.0
2026,9,11,10,22,10:21,313.0,3.1,4.1,6.5,0.0
2026,9,11,10,23,10:22,300.8,2.9,4.5,5.8,0.0
2026,9,11,10,24,10:23,308.0,2.8,4.3,6.5,0.0
2026,9,11,10,27,10:26,320.2,5.8,7.8,10.2,0.0
2026,9,11,10,28,10:27,315.9,3.8,5.1,7.5,0.0
2026,9,11,10,29,10:28,311.5,4.4,6.2,9.4,0.0
2026,9,11,10,31,10:30,306.0,5.4,6.9,9.2,0.0
2026,9,11,10,33,10:32,308.4,3.9,5.5,7.2,0.0
2026,9,11,10,34,10:33,305.7,4.5,5.8,7.0,0.0
2026,9,11,10,37,10:36,312.4,4.2,5.9,8.3,0.0
2026,9,11,10,38,10:37,316.2,3.8,5.0,7.3,0.0
2026,9,11,10,39,10:38,306.5,3.0,5.7,8.9,0.0
2026,9,11,10,41,10:40,316.7,3.9,5.7,8.3,0.0
2026,9,11,10,43,10:42,293.0,3.1,4.6,6.1,0.0
2026,9,11,10,44,10:43,303.7,2.7,5.0,6.5,0.0
2026,9,11,10,46,10:45,310.0,4.3,6.0,7.0,0.0
2026,9,11,10,48,10:47,304.6,2.8,4.3,6.5,0.0
2026,9,11,10,49,10:48,293.6,2.9,3.9,5.6,0.0
2026,9,11,10,52,10:51,298.9,3.3,4.6,6.7,0.0
2026,9,11,10,53,10:52,297.8,5.2,6.9,9.1,0.0
2026,9,11,10,54,10:53,312.1,4.2,6.6,9.5,0.0
2026,9,11,10,56,10:55,299.8,4.4,6.7,9.8,0.0
2026,9,11,10,58,10:57,297.5,2.9,4.5,5.7,0.0
2026,9,11,10,59,10:58,298.9,3.5,5.3,9.0,0.0
2026,9,11,11,2,11:01,291.8,3.0,4.5,8.3,0.0
2026,9,11,11,3,11:02,275.9,3.2,5.6,8.4,0.0
2026,9,11,11,4,11:03,308.5,2.8,4.5,6.9,0.0
2026,9,11,11,7,11:06,275.8,3.7,5.6,7.6,0.0
2026,9,11,11,8,11:07,304.1,4.5,5.9,8.5,0.0
2026,9,11,11,9,11:08,309.8,3.9,5.3,8.3,0.0
2026,9,11,11,11,11:10,288.6,3.4,4.5,6.5,0.0
2026,9,11,11,13,11:12,288.1,3.1,4.5,7.7,0.0
2026,9,11,11,14,11:13,299.6,5.2,6.7,9.7,0.0
2026,9,11,11,16,11:15,274.2,2.7,5.2,8.3,0.0
2026,9,11,11,18,11:17,305.0,4.3,6.3,9.1,0.0
2026,9,11,11,19,11:18,306.8,5.7,7.3,10.2,0.0
2026,9,11,11,21,11:20,304.5,4.9,6.9,9.1,0.0
2026,9,11,11,23,11:22,309.3,5.2,7.7,9.9,0.0
2026,9,11,11,24,11:23,304.1,3.8,5.5,7.8,0.0
2026,9,11,11,26,11:25,300.2,5.2,6.9,9.2,0.0
2026,9,11,11,28,11:27,311.2,4.1,6.2,9.4,0.0
2026,9,11,11,29,11:28,320.7,5.5,7.7,10.4,0.0
2026,9,11,11,31,11:31,286.2,3.3,4.3,6.0,0.0
2026,9,11,11,33,11:33,297.7,2.3,3.5,4.9,0.0
2026,9,11,11,34,11:34,295.4,2.9,4.5,7.7,0.0
2026,9,11,11,36,11:36,303.5,5.0,7.2,10.0,0.0
2026,9,11,11,38,11:38,298.4,3.7,5.7,7.4,0.0
2026,9,11,11,39,11:39,289.0,3.6,5.0,6.2,0.0
2026,9,11,11,41,11:41,282.5,3.5,5.1,6.7,0.0
2026,9,11,11,43,11:43,314.2,4.6,7.5,9.4,0.0
2026,9,11,11,44,11:44,314.2,5.7,8.0,10.5,0.0
2026,9,11,11,46,11:46,297.3,4.4,6.6,9.8,0.0
2026,9,11,11,48,11:48,303.6,4.5,6.3,9.0,0.0
2026,9,11,11,49,11:49,315.4,3.4,4.6,7.7,0.0
2026,9,11,11,52,11:51,301.0,4.5,5.4,7.8,0.0
2026,9,11,11,53,11:53,291.2,2.8,4.2,5.3,0.0
2026,9,11,11,54,11:54,306.9,3.4,4.9,6.9,0.0
2026,9,11,11,57,11:57,308.9,4.1,5.6,7.2,0.0
2026,9,11,11,58,11:58,332.8,3.2,4.9,8.8,0.0
2026,9,11,11,59,11:59,297.9,3.4,4.2,5.2,0.0
2026,9,11,12,2,12:01,302.6,2.4,3.4,4.6,0.0
2026,9,11,12,3,12:03,302.2,2.5,4.3,7.1,0.0
2026,9,11,12,4,12:04,293.9,3.7,5.1,6.5,0.0
2026,9,11,12,6,12:06,295.5,3.1,4.3,5.8,0.0
2026,9,11,12,8,12:08,300.0,4.1,5.7,6.9,0.0
2026,9,11,12,9,12:09,293.9,3.2,5.0,7.0,0.0
2026,9,11,12,12,12:12,307.4,4.2,5.8,7.3,0.0
2026,9,11,12,13,12:13,315.4,3.1,5.3,7.9,0.0
2026,9,11,12,14,12:14,321.1,2.5,6.0,8.5,0.0
2026,9,11,12,17,12:16,320.4,3.6,4.7,6.1,0.0
2026,9,11,12,18,12:18,321.6,3.5,6.2,9.0,0.0
2026,9,11,12,19,12:19,301.9,4.7,5.9,8.8,0.0
2026,9,11,12,23,12:23,331.5,4.9,7.0,9.6,0.0
2026,9,11,12,24,12:24,319.6,4.6,6.6,9.9,0.0
2026,9,11,12,26,12:26,311.6,4.2,6.3,8.3,0.0
2026,9,11,12,28,12:28,323.2,3.4,5.1,8.0,0.0
2026,9,11,12,29,12:29,303.2,4.7,6.3,9.2,0.0
2026,9,11,12,31,12:31,314.9,3.5,6.0,9.1,0.0
2026,9,11,12,33,12:33,309.3,4.3,7.3,12.6,0.0
2026,9,11,12,34,12:34,312.4,4.7,7.4,11.0,0.0
2026,9,11,12,36,12:36,316.4,5.3,7.1,10.7,0.0
2026,9,11,12,38,12:38,295.9,4.2,5.6,7.2,0.0
2026,9,11,12,39,12:39,293.0,3.3,4.1,5.6,0.0
2026,9,11,12,42,12:41,299.5,2.6,4.0,5.7,0.0
2026,9,11,12,43,12:43,293.5,2.0,3.7,5.5,0.0
2026,9,11,12,44,12:44,308.6,3.3,4.7,6.0,0.0
2026,9,11,12,47,12:46,290.5,1.9,3.5,5.2,0.0
2026,9,11,12,48,12:48,293.4,3.2,4.5,5.5,0.0
2026,9,11,12,49,12:49,294.5,3.2,3.9,4.9,0.0
2026,9,11,12,52,12:51,277.6,3.2,4.7,6.5,0.0
2026,9,11,12,53,12:53,277.3,3.6,5.1,7.5,0.0
2026,9,11,12,54,12:54,275.0,3.8,5.3,7.3,0.0
2026,9,11,12,56,12:56,289.0,3.5,4.3,5.4,0.0
2026,9,11,12,58,12:58,291.6,4.1,6.0,7.8,0.0
2026,9,11,12,59,12:59,285.6,3.5,5.1,6.7,0.0
2026,9,11,13,1,13:01,277.1,2.6,4.2,7.7,0.0
2026,9,11,13,3,13:03,279.5,3.5,5.1,6.5,0.0
2026,9,11,13,4,13:04,295.3,3.3,4.8,7.1,0.0
2026,9,11,13,6,13:06,284.8,4.2,5.6,7.2,0.0
2026,9,11,13,8,13:08,281.2,3.9,5.6,8.2,0.0
2026,9,11,13,9,13:09,284.5,3.7,4.6,5.7,0.0
2026,9,11,13,12,13:11,310.6,3.5,5.4,7.4,0.0
2026,9,11,13,13,13:13,305.7,3.6,4.6,5.9,0.0
2026,9,11,13,14,13:14,313.2,3.6,5.2,8.3,0.0
2026,9,11,13,17,13:16,290.5,1.4,3.4,5.6,0.0
2026,9,11,13,18,13:18,315.0,3.7,5.6,8.0,0.0
2026,9,11,13,19,13:19,296.6,3.2,4.5,7.3,0.0
2026,9,11,13,21,13:21,277.3,4.2,5.6,8.8,0.0
2026,9,11,13,23,13:23,274.9,3.9,5.1,7.3,0.0
2026,9,11,13,24,13:24,279.7,3.0,4.8,6.2,0.0
2026,9,11,13,26,13:26,315.3,2.9,6.5,10.3,0.0
2026,9,11,13,28,13:28,305.9,5.6,7.8,10.2,0.0
2026,9,11,13,29,13:29,308.7,5.2,7.9,9.9,0.0
2026,9,11,13,31,13:31,308.6,4.0,6.8,9.9,0.0
2026,9,11,13,33,13:33,316.9,4.5,6.2,9.7,0.0
2026,9,11,13,34,13:34,307.0,4.1,6.3,9.7,0.0
2026,9,11,13,36,13:36,333.5,3.5,4.8,6.2,0.0
2026,9,11,13,38,13:38,295.3,3.7,5.3,7.0,0.0
2026,9,11,13,39,13:39,283.4,3.6,5.1,6.5,0.0
2026,9,11,13,41,13:41,306.6,2.7,5.1,7.7,0.0
2026,9,11,13,43,13:43,310.4,2.3,4.5,6.9,0.0
2026,9,11,13,44,13:44,296.1,2.7,4.2,6.0,0.0
2026,9,11,13,46,13:46,296.6,3.0,4.3,6.5,0.0
2026,9,11,13,48,13:48,300.9,3.1,4.1,5.9,0.0
2026,9,11,13,49,13:49,294.7,3.6,5.7,10.1,0.0
2026,9,11,13,52,13:51,309.3,2.2,4.7,6.3,0.0
2026,9,11,13,53,13:53,320.5,3.2,4.3,7.4,0.0
2026,9,11,13,54,13:54,283.4,2.4,3.0,4.2,0.0
2026,9,11,13,56,13:56,279.3,3.4,4.7,7.1,0.0
2026,9,11,13,58,13:58,274.7,3.3,5.6,7.9,0.0
2026,9,11,13,59,13:59,274.9,3.3,5.9,8.0,0.0
2026,9,11,14,1,14:01,294.9,3.8,5.4,7.3,0.0
2026,9,11,14,3,14:03,281.6,3.7,5.5,7.2,0.0
2026,9,11,14,4,14:04,278.2,3.7,5.4,8.6,0.0
2026,9,11,14,7,14:06,280.3,3.5,5.1,6.6,0.0
2026,9,11,14,8,14:08,293.5,3.8,5.3,7.6,0.0
2026,9,11,14,9,14:09,296.1,3.4,4.8,6.8,0.0
2026,9,11,14,11,14:11,290.7,2.4,4.5,6.6,0.0
2026,9,11,14,13,14:13,306.8,3.3,5.8,8.3,0.0
2026,9,11,14,14,14:14,288.8,3.1,4.5,7.1,0.0
2026,9,11,14,16,14:16,297.9,4.1,5.0,6.9,0.0
2026,9,11,14,18,14:18,289.5,3.8,5.4,9.8,0.0
2026,9,11,14,19,14:19,290.8,3.6,5.7,7.2,0.0
2026,9,11,14,21,14:21,299.3,3.5,4.9,7.0,0.0
2026,9,11,14,23,14:23,294.9,4.2,5.5,6.9,0.0
2026,9,11,14,24,14:24,292.7,3.1,4.5,5.9,0.0
2026,9,11,14,27,14:26,315.1,3.8,5.2,6.8,0.0
2026,9,11,14,28,14:28,290.6,2.8,3.7,4.7,0.0
2026,9,11,14,29,14:29,279.1,1.4,3.1,4.8,0.0
2026,9,11,14,31,14:31,297.9,2.2,2.9,3.9,0.0
2026,9,11,14,33,14:33,287.9,3.1,4.0,5.0,0.0
2026,9,11,14,34,14:34,307.3,3.1,4.6,5.8,0.0
2026,9,11,14,36,14:36,268.8,3.6,4.3,5.6,0.0
2026,9,11,14,38,14:38,265.5,3.5,4.3,5.6,0.0
2026,9,11,14,39,14:39,276.2,3.1,4.5,6.0,0.0
2026,9,11,14,42,14:41,280.1,4.0,5.5,8.0,0.0
2026,9,11,14,43,14:43,283.2,3.6,5.7,6.9,0.0
2026,9,11,14,44,14:44,278.3,3.2,4.6,6.1,0.0
2026,9,11,14,46,14:46,280.7,5.1,6.8,8.5,0.0
2026,9,11,14,48,14:48,276.8,4.3,5.8,7.8,0.0
2026,9,11,14,49,14:49,283.0,4.4,6.6,9.0,0.0
2026,9,11,14,51,14:51,276.7,2.9,4.8,6.3,0.0
2026,9,11,14,53,14:53,269.6,3.4,4.1,5.0,0.0
2026,9,11,14,54,14:54,279.5,4.5,5.6,7.1,0.0
2026,9,11,14,57,14:56,291.1,3.6,4.3,5.8,0.0
2026,9,11,14,58,14:58,278.0,2.7,4.3,6.0,0.0
2026,9,11,14,59,14:59,274.9,4.2,5.6,7.3,0.0
2026,9,11,15,1,15:01,292.3,4.5,6.0,8.1,0.0
2026,9,11,15,3,15:03,301.6,3.4,4.6,7.2,0.0
2026,9,11,15,4,15:04,293.0,2.9,4.7,7.1,0.0
2026,9,11,15,6,15:06,295.8,3.4,5.0,7.1,0.0
2026,9,11,15,8,15:08,290.5,4.2,4.9,6.3,0.0
2026,9,11,15,9,15:09,285.2,2.7,4.3,6.4,0.0
2026,9,11,15,12,15:11,301.7,3.6,4.8,6.3,0.0
2026,9,11,15,13,15:13,306.8,4.7,6.1,8.1,0.0
2026,9,11,15,14,15:14,304.7,3.2,4.2,6.1,0.0
2026,9,11,15,17,15:16,287.8,2.6,3.7,4.4,0.0
2026,9,11,15,18,15:18,321.2,3.4,5.0,7.5,0.0
2026,9,11,15,19,15:19,292.2,3.0,5.1,7.3,0.0
2026,9,11,15,21,15:21,290.8,2.8,3.8,5.3,0.0
2026,9,11,15,23,15:23,295.1,2.8,3.9,6.0,0.0
2026,9,11,15,24,15:24,295.4,2.5,4.6,6.0,0.0
2026,9,11,15,26,15:26,273.8,3.2,4.0,5.2,0.0
2026,9,11,15,28,15:28,266.1,4.1,5.6,7.8,0.0
2026,9,11,15,29,15:29,274.0,4.1,6.1,7.9,0.0
2026,9,11,15,32,15:31,280.9,2.7,4.3,6.1,0.0
2026,9,11,15,33,15:33,266.1,3.2,4.5,5.9,0.0
2026,9,11,15,34,15:34,266.0,4.1,5.5,7.7,0.0
2026,9,11,15,36,15:36,265.0,4.2,5.8,9.1,0.0
2026,9,11,15,38,15:38,268.4,3.8,5.4,7.3,0.0
2026,9,11,15,39,15:39,257.9,2.0,4.8,7.0,0.0
2026,9,11,15,41,15:41,271.5,3.3,4.9,5.9,0.0
2026,9,11,15,43,15:43,265.2,3.3,4.5,5.8,0.0
2026,9,11,15,44,15:44,261.8,3.4,4.8,6.5,0.0
2026,9,11,15,46,15:46,264.8,4.8,5.6,6.5,0.0
2026,9,11,15,48,15:48,248.3,2.9,5.2,7.4,0.0
2026,9,11,15,49,15:49,256.4,3.9,5.2,6.5,0.0
2026,9,11,15,51,15:51,270.2,3.6,5.2,7.0,0.0
2026,9,11,15,53,15:53,279.5,4.1,5.2,6.4,0.0
2026,9,11,15,54,15:54,275.8,3.4,4.7,6.0,0.0
2026,9,11,15,57,15:56,274.6,4.0,5.6,8.3,0.0
2026,9,11,15,58,15:58,272.0,4.8,5.9,8.4,0.0
2026,9,11,15,59,15:59,262.8,4.1,5.3,7.1,0.0
2026,9,11,16,2,16:01,257.3,3.3,5.2,7.2,0.0
2026,9,11,16,3,16:03,255.1,3.8,6.2,8.7,0.0
2026,9,11,16,4,16:04,264.7,3.5,5.7,7.7,0.0
2026,9,11,16,6,16:06,266.4,5.8,7.7,10.0,0.0
2026,9,11,16,8,16:08,279.5,3.5,4.4,5.5,0.0
2026,9,11,16,11,16:11,264.7,3.5,4.4,5.2,0.0
2026,9,11,16,13,16:13,257.7,3.6,5.3,6.9,0.0
2026,9,11,16,14,16:14,266.8,2.6,4.2,6.7,0.0
2026,9,11,16,16,16:16,275.6,3.7,5.0,6.8,0.0
2026,9,11,16,18,16:18,269.1,2.4,4.4,6.6,0.0
2026,9,11,16,19,16:19,267.4,2.8,4.6,6.5,0.0
2026,9,11,16,21,16:21,276.6,2.6,4.3,6.3,0.0
2026,9,11,16,23,16:23,275.3,4.4,5.6,6.5,0.0
2026,9,11,16,24,16:24,264.6,3.3,5.1,6.0,0.0
2026,9,11,16,27,16:26,275.0,2.8,4.3,5.5,0.0
2026,9,11,16,28,16:28,270.0,2.7,4.0,6.0,0.0
2026,9,11,16,29,16:29,279.1,2.6,3.8,5.1,0.0
2026,9,11,16,31,16:31,278.0,3.0,3.8,5.0,0.0
2026,9,11,16,33,16:33,281.3,2.1,3.1,4.6,0.0
2026,9,11,16,34,16:34,272.1,2.0,2.7,3.8,0.0
2026,9,11,16,36,16:36,273.0,3.1,4.1,5.6,0.0
2026,9,11,16,38,16:38,260.8,2.0,3.4,4.8,0.0
2026,9,11,16,39,16:39,269.3,2.4,3.3,4.9,0.0
2026,9,11,16,42,16:41,265.0,3.6,4.8,6.0,0.0
2026,9,11,16,43,16:43,254.3,3.5,4.7,6.3,0.0
2026,9,11,16,44,16:44,256.8,3.4,4.2,5.2,0.0
2026,9,11,16,46,16:46,267.9,3.6,4.9,6.8,0.0
2026,9,11,16,48,16:48,260.0,3.8,4.6,5.8,0.0
2026,9,11,16,49,16:49,258.5,2.3,3.9,5.8,0.0
2026,9,11,16,51,16:51,268.0,3.3,4.4,5.3,0.0
2026,9,11,16,53,16:53,251.8,2.4,4.1,6.0,0.0
2026,9,11,16,54,16:54,253.4,3.3,4.6,6.5,0.0
2026,9,11,16,56,16:56,266.2,2.9,4.3,5.5,0.0
2026,9,11,16,58,16:58,253.8,2.2,3.4,4.4,0.0
2026,9,11,16,59,16:59,243.4,2.7,4.1,7.0,0.0
2026,9,11,17,1,17:01,264.9,2.9,4.2,5.5,0.0
2026,9,11,17,3,17:03,262.3,3.4,4.6,6.2,0.0
2026,9,11,17,4,17:04,268.7,3.7,4.8,6.7,0.0
2026,9,11,17,6,17:06,254.2,2.7,4.2,6.3,0.0
2026,9,11,17,8,17:08,262.5,3.3,4.1,5.5,0.0
2026,9,11,17,9,17:09,259.6,1.6,3.8,5.2,0.0
2026,9,11,17,12,17:11,280.6,2.9,3.8,4.9,0.0
2026,9,11,17,13,17:13,259.6,2.6,3.8,5.5,0.0
2026,9,11,17,14,17:14,269.1,3.8,4.5,5.6,0.0
2026,9,11,17,17,17:16,276.2,4.0,4.9,6.5,0.0
2026,9,11,17,18,17:18,268.9,3.5,4.6,5.7,0.0
2026,9,11,17,19,17:19,273.3,2.4,4.1,5.9,0.0
2026,9,11,17,21,17:21,255.0,2.8,3.9,6.3,0.0
2026,9,11,17,23,17:23,283.1,2.6,3.6,4.7,0.0
2026,9,11,17,24,17:24,265.7,2.9,3.4,4.4,0.0
2026,9,11,17,26,17:26,268.9,2.7,4.1,6.3,0.0
2026,9,11,17,28,17:28,264.9,3.9,5.3,6.8,0.0
2026,9,11,17,29,17:29,247.5,3.0,5.1,6.9,0.0
2026,9,11,17,31,17:31,261.2,4.6,6.2,7.8,0.0
2026,9,11,17,33,17:33,267.7,4.3,5.5,7.0,0.0
2026,9,11,17,34,17:34,261.9,3.1,4.5,5.7,0.0
2026,9,11,17,37,17:36,261.9,3.8,6.0,9.1,0.0
2026,9,11,17,38,17:38,255.4,2.2,5.0,6.7,0.0
2026,9,11,17,39,17:39,264.5,4.2,5.7,6.8,0.0
2026,9,11,17,41,17:41,262.5,4.2,5.0,6.0,0.0
2026,9,11,17,43,17:43,261.9,3.4,5.1,6.6,0.0
2026,9,11,17,44,17:44,268.8,3.7,4.9,5.9,0.0
2026,9,11,17,46,17:46,271.6,3.2,4.4,5.6,0.0
2026,9,11,17,48,17:48,268.9,2.5,4.0,5.3,0.0
2026,9,11,17,49,17:49,266.4,2.0,4.3,6.6,0.0
2026,9,11,17,52,17:51,263.2,3.3,5.3,6.4,0.0
2026,9,11,17,53,17:53,264.3,3.0,4.8,6.1,0.0
2026,9,11,17,54,17:54,252.8,3.5,4.9,6.5,0.0
2026,9,11,17,57,17:56,261.3,2.3,4.1,5.6,0.0
2026,9,11,17,58,17:58,262.2,2.7,4.8,6.3,0.0
2026,9,11,17,59,17:59,260.7,4.4,5.0,6.2,0.0
2026,9,11,18,1,18:01,257.7,2.6,3.8,4.9,0.0
2026,9,11,18,3,18:03,264.5,2.1,3.2,4.6,0.0
2026,9,11,18,4,18:04,256.5,2.7,4.3,5.7,0.0
2026,9,11,18,6,18:06,249.0,3.0,4.2,5.8,0.0
2026,9,11,18,8,18:08,253.3,3.1,4.3,5.9,0.0
2026,9,11,18,9,18:09,260.3,3.1,4.5,5.9,0.0
2026,9,11,18,12,18:11,255.6,2.9,4.4,6.2,0.0
2026,9,11,18,13,18:13,267.0,2.9,4.5,5.6,0.0
2026,9,11,18,14,18:14,266.0,3.0,4.1,5.3,0.0
2026,9,11,18,16,18:16,272.4,2.9,4.4,6.0,0.0
2026,9,11,18,18,18:18,240.2,1.7,2.9,4.7,0.0
2026,9,11,18,19,18:19,243.1,2.3,3.5,5.4,0.0
2026,9,11,18,21,18:21,252.5,1.8,3.1,4.9,0.0
2026,9,11,18,23,18:23,250.1,3.3,5.0,6.7,0.0
2026,9,11,18,24,18:24,246.0,2.5,4.4,5.7,0.0
2026,9,11,18,26,18:26,258.1,2.7,3.6,4.8,0.0
2026,9,11,18,28,18:28,240.9,2.3,3.5,5.0,0.0
2026,9,11,18,29,18:29,254.4,2.9,4.0,5.0,0.0
2026,9,11,18,31,18:31,268.3,2.9,5.5,7.7,0.0
2026,9,11,18,33,18:33,271.2,3.0,4.3,6.5,0.0
2026,9,11,18,34,18:34,259.4,3.1,4.7,6.5,0.0
2026,9,11,18,36,18:36,258.9,3.1,5.0,6.9,0.0
2026,9,11,18,38,18:38,263.0,4.0,5.5,6.5,0.0
2026,9,11,18,39,18:39,265.1,4.3,5.6,7.5,0.0
2026,9,11,18,41,18:41,256.0,3.3,5.2,7.3,0.0
2026,9,11,18,43,18:43,258.0,2.4,4.2,5.5,0.0
2026,9,11,18,44,18:44,256.5,3.4,4.9,6.3,0.0
2026,9,11,18,46,18:46,265.6,3.2,4.5,6.2,0.0
2026,9,11,18,48,18:48,266.6,3.6,4.6,5.7,0.0
2026,9,11,18,49,18:49,258.7,3.5,4.4,5.3,0.0
2026,9,11,18,51,18:51,262.6,4.7,5.9,7.1,0.0
2026,9,11,18,53,18:53,257.9,3.2,4.7,5.6,0.0
2026,9,11,18,54,18:54,268.4,3.3,4.2,5.7,0.0
2026,9,11,18,57,18:56,257.8,2.3,3.5,4.6,0.0
2026,9,11,18,58,18:58,266.6,3.6,4.3,5.8,0.0
2026,9,11,18,59,18:59,269.2,3.5,4.6,5.8,0.0
2026,9,11,19,1,19:01,271.7,3.5,4.4,5.6,0.0
2026,9,11,19,3,19:03,266.8,2.8,3.8,5.0,0.0
2026,9,11,19,4,19:04,261.5,3.2,4.5,5.8,0.0
2026,9,11,19,7,19:06,263.8,2.6,4.6,5.8,0.0
2026,9,11,19,8,19:08,269.6,2.7,3.6,4.8,0.0
2026,9,11,19,9,19:09,263.2,2.9,4.2,5.4,0.0
2026,9,11,19,11,19:11,270.8,1.8,3.4,4.6,0.0
2026,9,11,19,13,19:13,272.7,2.9,3.9,4.9,0.0
2026,9,11,19,14,19:14,267.5,2.4,4.1,5.6,0.0
2026,9,11,19,16,19:16,265.0,3.3,3.7,4.1,0.0
2026,9,11,19,18,19:18,265.1,2.8,3.6,4.5,0.0
2026,9,11,19,19,19:19,271.6,3.5,4.3,5.2,0.0
2026,9,11,19,21,19:21,258.6,2.2,3.6,4.4,0.0
2026,9,11,19,23,19:23,259.5,2.3,3.9,5.3,0.0
2026,9,11,19,24,19:24,248.3,1.8,2.6,3.5,0.0
2026,9,11,19,27,19:26,260.8,2.2,3.3,4.3,0.0
2026,9,11,19,28,19:28,267.5,2.1,3.4,4.1,0.0
2026,9,11,19,29,19:29,243.1,1.6,2.5,3.1,0.0
2026,9,11,19,31,19:31,250.9,1.7,2.7,3.4,0.0
2026,9,11,19,33,19:33,250.6,2.3,3.2,4.4,0.0
2026,9,11,19,34,19:34,265.5,2.3,3.2,4.5,0.0
2026,9,11,19,37,19:36,262.7,2.5,3.1,3.5,0.0
2026,9,11,19,38,19:38,261.3,1.7,2.7,3.4,0.0
2026,9,11,19,39,19:39,252.7,2.0,2.6,3.6,0.0
2026,9,11,19,42,19:41,264.5,1.8,3.1,3.8,0.0
2026,9,11,19,43,19:43,267.1,1.8,2.6,3.2,0.0
2026,9,11,19,44,19:44,260.4,2.2,2.7,3.4,0.0
2026,9,11,19,46,19:46,258.5,2.1,2.6,3.1,0.0
2026,9,11,19,48,19:48,250.1,1.4,2.3,3.3,0.0
2026,9,11,19,49,19:49,264.7,1.9,2.5,3.2,0.0
2026,9,11,19,51,19:51,264.8,1.8,2.1,2.7,0.0
2026,9,11,19,53,19:53,264.5,1.9,2.5,2.9,0.0
2026,9,11,19,54,19:54,261.0,2.2,2.9,3.3,0.0
2026,9,11,19,56,19:56,268.3,2.0,2.4,2.9,0.0
2026,9,11,19,58,19:58,271.6,1.1,2.6,3.7,0.0
2026,9,11,19,59,19:59,265.7,2.3,2.6,3.3,0.0
2026,9,11,20,1,20:01,266.3,1.8,2.7,3.5,0.0
2026,9,11,20,3,20:03,270.4,2.1,2.5,3.2,0.0
2026,9,11,20,4,20:04,269.9,2.0,2.6,3.3,0.0
2026,9,11,20,7,20:06,268.7,1.9,2.5,2.9,0.0
2026,9,11,20,8,20:08,272.2,1.9,2.3,2.9,0.0
2026,9,11,20,9,20:09,275.7,2.2,2.6,3.0,0.0
2026,9,11,20,11,20:11,278.8,2.0,2.4,3.2,0.0
2026,9,11,20,13,20:13,277.0,1.7,2.1,3.1,0.0
2026,9,11,20,14,20:14,274.4,2.1,2.5,2.9,0.0
2026,9,11,20,17,20:16,259.7,1.0,1.7,2.5,0.0
2026,9,11,20,18,20:18,272.1,2.0,2.6,3.1,0.0
2026,9,11,20,19,20:19,267.2,2.1,2.5,3.0,0.0
2026,9,11,20,21,20:21,273.8,1.9,2.3,2.9,0.0
2026,9,11,20,23,20:23,264.1,1.9,2.3,2.7,0.0
2026,9,11,20,24,20:24,268.4,1.6,2.3,3.2,0.0
2026,9,11,20,27,20:26,273.1,1.8,2.6,3.1,0.0
2026,9,11,20,28,20:28,268.2,1.7,2.4,3.4,0.0
2026,9,11,20,29,20:29,262.5,1.8,2.5,3.3,0.0
2026,9,11,20,31,20:31,261.3,1.9,2.9,3.5,0.0
2026,9,11,20,33,20:33,272.7,2.5,3.3,4.1,0.0
2026,9,11,20,34,20:34,272.1,2.1,2.7,3.2,0.0
2026,9,11,20,37,20:36,273.7,2.2,2.8,3.4,0.0
2026,9,11,20,38,20:38,266.1,1.7,2.3,3.2,0.0
2026,9,11,20,39,20:39,265.3,2.0,3.0,3.7,0.0
2026,9,11,20,41,20:41,256.3,2.1,2.8,3.7,0.0
2026,9,11,20,43,20:43,257.5,1.8,2.8,3.5,0.0
2026,9,11,20,44,20:44,258.7,1.8,2.5,3.3,0.0
2026,9,11,20,47,20:46,252.8,1.3,1.9,2.7,0.0
2026,9,11,20,48,20:48,254.1,1.8,2.8,3.6,0.0
2026,9,11,20,49,20:49,267.9,1.6,2.6,3.5,0.0
2026,9,11,20,51,20:51,268.2,2.4,3.2,3.8,0.0
2026,9,11,20,53,20:53,264.3,2.2,3.2,4.0,0.0
2026,9,11,20,54,20:54,251.7,1.1,2.2,3.4,0.0
2026,9,11,20,56,20:56,263.3,1.6,2.6,3.2,0.0
2026,9,11,20,58,20:58,261.8,2.5,3.2,3.7,0.0
2026,9,11,20,59,20:59,271.6,2.3,2.7,3.2,0.0
2026,9,11,21,1,21:01,260.0,2.0,2.7,3.5,0.0
2026,9,11,21,3,21:03,274.0,2.0,2.7,3.3,0.0
2026,9,11,21,4,21:04,268.2,2.0,2.6,3.3,0.0
2026,9,11,21,6,21:06,261.1,1.5,2.6,3.9,0.0
2026,9,11,21,8,21:08,253.7,2.0,2.7,3.6,0.0
2026,9,11,21,11,21:11,245.9,1.7,2.5,3.7,0.0
2026,9,11,21,13,21:13,240.4,1.6,2.9,4.0,0.0
2026,9,11,21,14,21:14,249.2,1.5,2.4,3.3,0.0
2026,9,11,21,16,21:16,262.1,1.5,2.4,3.2,0.0
2026,9,11,21,18,21:18,248.4,2.0,2.8,3.6,0.0
2026,9,11,21,19,21:19,250.1,1.6,2.5,3.8,0.0
2026,9,11,21,22,21:21,258.9,1.6,2.7,3.7,0.0
2026,9,11,21,23,21:23,262.7,1.5,2.6,3.4,0.0
2026,9,11,21,24,21:24,255.3,1.5,2.6,4.0,0.0
2026,9,11,21,27,21:26,251.6,1.6,3.0,3.8,0.0
2026,9,11,21,28,21:28,265.1,2.5,3.1,3.8,0.0
2026,9,11,21,29,21:29,261.7,1.7,2.9,3.7,0.0
2026,9,11,21,32,21:31,258.6,1.2,2.3,3.3,0.0
2026,9,11,21,33,21:33,261.6,2.2,3.0,4.0,0.0
2026,9,11,21,34,21:34,255.3,1.9,2.7,3.4,0.0
2026,9,11,21,36,21:36,262.5,2.3,3.4,4.2,0.0
2026,9,11,21,38,21:38,254.9,1.7,2.5,3.2,0.0
2026,9,11,21,39,21:39,261.1,2.0,2.6,3.4,0.0
2026,9,11,21,41,21:41,268.6,2.4,3.4,4.2,0.0
2026,9,11,21,43,21:43,262.6,1.9,3.0,4.0,0.0
2026,9,11,21,44,21:44,261.1,2.0,2.9,3.8,0.0
2026,9,11,21,46,21:46,260.4,2.1,3.1,3.9,0.0
2026,9,11,21,48,21:48,249.5,2.4,3.3,4.7,0.0
2026,9,11,21,49,21:49,252.4,2.8,3.5,4.1,0.0
2026,9,11,21,51,21:51,266.2,2.2,2.9,3.9,0.0
2026,9,11,21,53,21:53,262.2,2.1,2.8,4.0,0.0
2026,9,11,21,54,21:54,268.5,2.4,3.0,4.0,0.0
2026,9,11,21,56,21:56,262.6,1.9,2.7,3.4,0.0
2026,9,11,21,58,21:58,264.2,2.4,3.5,4.3,0.0
2026,9,11,21,59,21:59,253.8,2.2,3.1,4.0,0.0
2026,9,11,22,1,22:01,266.5,2.2,3.0,3.8,0.0
2026,9,11,22,3,22:03,258.4,2.6,3.4,4.1,0.0
2026,9,11,22,4,22:04,262.0,2.0,3.1,4.5,0.0
2026,9,11,22,6,22:06,265.8,2.4,3.0,3.9,0.0
2026,9,11,22,8,22:08,272.1,2.1,3.2,4.1,0.0
2026,9,11,22,9,22:09,275.2,2.6,3.4,3.8,0.0
2026,9,11,22,12,22:11,268.7,2.6,3.5,4.3,0.0
2026,9,11,22,13,22:13,274.3,3.0,3.6,4.7,0.0
2026,9,11,22,14,22:14,268.4,2.1,3.1,3.9,0.0
2026,9,11,22,17,22:16,262.5,2.5,3.4,4.6,0.0
2026,9,11,22,18,22:18,262.1,2.9,3.8,4.9,0.0
2026,9,11,22,19,22:19,277.5,2.5,3.7,4.5,0.0
2026,9,11,22,21,22:21,256.1,2.1,3.3,4.2,0.0
2026,9,11,22,23,22:23,279.4,1.6,2.4,3.3,0.0
2026,9,11,22,24,22:24,282.7,1.9,2.8,3.8,0.0
2026,9,11,22,26,22:26,274.0,1.9,2.9,4.9,0.0
2026,9,11,22,28,22:28,276.9,2.7,3.3,4.1,0.0
2026,9,11,22,29,22:29,278.3,2.1,3.0,3.7,0.0
2026,9,11,22,32,22:31,278.6,2.4,3.3,4.7,0.0
2026,9,11,22,33,22:33,270.8,1.9,2.4,3.3,0.0
2026,9,11,22,34,22:34,279.1,2.2,3.5,4.4,0.0
2026,9,11,22,36,22:36,282.7,2.0,2.7,3.3,0.0
2026,9,11,22,38,22:38,271.3,2.8,3.5,5.4,0.0
2026,9,11,22,39,22:39,269.7,1.9,2.7,3.9,0.0
2026,9,11,22,41,22:41,273.3,2.0,3.2,4.2,0.0
2026,9,11,22,43,22:43,262.9,1.7,2.7,3.8,0.0
2026,9,11,22,44,22:44,264.8,1.7,2.4,3.7,0.0
2026,9,11,22,47,22:46,277.8,1.7,2.1,3.6,0.0
2026,9,11,22,48,22:47,272.7,1.8,2.5,3.5,0.0
2026,9,11,22,49,22:48,294.7,1.9,2.4,3.5,0.0
2026,9,11,22,51,22:51,266.7,2.4,3.2,4.4,0.0
2026,9,11,22,53,22:52,263.4,2.2,2.9,4.0,0.0
2026,9,11,22,54,22:53,267.0,2.4,3.1,4.0,0.0
2026,9,11,22,56,22:55,271.9,1.6,2.8,4.0,0.0
2026,9,11,22,58,22:57,263.0,1.6,2.2,2.7,0.0
2026,9,11,22,59,22:59,265.0,1.9,2.3,3.1,0.0
2026,9,11,23,2,23:01,271.4,2.2,3.2,4.8,0.0
2026,9,11,23,3,23:02,282.0,2.4,3.4,4.5,0.0
2026,9,11,23,4,23:04,285.5,1.9,2.5,3.3,0.0
2026,9,11,23,7,23:06,282.9,2.0,3.0,4.4,0.0
2026,9,11,23,8,23:07,282.2,2.1,3.0,4.4,0.0
2026,9,11,23,9,23:08,297.3,2.2,3.0,4.4,0.0
2026,9,11,23,12,23:11,281.5,2.3,2.8,3.8,0.0
2026,9,11,23,13,23:12,279.1,2.5,3.3,3.8,0.0
2026,9,11,23,14,23:13,267.9,1.5,2.4,3.3,0.0
2026,9,11,23,16,23:15,287.6,2.1,2.7,3.3,0.0
2026,9,11,23,18,23:17,277.6,1.6,2.7,3.3,0.0
2026,9,11,23,19,23:19,279.9,1.7,2.3,3.0,0.0
2026,9,11,23,21,23:20,267.4,1.7,2.2,2.7,0.0
2026,9,11,23,23,23:22,283.1,2.1,2.8,3.9,0.0
2026,9,11,23,24,23:23,278.8,2.0,2.4,3.1,0.0
2026,9,11,23,27,23:26,286.6,1.3,2.3,3.1,0.0
2026,9,11,23,28,23:27,279.9,1.8,2.6,3.8,0.0
2026,9,11,23,29,23:28,290.2,2.2,2.6,3.3,0.0
2026,9,11,23,31,23:31,280.9,1.7,2.2,3.2,0.0
2026,9,11,23,33,23:32,278.4,1.7,2.2,2.9,0.0
2026,9,11,23,34,23:33,279.7,1.9,2.4,3.3,0.0
2026,9,11,23,37,23:36,272.2,2.0,2.6,3.0,0.0
2026,9,11,23,38,23:37,273.9,1.9,2.5,3.2,0.0
2026,9,11,23,39,23:38,271.6,1.7,2.5,3.5,0.0
2026,9,11,23,41,23:40,271.7,1.2,2.2,3.1,0.0
2026,9,11,23,43,23:42,270.0,1.3,1.7,2.0,0.0
2026,9,11,23,44,23:44,266.1,1.5,2.1,2.7,0.0
2026,9,11,23,46,23:46,267.2,1.3,1.8,2.3,0.0
2026,9,11,23,48,23:47,251.8,1.3,1.7,2.5,0.0
2026,9,11,23,49,23:48,278.4,1.2,2.2,3.2,0.0
2026,9,11,23,52,23:51,280.4,1.9,2.3,2.9,0.0
2026,9,11,23,53,23:52,291.3,1.4,1.9,2.5,0.0
2026,9,11,23,54,23:54,276.3,1.6,2.2,2.7,0.0
2026,9,11,23,57,23:56,276.4,1.5,2.0,2.9,0.0
2026,9,11,23,58,23:57,283.4,1.3,1.8,2.3,0.0
2026,9,11,23,59,23:58,281.6,1.3,1.7,2.3,0.0
