# Helsinki Laru (dlarah.org Lauttasaari) 2026-09-25 Suomen aikaa — lähteen Laru_2026-268.txt sellaisenaan
# vuosi kk pv kirjoitus-h kirjoitus-min hh:mm suunta min ka max lämpötila (asemalla ei mittaria)
2026,9,25,0,1,00:01,340.5,2.2,3.9,5.8,0.0
2026,9,25,0,3,00:03,356.1,1.7,3.0,4.3,0.0
2026,9,25,0,4,00:04,358.1,1.5,3.9,6.3,0.0
2026,9,25,0,7,00:06,6.4,2.0,3.4,5.3,0.0
2026,9,25,0,8,00:08,356.4,2.1,4.6,7.0,0.0
2026,9,25,0,9,00:09,6.2,1.6,4.7,7.3,0.0
2026,9,25,0,11,00:11,352.6,3.1,5.3,8.1,0.0
2026,9,25,0,13,00:13,345.8,5.0,6.3,8.1,0.0
2026,9,25,0,14,00:14,353.7,2.4,5.1,7.2,0.0
2026,9,25,0,16,00:16,2.9,2.2,5.0,8.4,0.0
2026,9,25,0,18,00:18,12.0,1.7,3.6,6.3,0.0
2026,9,25,0,19,00:19,347.3,2.2,4.4,7.0,0.0
2026,9,25,0,21,00:21,8.4,1.8,3.7,6.0,0.0
2026,9,25,0,23,00:23,7.2,1.2,2.9,6.2,0.0
2026,9,25,0,24,00:24,1.3,1.1,2.7,4.7,0.0
2026,9,25,0,26,00:26,352.9,1.1,2.3,4.3,0.0
2026,9,25,0,28,00:28,9.8,0.7,1.3,2.9,0.0
2026,9,25,0,29,00:29,4.3,1.0,2.4,4.0,0.0
2026,9,25,0,31,00:31,359.2,1.0,3.4,6.8,0.0
2026,9,25,0,33,00:33,10.8,0.9,1.3,1.9,0.0
2026,9,25,0,34,00:34,359.4,1.1,3.5,6.9,0.0
2026,9,25,0,36,00:36,6.3,0.9,1.4,2.5,0.0
2026,9,25,0,38,00:38,1.7,1.1,2.3,4.4,0.0
2026,9,25,0,39,00:39,5.2,0.9,1.8,4.1,0.0
2026,9,25,0,41,00:41,356.1,0.8,2.8,5.0,0.0
2026,9,25,0,43,00:43,23.6,1.1,1.6,2.8,0.0
2026,9,25,0,44,00:44,18.5,0.8,1.7,3.8,0.0
2026,9,25,0,47,00:46,6.5,1.3,1.7,3.4,0.0
2026,9,25,0,48,00:48,2.6,0.9,2.1,4.2,0.0
2026,9,25,0,49,00:49,1.8,1.1,1.9,3.0,0.0
2026,9,25,0,51,00:51,8.3,1.3,1.8,3.5,0.0
2026,9,25,0,53,00:53,7.8,1.4,2.9,4.9,0.0
2026,9,25,0,54,00:54,20.6,1.1,1.6,2.4,0.0
2026,9,25,0,56,00:56,3.7,1.4,2.5,4.4,0.0
2026,9,25,0,58,00:58,6.1,0.8,1.8,4.4,0.0
2026,9,25,0,59,00:59,2.5,0.9,2.2,4.4,0.0
2026,9,25,1,1,01:01,10.6,0.9,1.8,3.6,0.0
2026,9,25,1,3,01:03,6.1,1.1,1.5,2.6,0.0
2026,9,25,1,4,01:04,13.9,0.6,1.2,2.4,0.0
2026,9,25,1,6,01:06,40.0,0.8,1.4,2.6,0.0
2026,9,25,1,8,01:08,36.2,0.8,1.4,1.9,0.0
2026,9,25,1,9,01:09,23.5,0.8,1.2,2.0,0.0
2026,9,25,1,11,01:11,21.6,1.1,1.8,2.7,0.0
2026,9,25,1,13,01:13,25.1,0.6,0.9,1.2,0.0
2026,9,25,1,14,01:14,358.8,1.1,2.2,3.6,0.0
2026,9,25,1,16,01:16,13.8,0.7,1.5,3.0,0.0
2026,9,25,1,18,01:18,8.9,0.9,1.9,4.0,0.0
2026,9,25,1,19,01:19,4.1,0.9,1.4,2.6,0.0
2026,9,25,1,21,01:21,2.0,0.8,1.1,1.7,0.0
2026,9,25,1,23,01:23,25.3,0.7,1.4,2.6,0.0
2026,9,25,1,24,01:24,4.9,0.8,1.4,2.6,0.0
2026,9,25,1,26,01:26,21.3,0.9,1.9,3.2,0.0
2026,9,25,1,28,01:28,25.3,0.7,1.3,2.7,0.0
2026,9,25,1,29,01:29,4.4,0.9,1.5,3.5,0.0
2026,9,25,1,31,01:31,17.7,0.7,1.5,3.8,0.0
2026,9,25,1,33,01:33,1.8,0.9,1.6,3.6,0.0
2026,9,25,1,34,01:34,357.8,0.4,1.1,3.3,0.0
2026,9,25,1,37,01:36,31.6,0.8,1.1,1.9,0.0
2026,9,25,1,38,01:38,2.1,1.1,1.7,2.7,0.0
2026,9,25,1,39,01:39,30.0,0.9,1.4,2.4,0.0
2026,9,25,1,41,01:41,7.4,0.9,1.8,3.7,0.0
2026,9,25,1,43,01:43,5.6,1.1,2.4,4.0,0.0
2026,9,25,1,44,01:44,22.1,0.7,1.2,1.8,0.0
2026,9,25,1,46,01:46,26.3,0.7,1.4,2.9,0.0
2026,9,25,1,48,01:48,24.1,0.6,0.9,1.8,0.0
2026,9,25,1,49,01:49,20.2,0.9,1.5,3.0,0.0
2026,9,25,1,51,01:51,15.1,0.8,1.7,3.6,0.0
2026,9,25,1,53,01:53,25.5,0.7,1.3,3.0,0.0
2026,9,25,1,54,01:54,359.3,1.0,2.2,5.4,0.0
2026,9,25,1,57,01:56,17.1,0.9,1.6,3.3,0.0
2026,9,25,1,58,01:58,30.8,0.7,1.1,1.8,0.0
2026,9,25,1,59,01:59,24.7,0.8,1.4,3.0,0.0
2026,9,25,2,2,02:01,8.3,0.8,1.2,2.5,0.0
2026,9,25,2,3,02:03,23.1,0.7,1.1,2.1,0.0
2026,9,25,2,4,02:04,28.2,0.6,1.1,1.9,0.0
2026,9,25,2,6,02:06,13.7,0.6,1.0,2.0,0.0
2026,9,25,2,8,02:08,36.4,0.0,0.9,1.5,0.0
2026,9,25,2,9,02:09,16.4,0.7,1.2,1.5,0.0
2026,9,25,2,11,02:11,27.5,0.0,0.8,1.5,0.0
2026,9,25,2,13,02:13,23.1,0.6,1.0,2.0,0.0
2026,9,25,2,14,02:14,28.8,0.0,1.1,2.3,0.0
2026,9,25,2,16,02:16,22.1,0.7,1.1,1.9,0.0
2026,9,25,2,18,02:18,27.8,0.7,1.0,1.5,0.0
2026,9,25,2,19,02:19,36.6,0.6,0.9,1.3,0.0
2026,9,25,2,22,02:21,20.7,0.8,1.3,2.1,0.0
2026,9,25,2,23,02:23,29.8,0.6,1.1,2.6,0.0
2026,9,25,2,24,02:24,39.7,0.7,1.4,2.8,0.0
2026,9,25,2,26,02:26,40.6,0.0,0.5,1.0,0.0
2026,9,25,2,28,02:28,27.3,0.8,1.5,2.4,0.0
2026,9,25,2,29,02:29,29.5,0.8,1.5,2.9,0.0
2026,9,25,2,32,02:31,42.7,0.7,1.3,2.4,0.0
2026,9,25,2,33,02:33,16.4,0.5,1.0,2.6,0.0
2026,9,25,2,34,02:34,38.1,0.6,1.1,1.8,0.0
2026,9,25,2,36,02:36,38.3,0.6,0.8,1.3,0.0
2026,9,25,2,38,02:38,27.0,0.7,1.1,2.0,0.0
2026,9,25,2,39,02:39,33.2,0.7,0.9,2.0,0.0
2026,9,25,2,41,02:41,22.6,0.6,0.9,1.7,0.0
2026,9,25,2,43,02:43,21.2,0.5,1.0,2.0,0.0
2026,9,25,2,44,02:44,28.5,0.5,1.1,1.8,0.0
2026,9,25,2,46,02:46,34.3,0.6,1.4,2.9,0.0
2026,9,25,2,48,02:48,38.7,0.7,1.2,2.7,0.0
2026,9,25,2,49,02:49,40.4,0.7,1.3,2.0,0.0
2026,9,25,2,52,02:51,32.7,0.7,1.5,2.8,0.0
2026,9,25,2,53,02:53,42.3,0.8,0.9,1.6,0.0
2026,9,25,2,54,02:54,11.7,0.6,1.1,2.7,0.0
2026,9,25,2,56,02:56,12.7,0.7,1.0,1.5,0.0
2026,9,25,2,58,02:58,39.9,0.5,0.8,1.9,0.0
2026,9,25,2,59,02:59,27.7,0.6,1.7,3.8,0.0
2026,9,25,3,2,03:01,25.1,0.7,1.1,1.8,0.0
2026,9,25,3,3,03:03,42.2,0.7,1.2,2.8,0.0
2026,9,25,3,4,03:04,29.7,0.8,1.1,1.8,0.0
2026,9,25,3,6,03:06,33.4,0.9,0.9,1.3,0.0
2026,9,25,3,8,03:08,25.1,0.6,1.1,2.1,0.0
2026,9,25,3,9,03:09,16.4,0.7,1.3,2.6,0.0
2026,9,25,3,11,03:11,26.5,0.6,1.1,1.8,0.0
2026,9,25,3,13,03:13,40.6,0.6,2.4,4.6,0.0
2026,9,25,3,14,03:14,41.7,0.6,0.9,1.3,0.0
2026,9,25,3,17,03:16,37.9,0.8,1.5,2.7,0.0
2026,9,25,3,18,03:18,20.0,0.6,1.5,2.2,0.0
2026,9,25,3,19,03:19,23.7,0.8,1.2,2.1,0.0
2026,9,25,3,21,03:21,30.4,0.5,1.3,2.4,0.0
2026,9,25,3,23,03:23,37.0,0.0,1.1,2.6,0.0
2026,9,25,3,24,03:24,38.0,0.7,1.1,2.1,0.0
2026,9,25,3,26,03:26,29.8,0.7,1.2,2.2,0.0
2026,9,25,3,28,03:28,39.6,0.6,1.0,2.1,0.0
2026,9,25,3,29,03:29,41.9,0.8,1.5,2.5,0.0
2026,9,25,3,31,03:31,45.6,0.6,1.5,2.5,0.0
2026,9,25,3,33,03:33,39.1,0.6,1.1,2.1,0.0
2026,9,25,3,34,03:34,38.5,0.5,1.1,2.3,0.0
2026,9,25,3,37,03:36,35.7,1.0,1.5,2.2,0.0
2026,9,25,3,38,03:38,37.3,1.2,2.3,3.8,0.0
2026,9,25,3,39,03:39,28.3,0.7,1.3,2.3,0.0
2026,9,25,3,41,03:41,24.5,0.9,1.4,2.0,0.0
2026,9,25,3,43,03:43,41.8,0.8,1.3,2.5,0.0
2026,9,25,3,44,03:44,43.7,0.5,1.1,1.9,0.0
2026,9,25,3,46,03:46,39.4,0.7,1.3,2.6,0.0
2026,9,25,3,48,03:48,43.3,0.0,1.0,2.4,0.0
2026,9,25,3,49,03:49,41.9,0.8,1.5,2.7,0.0
2026,9,25,3,51,03:51,39.5,0.8,1.5,2.3,0.0
2026,9,25,3,53,03:53,37.1,0.6,1.0,1.5,0.0
2026,9,25,3,54,03:54,38.9,0.5,0.9,1.6,0.0
2026,9,25,3,56,03:56,0.5,0.3,0.6,1.8,0.0
2026,9,25,3,58,03:58,49.0,0.8,1.1,1.4,0.0
2026,9,25,3,59,03:59,50.4,0.9,1.4,2.3,0.0
2026,9,25,4,1,04:01,39.0,0.8,0.7,1.3,0.0
2026,9,25,4,3,04:03,33.2,0.7,0.9,1.7,0.0
2026,9,25,4,4,04:04,23.8,0.5,0.7,0.9,0.0
2026,9,25,4,6,04:06,34.6,0.8,1.7,3.7,0.0
2026,9,25,4,8,04:08,18.3,0.9,1.2,1.9,0.0
2026,9,25,4,9,04:09,31.8,0.9,1.5,2.9,0.0
2026,9,25,4,11,04:11,50.7,0.8,1.3,2.4,0.0
2026,9,25,4,13,04:13,35.8,0.6,1.3,2.4,0.0
2026,9,25,4,14,04:14,38.4,0.7,1.2,2.2,0.0
2026,9,25,4,16,04:16,38.0,0.0,1.2,2.4,0.0
2026,9,25,4,18,04:18,40.5,0.6,1.6,3.7,0.0
2026,9,25,4,19,04:18,40.5,0.6,1.6,3.7,0.0
2026,9,25,4,22,04:21,39.5,1.0,1.3,1.8,0.0
2026,9,25,4,23,04:23,58.9,0.9,1.3,3.0,0.0
2026,9,25,4,24,04:24,45.1,0.9,1.4,2.3,0.0
2026,9,25,4,27,04:26,43.2,1.2,2.1,3.5,0.0
2026,9,25,4,28,04:26,43.2,1.2,2.1,3.5,0.0
2026,9,25,4,31,04:31,49.3,0.8,1.3,1.9,0.0
2026,9,25,4,33,04:33,31.0,0.9,1.4,2.2,0.0
2026,9,25,4,34,04:34,41.3,0.9,1.4,2.1,0.0
2026,9,25,4,37,04:36,51.5,0.7,1.7,3.1,0.0
2026,9,25,4,38,04:38,16.5,0.7,1.2,2.1,0.0
2026,9,25,4,39,04:39,31.7,0.6,1.0,2.4,0.0
2026,9,25,4,42,04:41,39.6,1.0,1.6,2.3,0.0
2026,9,25,4,43,04:43,67.0,1.4,1.2,2.5,0.0
2026,9,25,4,44,04:44,33.8,0.7,1.4,2.0,0.0
2026,9,25,4,46,04:46,58.0,0.9,1.5,2.2,0.0
2026,9,25,4,48,04:48,61.9,0.8,1.0,2.2,0.0
2026,9,25,4,49,04:49,70.2,0.0,0.8,1.3,0.0
2026,9,25,4,52,04:51,65.9,0.5,1.3,2.0,0.0
2026,9,25,4,53,04:53,59.1,0.0,0.6,1.1,0.0
2026,9,25,4,54,04:54,59.1,0.0,0.7,1.3,0.0
2026,9,25,4,56,04:56,64.2,0.8,1.2,1.6,0.0
2026,9,25,4,58,04:58,67.3,0.0,1.5,2.6,0.0
2026,9,25,4,59,04:59,31.7,0.8,1.3,2.6,0.0
2026,9,25,5,1,05:01,42.6,0.9,2.1,3.0,0.0
2026,9,25,5,3,05:03,40.5,0.8,1.4,2.9,0.0
2026,9,25,5,4,05:04,56.2,1.3,2.6,4.4,0.0
2026,9,25,5,7,05:06,53.1,1.0,1.4,2.8,0.0
2026,9,25,5,8,05:08,42.8,0.7,1.7,3.4,0.0
2026,9,25,5,9,05:09,44.9,0.5,1.2,2.3,0.0
2026,9,25,5,11,05:11,54.6,1.8,2.8,4.1,0.0
2026,9,25,5,13,05:13,34.6,0.5,1.4,2.3,0.0
2026,9,25,5,14,05:14,33.4,0.9,1.5,3.3,0.0
2026,9,25,5,17,05:16,36.4,0.9,1.8,2.9,0.0
2026,9,25,5,18,05:18,29.2,1.5,2.5,4.2,0.0
2026,9,25,5,19,05:19,45.9,1.3,2.5,4.0,0.0
2026,9,25,5,22,05:21,30.2,1.3,2.0,3.1,0.0
2026,9,25,5,23,05:23,25.8,0.9,2.0,4.4,0.0
2026,9,25,5,24,05:24,38.8,0.9,1.9,2.9,0.0
2026,9,25,5,26,05:26,42.8,0.7,1.4,2.4,0.0
2026,9,25,5,28,05:28,41.1,1.1,1.9,3.7,0.0
2026,9,25,5,29,05:29,52.1,1.2,2.1,3.4,0.0
2026,9,25,5,31,05:31,44.5,1.0,1.8,3.3,0.0
2026,9,25,5,33,05:33,50.0,1.2,2.5,4.5,0.0
2026,9,25,5,34,05:34,32.7,1.2,2.1,4.2,0.0
2026,9,25,5,37,05:36,57.1,1.5,2.9,5.7,0.0
2026,9,25,5,38,05:38,55.5,2.3,3.4,5.7,0.0
2026,9,25,5,39,05:39,57.4,1.7,2.7,4.4,0.0
2026,9,25,5,41,05:41,41.4,0.5,1.0,1.6,0.0
2026,9,25,5,43,05:43,46.5,1.3,1.9,2.9,0.0
2026,9,25,5,44,05:44,40.2,0.7,1.9,2.9,0.0
2026,9,25,5,46,05:46,41.9,0.9,0.8,1.3,0.0
2026,9,25,5,48,05:48,33.4,0.6,1.0,1.6,0.0
2026,9,25,5,49,05:49,48.1,0.8,1.5,2.7,0.0
2026,9,25,5,52,05:51,41.5,0.6,1.1,2.0,0.0
2026,9,25,5,53,05:53,52.2,0.8,1.0,1.3,0.0
2026,9,25,5,54,05:54,43.4,0.4,0.8,1.6,0.0
2026,9,25,5,56,05:56,53.7,0.6,1.1,2.0,0.0
2026,9,25,5,58,05:58,46.4,1.5,2.6,4.3,0.0
2026,9,25,5,59,05:59,37.2,0.9,1.9,2.8,0.0
2026,9,25,6,2,06:01,49.4,0.0,1.0,1.8,0.0
2026,9,25,6,3,06:03,52.4,1.6,2.8,4.0,0.0
2026,9,25,6,4,06:04,47.7,0.7,1.8,2.7,0.0
2026,9,25,6,6,06:06,43.0,1.0,2.0,3.5,0.0
2026,9,25,6,8,06:08,42.3,1.2,1.9,3.6,0.0
2026,9,25,6,11,06:11,26.3,0.9,1.7,3.2,0.0
2026,9,25,6,13,06:13,41.4,0.8,1.5,2.2,0.0
2026,9,25,6,14,06:14,45.2,0.8,1.6,2.6,0.0
2026,9,25,6,16,06:16,28.4,0.7,1.6,3.0,0.0
2026,9,25,6,18,06:18,44.8,0.6,1.0,1.9,0.0
2026,9,25,6,19,06:19,36.1,0.8,1.4,2.8,0.0
2026,9,25,6,22,06:21,33.5,0.8,1.4,2.3,0.0
2026,9,25,6,23,06:23,35.1,0.6,1.3,2.3,0.0
2026,9,25,6,24,06:24,35.8,0.9,1.5,2.1,0.0
2026,9,25,6,26,06:26,28.9,0.7,1.4,2.6,0.0
2026,9,25,6,28,06:28,34.0,0.5,0.9,1.5,0.0
2026,9,25,6,29,06:29,37.7,0.5,1.2,1.9,0.0
2026,9,25,6,32,06:31,25.8,0.7,1.4,2.2,0.0
2026,9,25,6,33,06:33,37.6,1.4,2.3,3.4,0.0
2026,9,25,6,34,06:34,55.8,0.7,1.3,2.5,0.0
2026,9,25,6,36,06:36,21.2,1.0,1.6,2.4,0.0
2026,9,25,6,38,06:38,39.1,0.8,1.5,2.5,0.0
2026,9,25,6,39,06:39,41.9,0.6,1.0,1.7,0.0
2026,9,25,6,42,06:41,40.0,1.0,1.5,2.4,0.0
2026,9,25,6,43,06:43,46.2,1.1,2.2,3.2,0.0
2026,9,25,6,44,06:44,34.7,0.6,0.9,1.6,0.0
2026,9,25,6,47,06:46,44.9,1.0,2.0,3.1,0.0
2026,9,25,6,48,06:48,49.9,0.6,1.9,3.5,0.0
2026,9,25,6,49,06:49,42.0,1.0,1.5,2.1,0.0
2026,9,25,6,52,06:51,45.2,0.7,1.4,2.5,0.0
2026,9,25,6,53,06:53,44.8,0.9,2.4,4.6,0.0
2026,9,25,6,54,06:54,41.8,1.3,2.1,3.0,0.0
2026,9,25,6,57,06:56,30.1,0.7,1.1,2.0,0.0
2026,9,25,6,58,06:58,46.2,1.0,1.8,3.9,0.0
2026,9,25,6,59,06:59,48.7,1.1,2.4,4.5,0.0
2026,9,25,7,1,07:01,39.2,0.6,1.9,3.7,0.0
2026,9,25,7,3,07:03,39.0,1.3,2.6,3.7,0.0
2026,9,25,7,4,07:04,33.0,1.4,3.2,6.4,0.0
2026,9,25,7,7,07:06,37.4,1.1,1.6,2.2,0.0
2026,9,25,7,8,07:08,52.2,1.4,2.2,3.2,0.0
2026,9,25,7,9,07:09,57.5,1.2,2.2,3.7,0.0
2026,9,25,7,12,07:11,41.5,0.7,1.5,3.1,0.0
2026,9,25,7,13,07:13,32.0,1.1,2.1,4.2,0.0
2026,9,25,7,14,07:14,34.6,1.0,1.7,4.6,0.0
2026,9,25,7,16,07:16,41.3,1.1,1.8,2.9,0.0
2026,9,25,7,18,07:18,47.7,1.1,2.2,3.4,0.0
2026,9,25,7,19,07:19,49.2,1.3,2.4,3.9,0.0
2026,9,25,7,21,07:21,49.2,0.9,1.8,4.1,0.0
2026,9,25,7,23,07:23,35.9,0.9,1.7,2.7,0.0
2026,9,25,7,24,07:24,42.0,0.9,1.0,1.7,0.0
2026,9,25,7,27,07:26,45.9,0.9,1.3,2.0,0.0
2026,9,25,7,28,07:28,40.2,1.2,2.2,3.6,0.0
2026,9,25,7,29,07:29,43.9,0.9,1.7,2.6,0.0
2026,9,25,7,31,07:31,34.2,1.2,1.8,2.9,0.0
2026,9,25,7,33,07:33,38.4,0.8,1.8,2.6,0.0
2026,9,25,7,34,07:34,36.1,0.9,1.5,2.3,0.0
2026,9,25,7,36,07:36,57.7,1.7,2.7,4.3,0.0
2026,9,25,7,38,07:38,48.5,0.7,1.2,2.1,0.0
2026,9,25,7,39,07:39,52.7,0.6,1.4,3.2,0.0
2026,9,25,7,41,07:41,38.9,0.7,1.2,2.1,0.0
2026,9,25,7,43,07:43,18.0,0.6,0.9,1.4,0.0
2026,9,25,7,44,07:44,57.6,1.5,3.0,5.0,0.0
2026,9,25,7,47,07:46,18.1,1.0,1.4,2.5,0.0
2026,9,25,7,48,07:48,47.0,0.9,1.4,2.3,0.0
2026,9,25,7,49,07:49,46.5,1.0,2.0,3.1,0.0
2026,9,25,7,51,07:51,47.8,0.7,1.7,3.2,0.0
2026,9,25,7,53,07:53,51.2,1.8,2.7,4.7,0.0
2026,9,25,7,54,07:54,40.2,0.8,1.5,3.3,0.0
2026,9,25,7,56,07:56,43.7,1.3,3.1,5.7,0.0
2026,9,25,7,58,07:58,39.6,0.7,1.3,1.9,0.0
2026,9,25,7,59,07:59,45.5,1.0,1.9,3.3,0.0
2026,9,25,8,1,08:01,49.7,1.4,1.8,2.6,0.0
2026,9,25,8,3,08:03,41.1,1.0,1.8,3.0,0.0
2026,9,25,8,4,08:04,35.0,0.8,2.1,4.6,0.0
2026,9,25,8,6,08:06,45.0,0.9,1.4,2.2,0.0
2026,9,25,8,8,08:08,54.2,1.9,3.0,4.4,0.0
2026,9,25,8,9,08:09,26.0,0.5,1.5,2.7,0.0
2026,9,25,8,11,08:11,52.9,1.4,2.4,3.7,0.0
2026,9,25,8,13,08:13,45.8,0.6,3.1,6.4,0.0
2026,9,25,8,14,08:14,35.6,0.5,1.0,1.7,0.0
2026,9,25,8,16,08:16,35.8,1.4,1.9,2.9,0.0
2026,9,25,8,18,08:18,27.0,1.1,2.1,4.0,0.0
2026,9,25,8,19,08:19,37.9,1.0,2.6,5.1,0.0
2026,9,25,8,21,08:21,32.9,1.5,2.8,5.3,0.0
2026,9,25,8,23,08:23,42.2,0.5,1.6,3.8,0.0
2026,9,25,8,24,08:24,40.8,0.8,1.9,4.2,0.0
2026,9,25,8,26,08:26,55.3,1.5,2.9,4.4,0.0
2026,9,25,8,28,08:28,44.3,1.0,2.1,3.1,0.0
2026,9,25,8,29,08:29,44.0,1.0,2.1,3.2,0.0
2026,9,25,8,32,08:31,59.9,1.1,2.5,6.5,0.0
2026,9,25,8,33,08:33,59.0,1.9,3.2,4.3,0.0
2026,9,25,8,34,08:34,48.6,0.8,1.6,3.2,0.0
2026,9,25,8,36,08:36,63.9,1.7,3.4,6.8,0.0
2026,9,25,8,38,08:38,48.5,1.1,2.2,4.0,0.0
2026,9,25,8,39,08:39,53.9,2.1,4.8,7.9,0.0
2026,9,25,8,41,08:41,59.7,1.7,3.5,5.8,0.0
2026,9,25,8,43,08:43,56.0,0.8,2.0,4.7,0.0
2026,9,25,8,44,08:44,48.3,1.2,2.6,4.9,0.0
2026,9,25,8,47,08:46,64.7,1.7,3.7,7.1,0.0
2026,9,25,8,48,08:48,50.6,2.0,3.7,5.7,0.0
2026,9,25,8,49,08:49,56.8,2.6,5.3,9.1,0.0
2026,9,25,8,52,08:51,68.3,1.1,2.9,5.2,0.0
2026,9,25,8,53,08:53,44.4,1.4,3.7,8.0,0.0
2026,9,25,8,54,08:54,51.0,1.2,2.6,4.5,0.0
2026,9,25,8,56,08:56,56.0,1.5,3.0,5.0,0.0
2026,9,25,8,58,08:58,63.0,1.0,2.1,3.4,0.0
2026,9,25,8,59,08:59,63.4,2.1,3.6,6.2,0.0
2026,9,25,9,1,09:01,64.2,1.1,3.3,7.6,0.0
2026,9,25,9,3,09:03,66.6,1.1,2.5,4.7,0.0
2026,9,25,9,4,09:04,51.0,2.2,3.9,6.9,0.0
2026,9,25,9,6,09:06,72.4,1.1,3.2,4.9,0.0
2026,9,25,9,8,09:08,79.8,0.7,1.7,4.8,0.0
2026,9,25,9,11,09:11,70.1,0.0,2.1,4.6,0.0
2026,9,25,9,13,09:13,92.2,1.2,3.4,8.2,0.0
2026,9,25,9,14,09:14,79.9,1.1,1.6,2.4,0.0
2026,9,25,9,16,09:16,65.6,2.0,3.7,6.8,0.0
2026,9,25,9,18,09:18,66.7,1.3,3.1,5.3,0.0
2026,9,25,9,19,09:19,57.9,0.7,2.6,5.5,0.0
2026,9,25,9,21,09:21,52.7,0.6,1.4,2.7,0.0
2026,9,25,9,23,09:23,65.2,0.9,2.0,4.0,0.0
2026,9,25,9,24,09:24,62.0,0.8,1.9,4.2,0.0
2026,9,25,9,27,09:26,69.1,1.0,3.3,5.9,0.0
2026,9,25,9,28,09:28,83.0,1.1,2.9,6.2,0.0
2026,9,25,9,29,09:29,93.5,0.8,2.3,5.3,0.0
2026,9,25,9,31,09:31,56.2,0.7,2.3,6.8,0.0
2026,9,25,9,33,09:33,77.1,1.1,2.7,5.3,0.0
2026,9,25,9,34,09:34,74.7,1.0,2.8,8.0,0.0
2026,9,25,9,36,09:36,85.9,1.3,3.4,6.3,0.0
2026,9,25,9,38,09:38,80.5,1.4,2.6,5.9,0.0
2026,9,25,9,39,09:39,76.4,0.8,1.3,1.9,0.0
2026,9,25,9,42,09:41,81.7,0.5,2.7,7.2,0.0
2026,9,25,9,43,09:43,64.5,0.7,2.4,6.1,0.0
2026,9,25,9,44,09:44,69.6,1.1,2.9,5.9,0.0
2026,9,25,9,47,09:46,61.3,1.0,2.9,5.4,0.0
2026,9,25,9,48,09:48,79.0,0.6,1.6,4.5,0.0
2026,9,25,9,49,09:49,83.9,0.6,1.6,4.6,0.0
2026,9,25,9,51,09:51,92.2,0.5,1.3,3.1,0.0
2026,9,25,9,53,09:53,53.4,0.7,1.5,2.6,0.0
2026,9,25,9,54,09:54,93.9,0.0,1.4,4.1,0.0
2026,9,25,9,56,09:56,58.9,0.6,1.2,2.1,0.0
2026,9,25,9,58,09:58,93.8,0.9,1.5,2.4,0.0
2026,9,25,9,59,09:59,76.2,0.6,1.8,4.5,0.0
2026,9,25,10,1,10:01,73.3,0.6,1.6,3.5,0.0
2026,9,25,10,3,10:03,109.5,0.7,2.0,4.8,0.0
2026,9,25,10,4,10:04,77.4,0.6,1.6,3.6,0.0
2026,9,25,10,6,10:06,98.7,0.9,2.9,7.2,0.0
2026,9,25,10,8,10:08,67.8,0.0,1.4,4.7,0.0
2026,9,25,10,9,10:09,81.2,0.5,1.1,1.8,0.0
2026,9,25,10,11,10:11,68.3,0.0,1.4,3.2,0.0
2026,9,25,10,13,10:13,61.3,0.9,1.6,2.9,0.0
2026,9,25,10,14,10:14,52.0,1.0,2.7,6.8,0.0
2026,9,25,10,17,10:16,31.0,0.9,1.8,3.6,0.0
2026,9,25,10,18,10:18,90.2,0.9,1.5,3.4,0.0
2026,9,25,10,19,10:19,76.5,0.7,2.2,6.9,0.0
2026,9,25,10,22,10:21,73.8,0.5,1.7,4.6,0.0
2026,9,25,10,23,10:23,80.5,0.7,1.5,5.4,0.0
2026,9,25,10,24,10:24,96.4,0.6,1.5,3.2,0.0
2026,9,25,10,26,10:26,47.1,0.9,2.3,7.0,0.0
2026,9,25,10,28,10:28,68.9,0.7,2.1,6.3,0.0
2026,9,25,10,29,10:29,98.4,1.0,2.7,5.9,0.0
2026,9,25,10,31,10:31,105.1,0.5,1.1,2.1,0.0
2026,9,25,10,33,10:33,69.0,0.3,1.3,2.9,0.0
2026,9,25,10,34,10:34,104.3,0.6,1.2,3.1,0.0
2026,9,25,10,36,10:36,80.8,0.5,1.1,2.1,0.0
2026,9,25,10,38,10:38,105.9,0.0,0.8,1.9,0.0
2026,9,25,10,39,10:39,108.8,0.9,1.5,3.5,0.0
2026,9,25,10,42,10:41,51.8,0.5,0.9,2.0,0.0
2026,9,25,10,43,10:43,120.7,0.5,0.9,1.9,0.0
2026,9,25,10,44,10:44,79.8,0.0,0.5,0.8,0.0
2026,9,25,10,47,10:46,75.5,0.5,2.0,4.9,0.0
2026,9,25,10,48,10:48,80.9,1.0,2.1,4.1,0.0
2026,9,25,10,49,10:49,107.8,0.4,1.0,2.1,0.0
2026,9,25,10,51,10:51,118.2,0.5,1.1,1.6,0.0
2026,9,25,10,53,10:53,140.5,0.5,1.0,1.9,0.0
2026,9,25,10,54,10:54,92.7,0.4,1.5,4.2,0.0
2026,9,25,10,57,10:56,87.6,0.7,1.5,3.6,0.0
2026,9,25,10,58,10:58,97.6,0.5,1.4,4.1,0.0
2026,9,25,10,59,10:58,97.6,0.5,1.4,4.1,0.0
2026,9,25,11,1,11:01,80.0,0.0,1.9,4.0,0.0
2026,9,25,11,3,11:03,107.9,0.5,1.7,5.1,0.0
2026,9,25,11,4,11:04,94.8,0.5,1.3,3.0,0.0
2026,9,25,11,6,11:06,98.1,0.5,1.8,4.3,0.0
2026,9,25,11,8,11:08,108.9,1.0,2.3,4.2,0.0
2026,9,25,11,9,11:09,86.5,0.7,1.4,2.6,0.0
2026,9,25,11,11,11:11,96.7,0.8,2.4,7.8,0.0
2026,9,25,11,13,11:13,84.2,0.0,2.4,5.0,0.0
2026,9,25,11,14,11:14,86.1,1.0,2.4,6.5,0.0
2026,9,25,11,16,11:16,80.2,0.8,2.6,8.7,0.0
2026,9,25,11,18,11:18,79.6,0.6,1.4,2.7,0.0
2026,9,25,11,19,11:19,113.5,0.0,2.2,9.1,0.0
2026,9,25,11,21,11:21,107.8,0.6,1.7,5.9,0.0
2026,9,25,11,23,11:23,88.7,0.7,2.0,4.9,0.0
2026,9,25,11,24,11:24,116.1,0.7,1.3,3.0,0.0
2026,9,25,11,27,11:26,116.2,0.8,1.5,2.8,0.0
2026,9,25,11,28,11:28,122.8,0.8,1.6,4.1,0.0
2026,9,25,11,29,11:29,122.2,1.0,2.8,7.6,0.0
2026,9,25,11,31,11:31,78.4,1.0,1.9,3.1,0.0
2026,9,25,11,33,11:33,92.4,0.6,2.1,6.4,0.0
2026,9,25,11,34,11:34,94.1,0.5,1.7,6.3,0.0
2026,9,25,11,37,11:36,66.9,0.3,1.0,2.2,0.0
2026,9,25,11,38,11:38,124.4,0.5,1.3,3.7,0.0
2026,9,25,11,39,11:39,134.5,0.0,1.3,2.2,0.0
2026,9,25,11,41,11:41,84.6,0.7,1.7,4.8,0.0
2026,9,25,11,43,11:43,94.6,0.7,2.0,3.7,0.0
2026,9,25,11,44,11:44,75.0,0.9,1.6,2.4,0.0
2026,9,25,11,46,11:46,88.6,0.8,1.8,3.9,0.0
2026,9,25,11,48,11:48,135.6,1.1,1.9,3.7,0.0
2026,9,25,11,49,11:49,84.0,0.6,1.0,2.6,0.0
2026,9,25,11,51,11:51,107.9,0.4,1.4,3.8,0.0
2026,9,25,11,53,11:53,105.4,0.5,0.8,1.6,0.0
2026,9,25,11,54,11:54,103.6,0.9,1.6,3.0,0.0
2026,9,25,11,56,11:56,125.7,0.7,1.1,2.5,0.0
2026,9,25,11,58,11:58,68.1,0.4,0.8,2.2,0.0
2026,9,25,11,59,11:59,121.1,0.4,1.1,3.3,0.0
2026,9,25,12,2,12:01,125.0,0.8,1.7,4.0,0.0
2026,9,25,12,3,12:03,111.8,0.8,1.6,4.1,0.0
2026,9,25,12,4,12:04,78.6,0.4,1.2,3.3,0.0
2026,9,25,12,6,12:06,83.2,0.6,1.5,4.1,0.0
2026,9,25,12,8,12:08,93.5,0.6,1.3,2.8,0.0
2026,9,25,12,9,12:09,118.9,0.4,1.1,2.8,0.0
2026,9,25,12,11,12:11,76.2,0.0,0.9,1.8,0.0
2026,9,25,12,13,12:13,84.6,0.7,1.4,4.1,0.0
2026,9,25,12,14,12:14,96.5,0.9,1.4,2.1,0.0
2026,9,25,12,16,12:16,120.7,0.6,0.9,1.2,0.0
2026,9,25,12,18,12:18,127.8,0.8,1.9,4.7,0.0
2026,9,25,12,19,12:19,95.5,0.5,1.7,4.9,0.0
2026,9,25,12,21,12:21,85.0,0.6,1.4,3.4,0.0
2026,9,25,12,23,12:23,118.4,0.5,1.2,2.3,0.0
2026,9,25,12,24,12:24,99.0,0.5,1.3,2.2,0.0
2026,9,25,12,27,12:26,97.3,0.9,2.1,6.3,0.0
2026,9,25,12,28,12:28,118.8,0.8,1.2,1.8,0.0
2026,9,25,12,29,12:29,121.6,1.0,1.6,2.7,0.0
2026,9,25,12,31,12:31,118.7,0.4,1.2,3.0,0.0
2026,9,25,12,33,12:33,116.1,0.5,0.9,1.8,0.0
2026,9,25,12,34,12:34,132.5,0.7,1.2,2.9,0.0
2026,9,25,12,36,12:36,115.9,0.7,1.2,2.5,0.0
2026,9,25,12,38,12:38,125.4,0.8,1.2,2.2,0.0
2026,9,25,12,39,12:39,120.9,0.6,0.9,2.9,0.0
2026,9,25,12,41,12:41,66.4,1.0,1.4,2.7,0.0
2026,9,25,12,43,12:43,141.7,0.8,1.4,2.6,0.0
2026,9,25,12,44,12:44,131.3,0.0,1.0,2.1,0.0
2026,9,25,12,47,12:46,115.2,0.8,1.2,1.9,0.0
2026,9,25,12,48,12:48,107.1,0.4,0.9,1.6,0.0
2026,9,25,12,49,12:49,152.8,0.6,1.1,2.4,0.0
2026,9,25,12,51,12:51,79.8,1.0,1.4,2.3,0.0
2026,9,25,12,53,12:53,132.6,0.7,1.1,1.9,0.0
2026,9,25,12,54,12:54,154.5,0.7,0.9,1.6,0.0
2026,9,25,12,57,12:56,103.9,0.6,1.2,2.8,0.0
2026,9,25,12,58,12:58,115.8,0.8,1.6,4.0,0.0
2026,9,25,12,59,12:59,90.1,0.0,0.9,1.7,0.0
2026,9,25,13,1,13:01,85.4,0.6,1.9,3.9,0.0
2026,9,25,13,3,13:03,80.6,0.0,1.2,3.6,0.0
2026,9,25,13,4,13:04,96.0,0.9,1.6,3.3,0.0
2026,9,25,13,7,13:06,60.6,0.5,1.1,1.9,0.0
2026,9,25,13,8,13:08,90.7,0.7,1.3,2.4,0.0
2026,9,25,13,9,13:09,126.4,0.8,1.5,3.3,0.0
2026,9,25,13,12,13:11,61.9,0.5,1.2,4.7,0.0
2026,9,25,13,13,13:13,112.0,0.5,1.4,3.7,0.0
2026,9,25,13,14,13:14,93.7,0.5,0.8,1.5,0.0
2026,9,25,13,17,13:16,107.0,0.8,1.8,5.4,0.0
2026,9,25,13,18,13:18,110.1,0.5,1.4,3.6,0.0
2026,9,25,13,19,13:19,73.9,0.4,1.4,5.6,0.0
2026,9,25,13,21,13:21,124.6,0.7,1.1,1.4,0.0
2026,9,25,13,23,13:23,120.2,0.7,1.4,3.6,0.0
2026,9,25,13,24,13:24,150.1,0.4,0.7,1.3,0.0
2026,9,25,13,26,13:26,106.6,0.7,1.6,3.6,0.0
2026,9,25,13,28,13:28,135.9,0.6,1.1,1.8,0.0
2026,9,25,13,31,13:31,118.9,0.5,1.1,3.0,0.0
2026,9,25,13,33,13:33,116.9,0.5,1.2,3.7,0.0
2026,9,25,13,34,13:34,113.4,0.5,1.1,2.4,0.0
2026,9,25,13,36,13:36,176.4,0.8,1.4,3.1,0.0
2026,9,25,13,38,13:38,124.5,0.6,1.2,3.4,0.0
2026,9,25,13,39,13:39,119.7,0.8,1.3,2.3,0.0
2026,9,25,13,41,13:41,110.9,0.7,1.2,5.1,0.0
2026,9,25,13,43,13:43,112.1,0.0,1.2,2.4,0.0
2026,9,25,13,44,13:44,94.7,0.0,0.8,1.8,0.0
2026,9,25,13,46,13:46,123.2,0.0,1.0,3.4,0.0
2026,9,25,13,48,13:48,103.5,0.5,1.1,1.9,0.0
2026,9,25,13,49,13:49,135.2,0.5,0.9,1.4,0.0
2026,9,25,13,52,13:51,101.6,0.7,1.1,2.4,0.0
2026,9,25,13,53,13:53,106.4,0.7,1.5,3.5,0.0
2026,9,25,13,54,13:54,129.1,0.6,1.1,2.0,0.0
2026,9,25,13,57,13:56,129.9,0.7,1.3,4.2,0.0
2026,9,25,13,58,13:58,115.6,0.6,1.1,2.1,0.0
2026,9,25,13,59,13:59,115.4,0.7,1.0,1.6,0.0
2026,9,25,14,1,14:01,101.2,0.6,0.9,1.5,0.0
2026,9,25,14,3,14:03,135.7,0.4,1.0,1.9,0.0
2026,9,25,14,4,14:04,98.5,0.5,1.2,2.6,0.0
2026,9,25,14,6,14:06,75.3,0.6,1.1,1.8,0.0
2026,9,25,14,8,14:08,138.7,0.7,1.2,3.0,0.0
2026,9,25,14,9,14:09,138.6,0.6,1.0,2.2,0.0
2026,9,25,14,12,14:11,100.6,0.0,1.3,3.0,0.0
2026,9,25,14,13,14:13,124.9,0.5,0.7,1.3,0.0
2026,9,25,14,14,14:14,107.4,0.6,1.3,2.6,0.0
2026,9,25,14,16,14:16,114.8,1.0,1.4,2.3,0.0
2026,9,25,14,18,14:18,116.9,0.6,1.4,3.5,0.0
2026,9,25,14,19,14:19,116.4,0.8,1.2,2.7,0.0
2026,9,25,14,21,14:21,101.8,0.7,1.2,2.3,0.0
2026,9,25,14,23,14:23,111.5,0.8,1.2,2.1,0.0
2026,9,25,14,24,14:24,118.9,0.5,1.1,2.4,0.0
2026,9,25,14,26,14:26,71.0,0.6,1.5,4.6,0.0
2026,9,25,14,28,14:28,143.1,0.8,1.5,3.6,0.0
2026,9,25,14,29,14:29,84.7,0.5,0.9,1.8,0.0
2026,9,25,14,31,14:31,115.2,0.8,1.6,3.4,0.0
2026,9,25,14,33,14:33,114.8,1.0,1.3,2.1,0.0
2026,9,25,14,34,14:34,113.4,0.7,1.3,2.0,0.0
2026,9,25,14,37,14:36,140.9,0.8,1.6,3.1,0.0
2026,9,25,14,38,14:38,83.6,0.7,1.3,2.9,0.0
2026,9,25,14,39,14:39,76.7,0.9,1.2,1.8,0.0
2026,9,25,14,41,14:41,114.9,0.6,1.3,4.2,0.0
2026,9,25,14,43,14:43,92.9,0.7,1.0,1.6,0.0
2026,9,25,14,44,14:44,100.8,0.6,0.9,1.8,0.0
2026,9,25,14,46,14:46,119.7,0.9,1.3,2.1,0.0
2026,9,25,14,48,14:48,96.6,0.9,1.5,3.6,0.0
2026,9,25,14,49,14:49,131.0,0.7,1.8,4.6,0.0
2026,9,25,14,51,14:51,124.6,0.7,1.5,2.9,0.0
2026,9,25,14,53,14:53,112.9,0.5,1.1,2.7,0.0
2026,9,25,14,54,14:54,141.0,0.0,1.2,3.5,0.0
2026,9,25,14,56,14:56,120.9,0.6,1.1,2.0,0.0
2026,9,25,14,58,14:58,105.2,0.9,1.6,2.7,0.0
2026,9,25,14,59,14:59,108.5,0.7,1.6,3.4,0.0
2026,9,25,15,2,15:01,144.4,0.8,1.3,2.4,0.0
2026,9,25,15,3,15:03,156.5,0.7,1.2,2.3,0.0
2026,9,25,15,4,15:04,96.9,0.8,1.3,2.8,0.0
2026,9,25,15,6,15:06,120.5,0.9,1.5,2.6,0.0
2026,9,25,15,8,15:08,140.5,0.8,1.5,2.2,0.0
2026,9,25,15,9,15:09,93.8,0.0,2.1,6.3,0.0
2026,9,25,15,12,15:11,91.7,0.6,1.2,3.3,0.0
2026,9,25,15,13,15:13,105.5,0.9,1.8,4.6,0.0
2026,9,25,15,14,15:14,129.2,0.0,0.9,1.5,0.0
2026,9,25,15,16,15:16,130.1,0.7,1.2,2.2,0.0
2026,9,25,15,18,15:18,120.0,0.0,1.4,3.9,0.0
2026,9,25,15,19,15:19,129.8,0.6,1.0,2.0,0.0
2026,9,25,15,21,15:21,95.6,0.0,1.4,3.7,0.0
2026,9,25,15,23,15:23,97.0,0.5,1.1,2.2,0.0
2026,9,25,15,24,15:24,109.6,0.7,1.2,1.7,0.0
2026,9,25,15,27,15:26,129.4,0.0,1.3,2.9,0.0
2026,9,25,15,28,15:28,142.0,0.9,1.2,2.2,0.0
2026,9,25,15,29,15:29,113.9,0.7,1.3,3.2,0.0
2026,9,25,15,31,15:31,101.6,0.8,1.7,3.5,0.0
2026,9,25,15,33,15:33,70.9,0.7,1.9,5.1,0.0
2026,9,25,15,34,15:34,139.8,0.8,1.1,1.7,0.0
2026,9,25,15,36,15:36,114.4,0.7,1.3,2.1,0.0
2026,9,25,15,38,15:38,110.5,0.8,1.2,2.0,0.0
2026,9,25,15,39,15:39,113.0,0.8,1.1,1.9,0.0
2026,9,25,15,41,15:41,151.5,0.7,1.6,3.0,0.0
2026,9,25,15,43,15:43,153.4,0.6,0.9,1.6,0.0
2026,9,25,15,44,15:44,116.8,0.6,1.3,3.5,0.0
2026,9,25,15,46,15:46,134.9,0.3,0.9,1.9,0.0
2026,9,25,15,48,15:48,113.5,0.9,1.6,3.4,0.0
2026,9,25,15,49,15:49,114.5,0.8,1.2,2.8,0.0
2026,9,25,15,51,15:51,77.9,0.5,0.9,2.2,0.0
2026,9,25,15,53,15:53,107.0,0.8,1.6,5.5,0.0
2026,9,25,15,54,15:54,147.5,0.6,0.9,2.0,0.0
2026,9,25,15,57,15:56,129.7,1.0,1.3,2.0,0.0
2026,9,25,15,58,15:58,129.8,0.9,1.8,3.9,0.0
2026,9,25,15,59,15:59,140.8,0.6,1.4,2.7,0.0
2026,9,25,16,1,16:01,125.9,1.0,2.2,4.6,0.0
2026,9,25,16,3,16:03,112.2,0.9,1.6,3.1,0.0
2026,9,25,16,4,16:04,117.5,0.6,1.4,3.9,0.0
2026,9,25,16,7,16:06,111.7,0.8,1.6,2.8,0.0
2026,9,25,16,8,16:08,112.9,0.8,1.6,4.5,0.0
2026,9,25,16,9,16:09,107.1,0.6,1.3,2.6,0.0
2026,9,25,16,11,16:11,114.0,0.4,2.0,6.6,0.0
2026,9,25,16,13,16:13,116.8,0.7,1.5,2.9,0.0
2026,9,25,16,14,16:14,120.4,0.5,1.3,3.1,0.0
2026,9,25,16,17,16:16,104.4,0.7,1.0,1.5,0.0
2026,9,25,16,18,16:18,150.3,0.9,1.4,3.1,0.0
2026,9,25,16,19,16:19,153.4,0.8,1.4,2.5,0.0
2026,9,25,16,21,16:21,117.7,0.6,1.1,2.9,0.0
2026,9,25,16,23,16:23,136.1,0.7,1.2,2.6,0.0
2026,9,25,16,24,16:24,107.8,0.7,1.1,2.4,0.0
2026,9,25,16,26,16:26,122.2,0.6,1.5,2.4,0.0
2026,9,25,16,28,16:28,101.7,0.6,0.9,2.2,0.0
2026,9,25,16,29,16:29,117.7,0.7,1.7,4.1,0.0
2026,9,25,16,31,16:31,77.9,0.7,1.3,3.1,0.0
2026,9,25,16,33,16:33,107.4,0.8,1.2,2.9,0.0
2026,9,25,16,34,16:34,144.3,0.7,1.1,3.0,0.0
2026,9,25,16,36,16:36,126.4,0.9,1.7,4.3,0.0
2026,9,25,16,38,16:38,128.7,0.8,1.4,3.0,0.0
2026,9,25,16,39,16:39,158.9,1.0,1.4,2.2,0.0
2026,9,25,16,42,16:41,138.2,1.0,1.6,2.4,0.0
2026,9,25,16,43,16:43,105.0,0.5,1.3,4.2,0.0
2026,9,25,16,44,16:44,158.3,0.7,1.3,2.1,0.0
2026,9,25,16,46,16:46,148.4,0.8,1.2,3.1,0.0
2026,9,25,16,48,16:48,85.6,0.7,1.5,4.5,0.0
2026,9,25,16,49,16:49,120.1,0.7,1.6,3.9,0.0
2026,9,25,16,52,16:51,131.0,0.6,1.0,2.6,0.0
2026,9,25,16,53,16:53,180.9,0.6,1.7,3.3,0.0
2026,9,25,16,54,16:54,141.6,0.8,1.1,2.3,0.0
2026,9,25,16,57,16:56,88.3,0.8,1.3,1.9,0.0
2026,9,25,16,58,16:58,117.0,0.9,1.7,2.6,0.0
2026,9,25,16,59,16:59,95.9,0.7,1.2,2.3,0.0
2026,9,25,17,1,17:01,94.6,0.8,1.5,3.3,0.0
2026,9,25,17,3,17:03,103.0,0.6,1.1,3.6,0.0
2026,9,25,17,4,17:04,95.8,0.5,1.0,1.6,0.0
2026,9,25,17,6,17:06,134.7,0.7,1.5,4.5,0.0
2026,9,25,17,8,17:08,133.8,0.7,1.3,3.1,0.0
2026,9,25,17,9,17:09,89.9,0.6,1.4,2.8,0.0
2026,9,25,17,12,17:11,141.1,0.0,0.8,1.1,0.0
2026,9,25,17,13,17:13,132.7,0.5,1.6,3.5,0.0
2026,9,25,17,14,17:14,87.3,0.9,1.3,2.0,0.0
2026,9,25,17,16,17:16,154.9,0.8,1.5,4.1,0.0
2026,9,25,17,18,17:18,127.1,0.6,1.1,2.8,0.0
2026,9,25,17,19,17:19,157.6,0.7,0.9,1.5,0.0
2026,9,25,17,22,17:21,124.4,0.8,1.7,4.5,0.0
2026,9,25,17,23,17:23,129.0,0.7,1.0,1.8,0.0
2026,9,25,17,24,17:24,164.9,0.7,1.5,6.5,0.0
2026,9,25,17,26,17:26,133.6,0.7,1.0,1.5,0.0
2026,9,25,17,28,17:28,121.8,0.9,1.1,1.7,0.0
2026,9,25,17,29,17:29,95.7,0.5,1.2,2.2,0.0
2026,9,25,17,31,17:31,144.5,0.6,1.2,2.1,0.0
2026,9,25,17,33,17:33,117.0,0.8,1.7,3.1,0.0
2026,9,25,17,34,17:34,113.1,0.5,1.6,5.0,0.0
2026,9,25,17,37,17:36,127.4,1.0,1.5,2.9,0.0
2026,9,25,17,38,17:38,105.8,0.8,1.3,3.4,0.0
2026,9,25,17,39,17:39,106.9,0.7,1.7,5.3,0.0
2026,9,25,17,41,17:41,121.8,0.9,1.7,3.5,0.0
2026,9,25,17,43,17:43,112.5,0.8,2.1,6.8,0.0
2026,9,25,17,44,17:44,104.6,0.8,1.3,1.9,0.0
2026,9,25,17,46,17:46,129.1,1.0,1.5,2.7,0.0
2026,9,25,17,48,17:48,123.9,0.8,1.0,2.9,0.0
2026,9,25,17,49,17:49,134.6,0.0,1.9,3.2,0.0
2026,9,25,17,51,17:51,132.0,0.0,0.8,1.4,0.0
2026,9,25,17,53,17:53,108.5,0.5,1.3,2.7,0.0
2026,9,25,17,54,17:54,189.6,0.4,1.2,2.0,0.0
2026,9,25,17,56,17:56,109.6,0.5,1.2,2.5,0.0
2026,9,25,17,58,17:58,118.9,0.6,0.9,1.3,0.0
2026,9,25,17,59,17:59,109.6,0.9,1.4,3.3,0.0
2026,9,25,18,1,18:01,116.1,0.5,1.3,3.5,0.0
2026,9,25,18,3,18:03,137.1,1.0,1.7,4.8,0.0
2026,9,25,18,4,18:04,89.1,0.7,1.7,5.8,0.0
2026,9,25,18,6,18:06,99.0,0.0,1.1,1.7,0.0
2026,9,25,18,8,18:08,103.5,0.7,1.0,1.5,0.0
2026,9,25,18,9,18:09,118.9,0.9,1.7,3.7,0.0
2026,9,25,18,12,18:11,117.5,1.1,2.0,4.9,0.0
2026,9,25,18,13,18:13,106.1,0.9,1.2,2.7,0.0
2026,9,25,18,14,18:14,74.4,0.6,1.3,3.5,0.0
2026,9,25,18,17,18:16,113.8,0.4,1.0,1.8,0.0
2026,9,25,18,18,18:18,113.2,0.5,1.2,2.5,0.0
2026,9,25,18,19,18:19,116.0,0.6,1.3,2.5,0.0
2026,9,25,18,21,18:21,98.9,0.7,1.1,2.3,0.0
2026,9,25,18,23,18:23,125.0,1.2,2.0,5.4,0.0
2026,9,25,18,24,18:24,94.2,0.9,1.5,3.0,0.0
2026,9,25,18,26,18:26,145.7,0.6,1.1,2.0,0.0
2026,9,25,18,28,18:28,109.1,0.9,2.0,5.3,0.0
2026,9,25,18,29,18:29,129.4,1.0,1.8,5.8,0.0
2026,9,25,18,32,18:31,124.8,1.0,1.6,3.4,0.0
2026,9,25,18,33,18:33,155.6,0.4,1.8,6.5,0.0
2026,9,25,18,34,18:34,144.1,0.7,1.5,3.2,0.0
2026,9,25,18,37,18:36,141.4,1.2,2.4,5.0,0.0
2026,9,25,18,38,18:38,105.5,0.8,1.6,4.7,0.0
2026,9,25,18,39,18:39,124.5,0.6,1.9,7.9,0.0
2026,9,25,18,42,18:41,154.1,1.0,1.8,3.9,0.0
2026,9,25,18,43,18:43,105.3,0.9,1.4,2.3,0.0
2026,9,25,18,44,18:44,138.0,1.1,2.3,5.3,0.0
2026,9,25,18,46,18:46,125.4,0.9,0.8,5.1,0.0
2026,9,25,18,48,18:48,149.5,0.5,1.0,3.1,0.0
2026,9,25,18,49,18:49,157.8,0.6,1.9,5.1,0.0
2026,9,25,18,52,18:51,122.3,0.7,2.2,7.4,0.0
2026,9,25,18,53,18:53,81.6,0.7,1.4,3.4,0.0
2026,9,25,18,54,18:54,105.2,0.5,1.1,2.2,0.0
2026,9,25,18,57,18:56,101.3,0.6,1.1,1.6,0.0
2026,9,25,18,58,18:58,96.4,0.9,1.8,4.2,0.0
2026,9,25,18,59,18:59,95.2,1.0,2.1,6.5,0.0
2026,9,25,19,1,19:01,129.0,0.9,1.6,5.8,0.0
2026,9,25,19,3,19:03,122.3,1.0,2.1,5.2,0.0
2026,9,25,19,4,19:04,107.5,0.8,1.3,2.6,0.0
2026,9,25,19,7,19:06,111.6,0.9,1.6,4.1,0.0
2026,9,25,19,8,19:08,109.7,1.0,1.8,3.9,0.0
2026,9,25,19,9,19:09,155.5,1.2,2.0,4.0,0.0
2026,9,25,19,11,19:11,138.2,0.7,1.2,2.2,0.0
2026,9,25,19,13,19:13,124.9,0.6,1.0,1.9,0.0
2026,9,25,19,14,19:14,115.7,0.7,1.2,3.1,0.0
2026,9,25,19,17,19:16,120.8,0.0,1.1,1.7,0.0
2026,9,25,19,18,19:18,128.3,0.4,1.7,4.1,0.0
2026,9,25,19,19,19:19,122.2,0.5,1.5,4.1,0.0
2026,9,25,19,21,19:21,133.4,0.9,2.0,5.0,0.0
2026,9,25,19,23,19:23,118.7,1.1,1.8,3.7,0.0
2026,9,25,19,24,19:24,150.3,0.7,2.6,6.9,0.0
2026,9,25,19,26,19:26,123.9,0.9,1.8,3.1,0.0
2026,9,25,19,28,19:28,148.0,0.0,1.5,3.4,0.0
2026,9,25,19,29,19:29,141.7,0.5,1.6,4.4,0.0
2026,9,25,19,31,19:31,113.0,1.1,1.8,3.5,0.0
2026,9,25,19,33,19:33,148.7,1.0,1.5,3.1,0.0
2026,9,25,19,34,19:34,95.8,0.8,1.3,2.2,0.0
2026,9,25,19,36,19:36,112.4,0.7,1.9,7.4,0.0
2026,9,25,19,38,19:38,139.0,0.6,1.8,5.6,0.0
2026,9,25,19,39,19:39,119.7,0.7,1.7,4.6,0.0
2026,9,25,19,41,19:41,147.1,0.0,2.1,6.0,0.0
2026,9,25,19,43,19:43,119.0,0.7,1.9,6.2,0.0
2026,9,25,19,44,19:44,132.4,0.7,1.5,4.0,0.0
2026,9,25,19,46,19:46,123.5,0.6,1.3,2.9,0.0
2026,9,25,19,48,19:48,108.0,1.0,1.7,2.9,0.0
2026,9,25,19,49,19:49,147.9,0.8,1.7,4.1,0.0
2026,9,25,19,52,19:51,87.9,0.4,0.7,1.1,0.0
2026,9,25,19,53,19:53,121.8,1.0,2.2,5.8,0.0
2026,9,25,19,54,19:54,133.4,0.0,1.3,2.5,0.0
2026,9,25,19,56,19:56,119.5,0.6,1.6,5.4,0.0
2026,9,25,19,58,19:58,126.0,0.6,1.1,2.9,0.0
2026,9,25,19,59,19:59,138.9,0.6,1.9,5.5,0.0
2026,9,25,20,2,20:01,153.2,0.7,1.4,4.2,0.0
2026,9,25,20,3,20:03,174.3,0.7,1.6,5.2,0.0
2026,9,25,20,4,20:04,136.4,0.6,1.3,2.2,0.0
2026,9,25,20,7,20:06,97.0,0.0,0.9,3.0,0.0
2026,9,25,20,8,20:08,122.5,0.8,1.9,7.0,0.0
2026,9,25,20,9,20:09,141.4,1.0,1.7,4.4,0.0
2026,9,25,20,12,20:11,129.7,0.9,2.1,5.8,0.0
2026,9,25,20,13,20:13,125.4,0.8,1.6,3.3,0.0
2026,9,25,20,14,20:14,115.3,0.9,2.0,5.2,0.0
2026,9,25,20,16,20:16,131.0,0.7,1.5,3.4,0.0
2026,9,25,20,18,20:18,165.7,1.0,2.9,7.5,0.0
2026,9,25,20,19,20:19,139.8,1.0,2.4,4.8,0.0
2026,9,25,20,22,20:21,114.9,0.7,2.5,6.1,0.0
2026,9,25,20,23,20:23,126.7,0.6,1.1,1.9,0.0
2026,9,25,20,24,20:24,123.9,0.8,1.7,6.0,0.0
2026,9,25,20,27,20:26,100.8,0.6,1.1,2.3,0.0
2026,9,25,20,28,20:28,117.1,0.0,1.3,6.5,0.0
2026,9,25,20,29,20:29,153.6,1.0,2.4,7.8,0.0
2026,9,25,20,31,20:31,137.1,0.8,1.8,3.7,0.0
2026,9,25,20,33,20:33,121.2,0.7,1.3,3.2,0.0
2026,9,25,20,34,20:34,128.2,1.0,2.0,5.2,0.0
2026,9,25,20,36,20:36,138.7,0.7,2.3,6.8,0.0
2026,9,25,20,38,20:38,138.5,1.1,2.3,5.5,0.0
2026,9,25,20,39,20:39,111.0,1.1,3.4,7.7,0.0
2026,9,25,20,41,20:41,135.1,1.0,1.9,4.1,0.0
2026,9,25,20,43,20:43,156.8,0.7,4.1,9.5,0.0
2026,9,25,20,44,20:44,133.3,0.8,1.5,5.9,0.0
2026,9,25,20,47,20:46,145.5,0.5,1.2,4.2,0.0
2026,9,25,20,48,20:48,143.3,1.1,2.3,8.6,0.0
2026,9,25,20,49,20:49,135.1,0.9,2.5,7.0,0.0
2026,9,25,20,51,20:51,136.4,1.6,3.2,6.4,0.0
2026,9,25,20,53,20:53,119.6,1.0,2.5,6.0,0.0
2026,9,25,20,54,20:54,95.5,0.0,0.9,1.5,0.0
2026,9,25,20,56,20:56,108.9,0.6,1.4,2.8,0.0
2026,9,25,20,58,20:58,144.0,0.4,1.1,2.8,0.0
2026,9,25,20,59,20:59,136.9,0.5,1.1,2.7,0.0
2026,9,25,21,1,21:01,142.1,0.5,1.7,4.0,0.0
2026,9,25,21,3,21:03,121.6,1.3,2.2,3.8,0.0
2026,9,25,21,4,21:04,156.8,0.6,1.7,4.0,0.0
2026,9,25,21,6,21:06,148.6,0.6,2.2,7.7,0.0
2026,9,25,21,8,21:08,136.5,0.7,1.6,2.7,0.0
2026,9,25,21,9,21:09,125.0,0.8,1.3,2.5,0.0
2026,9,25,21,12,21:11,141.5,0.0,2.8,7.5,0.0
2026,9,25,21,13,21:13,152.3,0.7,1.5,3.0,0.0
2026,9,25,21,14,21:14,142.6,1.6,3.0,4.6,0.0
2026,9,25,21,17,21:16,139.9,1.1,2.9,5.5,0.0
2026,9,25,21,18,21:18,131.3,0.7,1.3,3.4,0.0
2026,9,25,21,19,21:19,141.9,0.0,0.9,3.9,0.0
2026,9,25,21,21,21:21,103.3,0.5,0.7,0.9,0.0
2026,9,25,21,23,21:23,139.2,0.7,1.6,3.6,0.0
2026,9,25,21,24,21:24,128.4,1.0,1.7,3.7,0.0
2026,9,25,21,26,21:26,143.4,1.0,2.6,6.6,0.0
2026,9,25,21,28,21:28,111.5,0.6,1.4,4.0,0.0
2026,9,25,21,29,21:29,110.3,0.5,1.6,3.6,0.0
2026,9,25,21,31,21:31,158.6,0.9,3.3,8.1,0.0
2026,9,25,21,33,21:33,141.4,0.5,2.3,5.6,0.0
2026,9,25,21,34,21:34,147.8,0.4,3.1,7.0,0.0
2026,9,25,21,37,21:36,161.1,1.0,3.0,4.9,0.0
2026,9,25,21,38,21:38,158.6,0.7,2.1,5.1,0.0
2026,9,25,21,39,21:39,163.8,0.0,1.0,2.4,0.0
2026,9,25,21,41,21:41,116.8,0.0,2.3,5.4,0.0
2026,9,25,21,43,21:43,159.2,1.2,3.2,6.7,0.0
2026,9,25,21,44,21:44,121.9,1.0,1.8,4.4,0.0
2026,9,25,21,47,21:46,139.1,0.9,3.1,6.8,0.0
2026,9,25,21,48,21:48,142.6,0.6,1.6,5.9,0.0
2026,9,25,21,49,21:49,146.5,1.0,2.6,7.5,0.0
2026,9,25,21,51,21:51,166.0,0.9,2.2,5.2,0.0
2026,9,25,21,53,21:53,147.4,1.1,2.0,4.5,0.0
2026,9,25,21,54,21:54,134.6,0.9,2.5,7.0,0.0
2026,9,25,21,56,21:56,142.2,0.7,1.5,3.9,0.0
2026,9,25,21,58,21:58,114.0,0.9,2.5,7.1,0.0
2026,9,25,21,59,21:59,140.3,1.4,3.8,9.0,0.0
2026,9,25,22,1,22:01,150.4,1.8,4.6,9.8,0.0
2026,9,25,22,3,22:03,138.0,0.8,3.1,6.1,0.0
2026,9,25,22,4,22:04,156.8,1.6,3.9,8.2,0.0
2026,9,25,22,7,22:06,145.4,1.0,3.2,6.6,0.0
2026,9,25,22,8,22:08,137.7,1.4,3.4,6.5,0.0
2026,9,25,22,9,22:09,128.7,1.2,2.5,4.8,0.0
2026,9,25,22,12,22:11,131.8,1.1,3.4,7.2,0.0
2026,9,25,22,13,22:13,152.2,1.2,3.4,6.2,0.0
2026,9,25,22,14,22:14,153.0,1.2,3.2,8.3,0.0
2026,9,25,22,17,22:16,152.1,0.7,3.1,6.0,0.0
2026,9,25,22,18,22:18,140.9,1.3,2.4,5.2,0.0
2026,9,25,22,19,22:19,164.3,1.1,2.7,6.4,0.0
2026,9,25,22,21,22:21,135.9,1.0,3.3,7.2,0.0
2026,9,25,22,23,22:23,150.1,0.8,3.5,6.1,0.0
2026,9,25,22,24,22:24,125.0,0.8,2.5,7.3,0.0
2026,9,25,22,26,22:26,146.8,1.1,2.0,3.6,0.0
2026,9,25,22,28,22:28,136.2,1.1,2.4,4.9,0.0
2026,9,25,22,29,22:29,130.8,0.9,2.1,4.9,0.0
2026,9,25,22,31,22:31,153.4,1.4,3.9,7.3,0.0
2026,9,25,22,33,22:33,130.8,0.9,2.9,5.9,0.0
2026,9,25,22,34,22:34,142.9,0.5,2.7,8.4,0.0
2026,9,25,22,37,22:36,141.6,0.6,2.4,5.6,0.0
2026,9,25,22,38,22:38,135.2,0.5,2.0,4.6,0.0
2026,9,25,22,39,22:39,127.4,0.7,1.2,2.9,0.0
2026,9,25,22,41,22:41,135.0,0.9,2.3,4.2,0.0
2026,9,25,22,43,22:43,148.3,0.0,1.8,3.8,0.0
2026,9,25,22,44,22:44,151.5,0.5,1.9,5.1,0.0
2026,9,25,22,46,22:46,127.4,1.2,3.1,7.0,0.0
2026,9,25,22,48,22:48,134.5,1.0,2.8,6.1,0.0
2026,9,25,22,49,22:49,146.9,0.8,2.4,5.6,0.0
2026,9,25,22,52,22:51,149.5,0.8,2.2,5.7,0.0
2026,9,25,22,53,22:53,148.7,1.1,3.3,6.7,0.0
2026,9,25,22,54,22:54,150.1,1.2,3.2,6.9,0.0
2026,9,25,22,57,22:56,127.7,0.8,2.3,4.8,0.0
2026,9,25,22,58,22:58,133.1,1.5,3.6,6.7,0.0
2026,9,25,22,59,22:59,149.6,0.9,2.3,6.2,0.0
2026,9,25,23,1,23:01,138.5,0.6,1.5,3.9,0.0
2026,9,25,23,3,23:03,124.5,0.6,1.8,4.9,0.0
2026,9,25,23,4,23:04,143.7,0.9,1.9,3.7,0.0
2026,9,25,23,6,23:06,150.5,0.7,1.7,3.4,0.0
2026,9,25,23,8,23:08,139.2,0.5,3.0,8.1,0.0
2026,9,25,23,9,23:09,146.9,0.7,2.9,5.8,0.0
2026,9,25,23,12,23:11,119.8,0.7,1.3,2.8,0.0
2026,9,25,23,13,23:13,144.9,0.9,1.9,4.0,0.0
2026,9,25,23,14,23:14,135.7,0.0,1.7,3.5,0.0
2026,9,25,23,17,23:16,148.1,0.6,3.4,7.9,0.0
2026,9,25,23,18,23:18,109.1,0.0,1.4,4.3,0.0
2026,9,25,23,19,23:19,120.1,0.5,1.2,3.0,0.0
2026,9,25,23,21,23:21,130.7,0.8,2.7,5.2,0.0
2026,9,25,23,23,23:23,135.7,0.8,1.6,4.3,0.0
2026,9,25,23,24,23:24,129.3,0.8,1.8,4.9,0.0
2026,9,25,23,26,23:26,154.1,1.0,3.2,6.4,0.0
2026,9,25,23,28,23:28,154.3,0.6,2.0,5.4,0.0
2026,9,25,23,29,23:29,130.0,0.4,1.9,6.8,0.0
2026,9,25,23,31,23:31,141.3,0.8,2.0,5.3,0.0
2026,9,25,23,33,23:33,122.2,0.7,1.8,4.8,0.0
2026,9,25,23,34,23:34,145.7,0.7,1.9,4.9,0.0
2026,9,25,23,36,23:36,137.8,0.6,2.1,4.6,0.0
2026,9,25,23,38,23:38,140.1,1.2,2.8,5.3,0.0
2026,9,25,23,39,23:39,130.9,0.6,1.9,4.2,0.0
2026,9,25,23,42,23:41,93.5,0.4,1.1,3.9,0.0
2026,9,25,23,43,23:43,156.6,1.0,3.0,6.8,0.0
2026,9,25,23,44,23:44,127.9,0.8,1.7,4.2,0.0
2026,9,25,23,47,23:46,153.4,0.8,2.1,6.4,0.0
2026,9,25,23,48,23:48,136.5,0.7,1.7,5.2,0.0
2026,9,25,23,49,23:49,143.0,0.7,3.7,9.8,0.0
2026,9,25,23,52,23:51,156.8,1.3,3.6,7.0,0.0
2026,9,25,23,53,23:53,153.1,0.8,3.1,6.5,0.0
2026,9,25,23,54,23:54,145.9,1.0,2.2,4.2,0.0
2026,9,25,23,57,23:56,135.4,0.9,1.7,3.5,0.0
2026,9,25,23,58,23:58,148.6,0.5,0.9,2.0,0.0
2026,9,25,23,59,23:59,163.2,0.5,2.4,4.6,0.0
