# Helsinki Laru (dlarah.org Lauttasaari) 2026-09-07 Suomen aikaa — lähteen Laru_2026-250.txt sellaisenaan
# vuosi kk pv kirjoitus-h kirjoitus-min hh:mm suunta min ka max lämpötila (asemalla ei mittaria)
2026,9,7,0,1,00:01,319.9,2.0,2.8,3.3,0.0
2026,9,7,0,3,00:03,326.7,2.0,3.4,4.6,0.0
2026,9,7,0,4,00:03,326.7,2.0,3.4,4.6,0.0
2026,9,7,0,6,00:05,328.5,1.9,2.8,4.4,0.0
2026,9,7,0,8,00:08,338.0,2.0,3.0,4.5,0.0
2026,9,7,0,9,00:09,352.5,2.1,3.8,5.5,0.0
2026,9,7,0,12,00:11,326.9,2.7,3.7,4.9,0.0
2026,9,7,0,13,00:13,336.9,1.7,3.9,5.1,0.0
2026,9,7,0,14,00:14,327.7,2.8,3.9,5.2,0.0
2026,9,7,0,17,00:16,343.2,3.3,4.3,5.3,0.0
2026,9,7,0,18,00:18,325.2,2.2,2.9,3.8,0.0
2026,9,7,0,19,00:19,329.7,1.6,2.8,4.5,0.0
2026,9,7,0,21,00:21,328.4,2.6,3.4,4.3,0.0
2026,9,7,0,23,00:23,325.0,2.6,3.4,4.3,0.0
2026,9,7,0,24,00:24,322.9,2.2,3.1,4.4,0.0
2026,9,7,0,26,00:26,335.3,2.2,2.6,3.4,0.0
2026,9,7,0,28,00:28,327.6,1.8,2.3,2.8,0.0
2026,9,7,0,29,00:29,324.4,1.7,2.4,4.9,0.0
2026,9,7,0,32,00:31,346.1,2.6,3.2,3.9,0.0
2026,9,7,0,33,00:33,344.8,2.1,3.7,4.5,0.0
2026,9,7,0,34,00:34,321.0,1.7,2.4,3.3,0.0
2026,9,7,0,36,00:36,331.3,2.3,2.9,3.5,0.0
2026,9,7,0,38,00:38,321.7,1.8,2.3,2.6,0.0
2026,9,7,0,39,00:39,327.3,2.2,2.9,4.4,0.0
2026,9,7,0,42,00:41,331.8,2.0,2.6,3.3,0.0
2026,9,7,0,43,00:43,327.0,2.3,3.0,4.5,0.0
2026,9,7,0,44,00:44,328.0,2.2,2.8,3.9,0.0
2026,9,7,0,46,00:46,310.1,2.5,3.3,4.4,0.0
2026,9,7,0,48,00:48,325.1,2.6,3.9,5.4,0.0
2026,9,7,0,49,00:49,329.6,2.6,3.4,4.0,0.0
2026,9,7,0,51,00:51,332.9,1.6,2.6,3.2,0.0
2026,9,7,0,53,00:53,315.9,2.5,3.6,5.7,0.0
2026,9,7,0,54,00:54,309.2,2.8,3.4,4.7,0.0
2026,9,7,0,56,00:56,305.9,2.6,3.4,4.4,0.0
2026,9,7,0,58,00:58,332.2,1.9,3.1,4.3,0.0
2026,9,7,0,59,00:59,340.3,2.4,3.2,4.5,0.0
2026,9,7,1,1,01:01,320.1,1.6,2.1,2.7,0.0
2026,9,7,1,3,01:03,327.3,2.3,2.9,3.7,0.0
2026,9,7,1,4,01:04,341.7,2.3,2.9,3.6,0.0
2026,9,7,1,7,01:06,314.8,1.8,2.8,4.2,0.0
2026,9,7,1,8,01:08,325.3,2.3,3.3,4.5,0.0
2026,9,7,1,9,01:09,327.7,1.9,2.4,3.1,0.0
2026,9,7,1,12,01:11,326.5,1.9,2.9,3.8,0.0
2026,9,7,1,13,01:13,332.1,1.6,2.3,3.0,0.0
2026,9,7,1,14,01:14,315.4,2.2,3.0,3.5,0.0
2026,9,7,1,17,01:16,336.6,1.9,2.9,3.9,0.0
2026,9,7,1,18,01:18,308.9,1.9,2.7,3.8,0.0
2026,9,7,1,19,01:19,318.3,2.7,3.8,4.9,0.0
2026,9,7,1,21,01:20,325.8,2.3,3.0,4.0,0.0
2026,9,7,1,23,01:23,311.3,2.1,2.7,3.5,0.0
2026,9,7,1,24,01:23,311.3,2.1,2.7,3.5,0.0
2026,9,7,1,26,01:26,328.4,2.5,3.1,4.3,0.0
2026,9,7,1,28,01:28,331.8,2.4,3.3,4.8,0.0
2026,9,7,1,29,01:29,338.7,2.5,3.2,3.7,0.0
2026,9,7,1,32,01:31,331.5,2.1,2.9,3.9,0.0
2026,9,7,1,33,01:33,346.1,2.2,4.0,6.7,0.0
2026,9,7,1,34,01:34,337.3,2.8,4.6,6.1,0.0
2026,9,7,1,37,01:36,318.8,2.4,3.1,4.3,0.0
2026,9,7,1,38,01:38,340.8,2.2,3.8,4.7,0.0
2026,9,7,1,39,01:39,338.0,3.1,4.3,5.8,0.0
2026,9,7,1,42,01:41,337.5,3.1,4.2,5.3,0.0
2026,9,7,1,43,01:43,332.2,2.1,3.6,5.1,0.0
2026,9,7,1,44,01:44,328.7,2.0,3.0,4.0,0.0
2026,9,7,1,46,01:46,344.3,2.2,3.3,4.8,0.0
2026,9,7,1,48,01:48,343.6,2.3,3.6,5.6,0.0
2026,9,7,1,51,01:51,323.3,1.9,3.5,5.0,0.0
2026,9,7,1,53,01:53,322.3,2.4,3.7,5.3,0.0
2026,9,7,1,54,01:54,323.2,2.0,2.9,3.6,0.0
2026,9,7,1,56,01:56,337.3,1.2,1.9,3.1,0.0
2026,9,7,1,58,01:58,335.7,2.2,2.9,3.9,0.0
2026,9,7,2,1,02:01,324.7,1.7,2.3,3.0,0.0
2026,9,7,2,3,02:03,332.8,1.7,3.4,4.1,0.0
2026,9,7,2,4,02:04,320.4,1.6,2.1,2.8,0.0
2026,9,7,2,7,02:06,332.4,1.7,2.1,2.6,0.0
2026,9,7,2,8,02:08,309.0,1.9,3.1,4.0,0.0
2026,9,7,2,11,02:11,311.5,1.8,2.3,3.0,0.0
2026,9,7,2,13,02:13,298.7,2.9,3.6,4.2,0.0
2026,9,7,2,14,02:14,310.6,2.3,2.8,3.5,0.0
2026,9,7,2,17,02:16,328.0,2.6,3.4,5.6,0.0
2026,9,7,2,18,02:18,336.7,2.0,3.6,5.0,0.0
2026,9,7,2,19,02:19,333.5,2.0,2.8,3.6,0.0
2026,9,7,2,21,02:21,317.1,1.8,2.3,2.6,0.0
2026,9,7,2,23,02:23,331.4,1.8,2.3,2.9,0.0
2026,9,7,2,24,02:24,325.3,2.0,2.4,3.1,0.0
2026,9,7,2,27,02:26,322.1,2.0,2.7,3.5,0.0
2026,9,7,2,28,02:28,321.0,1.9,3.3,4.8,0.0
2026,9,7,2,29,02:29,316.8,2.6,3.1,3.7,0.0
2026,9,7,2,31,02:30,301.1,2.2,2.4,2.7,0.0
2026,9,7,2,33,02:33,310.7,2.6,3.2,4.3,0.0
2026,9,7,2,34,02:34,317.1,2.4,2.9,3.8,0.0
2026,9,7,2,37,02:36,310.6,2.6,3.4,4.4,0.0
2026,9,7,2,38,02:38,324.3,3.0,3.8,5.4,0.0
2026,9,7,2,39,02:39,327.0,2.6,3.2,4.6,0.0
2026,9,7,2,42,02:41,319.1,1.9,2.3,3.1,0.0
2026,9,7,2,43,02:43,316.6,2.3,2.8,3.8,0.0
2026,9,7,2,44,02:44,323.2,2.0,3.1,4.1,0.0
2026,9,7,2,46,02:46,324.8,2.4,2.9,3.5,0.0
2026,9,7,2,48,02:48,306.1,3.0,3.8,5.0,0.0
2026,9,7,2,49,02:49,314.5,2.6,3.4,4.5,0.0
2026,9,7,2,52,02:51,329.2,1.4,2.7,4.0,0.0
2026,9,7,2,53,02:53,319.3,2.6,3.4,4.2,0.0
2026,9,7,2,54,02:53,319.3,2.6,3.4,4.2,0.0
2026,9,7,2,56,02:55,308.5,2.1,2.7,4.0,0.0
2026,9,7,2,58,02:58,326.0,1.9,2.6,4.8,0.0
2026,9,7,2,59,02:59,323.3,1.9,2.8,3.7,0.0
2026,9,7,3,1,03:01,331.5,3.3,4.3,5.2,0.0
2026,9,7,3,3,03:03,313.3,1.8,2.7,3.7,0.0
2026,9,7,3,4,03:04,323.2,1.9,3.0,4.1,0.0
2026,9,7,3,6,03:06,329.7,1.8,2.4,3.3,0.0
2026,9,7,3,8,03:08,325.1,1.9,2.4,3.2,0.0
2026,9,7,3,9,03:09,335.0,1.6,2.7,3.9,0.0
2026,9,7,3,11,03:11,329.7,1.8,2.6,4.0,0.0
2026,9,7,3,13,03:13,328.1,2.2,2.7,4.0,0.0
2026,9,7,3,14,03:14,319.8,1.7,2.7,4.2,0.0
2026,9,7,3,16,03:16,319.0,2.0,3.0,4.1,0.0
2026,9,7,3,18,03:18,316.9,2.0,2.6,3.2,0.0
2026,9,7,3,19,03:19,333.8,3.0,3.8,4.9,0.0
2026,9,7,3,21,03:21,303.9,2.2,2.8,3.5,0.0
2026,9,7,3,23,03:23,311.5,1.8,2.8,3.3,0.0
2026,9,7,3,24,03:24,313.4,1.8,2.4,3.0,0.0
2026,9,7,3,27,03:26,317.9,2.4,3.2,4.2,0.0
2026,9,7,3,28,03:28,316.4,1.6,2.5,3.0,0.0
2026,9,7,3,29,03:29,303.3,2.1,2.6,3.3,0.0
2026,9,7,3,31,03:31,338.7,1.3,2.0,2.5,0.0
2026,9,7,3,33,03:33,323.1,2.0,2.4,3.6,0.0
2026,9,7,3,34,03:34,339.6,2.0,2.5,3.3,0.0
2026,9,7,3,36,03:36,312.6,1.3,2.3,3.3,0.0
2026,9,7,3,38,03:38,321.3,2.0,2.7,3.6,0.0
2026,9,7,3,39,03:39,312.2,1.8,2.3,2.8,0.0
2026,9,7,3,41,03:40,318.2,1.8,2.5,3.7,0.0
2026,9,7,3,43,03:43,310.1,1.8,2.5,2.9,0.0
2026,9,7,3,44,03:43,310.1,1.8,2.5,2.9,0.0
2026,9,7,3,46,03:46,319.8,2.4,3.1,3.8,0.0
2026,9,7,3,48,03:48,297.2,1.7,2.4,3.1,0.0
2026,9,7,3,51,03:50,292.4,2.4,3.1,4.1,0.0
2026,9,7,3,53,03:53,300.1,2.5,3.1,4.0,0.0
2026,9,7,3,54,03:54,308.0,2.4,3.0,3.8,0.0
2026,9,7,3,56,03:56,314.7,2.1,2.7,3.4,0.0
2026,9,7,3,58,03:58,307.4,2.2,2.7,3.4,0.0
2026,9,7,3,59,03:59,284.0,1.6,2.1,2.8,0.0
2026,9,7,4,1,04:01,292.9,1.9,2.6,3.5,0.0
2026,9,7,4,3,04:03,292.1,2.0,2.6,3.5,0.0
2026,9,7,4,4,04:04,279.2,2.1,2.5,3.1,0.0
2026,9,7,4,6,04:06,309.5,1.5,2.2,2.8,0.0
2026,9,7,4,8,04:08,292.7,1.7,2.2,3.0,0.0
2026,9,7,4,9,04:09,297.8,1.4,2.0,2.4,0.0
2026,9,7,4,11,04:10,316.5,1.8,2.8,4.5,0.0
2026,9,7,4,13,04:13,317.8,1.0,2.0,2.9,0.0
2026,9,7,4,14,04:14,305.5,1.6,2.4,3.3,0.0
2026,9,7,4,17,04:16,297.1,1.4,2.1,2.8,0.0
2026,9,7,4,18,04:18,311.1,1.7,2.7,3.6,0.0
2026,9,7,4,19,04:19,297.3,1.8,2.4,3.1,0.0
2026,9,7,4,22,04:21,308.3,2.1,2.9,3.5,0.0
2026,9,7,4,23,04:23,320.4,1.5,2.5,3.2,0.0
2026,9,7,4,24,04:24,325.3,1.7,2.6,3.6,0.0
2026,9,7,4,26,04:25,318.3,1.6,2.3,3.4,0.0
2026,9,7,4,28,04:28,303.0,1.3,2.1,2.8,0.0
2026,9,7,4,29,04:29,307.7,1.6,1.9,2.5,0.0
2026,9,7,4,32,04:31,312.1,1.7,2.6,3.2,0.0
2026,9,7,4,33,04:33,317.9,1.8,2.3,2.8,0.0
2026,9,7,4,34,04:34,310.7,1.8,2.2,2.9,0.0
2026,9,7,4,37,04:36,331.9,1.6,2.4,3.5,0.0
2026,9,7,4,38,04:38,329.0,1.5,2.4,3.6,0.0
2026,9,7,4,39,04:39,328.7,1.9,2.6,3.7,0.0
2026,9,7,4,42,04:41,315.8,1.6,1.9,2.3,0.0
2026,9,7,4,43,04:43,317.9,1.3,2.3,3.0,0.0
2026,9,7,4,44,04:44,301.9,2.0,2.6,3.9,0.0
2026,9,7,4,46,04:46,290.1,1.9,2.6,3.4,0.0
2026,9,7,4,48,04:48,309.5,1.3,2.4,3.3,0.0
2026,9,7,4,49,04:49,308.3,1.9,2.4,3.1,0.0
2026,9,7,4,51,04:51,300.7,2.6,3.2,4.2,0.0
2026,9,7,4,53,04:53,307.9,2.1,2.8,3.6,0.0
2026,9,7,4,54,04:54,305.9,2.0,2.5,3.2,0.0
2026,9,7,4,57,04:56,292.7,2.4,2.9,3.5,0.0
2026,9,7,4,58,04:58,304.3,2.0,3.2,4.4,0.0
2026,9,7,4,59,04:59,315.3,2.8,3.7,4.7,0.0
2026,9,7,5,1,05:01,319.1,2.3,3.1,4.2,0.0
2026,9,7,5,3,05:03,325.5,1.8,2.3,3.1,0.0
2026,9,7,5,4,05:04,322.4,2.0,2.5,3.1,0.0
2026,9,7,5,7,05:06,318.8,1.7,2.6,3.3,0.0
2026,9,7,5,8,05:08,320.5,1.7,2.8,3.5,0.0
2026,9,7,5,9,05:09,327.7,1.7,2.2,2.8,0.0
2026,9,7,5,11,05:11,320.0,2.3,2.8,3.6,0.0
2026,9,7,5,13,05:13,310.9,2.0,2.8,3.5,0.0
2026,9,7,5,14,05:14,319.1,2.6,3.4,4.1,0.0
2026,9,7,5,17,05:16,306.0,1.9,2.9,3.5,0.0
2026,9,7,5,18,05:18,306.5,2.3,2.9,3.9,0.0
2026,9,7,5,19,05:19,290.0,1.8,2.7,3.4,0.0
2026,9,7,5,22,05:21,301.8,2.4,3.4,3.9,0.0
2026,9,7,5,23,05:23,303.4,1.8,2.2,2.5,0.0
2026,9,7,5,24,05:23,303.4,1.8,2.2,2.5,0.0
2026,9,7,5,26,05:26,304.4,2.1,2.7,3.5,0.0
2026,9,7,5,28,05:28,290.0,1.9,2.9,4.6,0.0
2026,9,7,5,31,05:31,304.0,2.1,2.7,4.0,0.0
2026,9,7,5,33,05:33,295.4,2.0,3.0,3.9,0.0
2026,9,7,5,34,05:34,295.0,2.1,3.0,3.5,0.0
2026,9,7,5,36,05:36,299.2,1.8,2.4,3.1,0.0
2026,9,7,5,38,05:38,295.7,1.8,2.4,3.3,0.0
2026,9,7,5,39,05:39,306.3,2.1,2.6,3.1,0.0
2026,9,7,5,42,05:41,307.5,2.1,2.4,3.0,0.0
2026,9,7,5,43,05:43,304.4,1.8,2.3,3.0,0.0
2026,9,7,5,44,05:44,313.5,1.5,2.0,3.0,0.0
2026,9,7,5,46,05:46,313.5,1.3,1.8,2.3,0.0
2026,9,7,5,48,05:48,305.5,1.1,1.6,2.1,0.0
2026,9,7,5,49,05:49,299.8,1.5,2.0,2.5,0.0
2026,9,7,5,52,05:51,308.1,1.6,2.0,2.3,0.0
2026,9,7,5,53,05:53,310.6,1.6,2.3,3.0,0.0
2026,9,7,5,54,05:53,310.6,1.6,2.3,3.0,0.0
2026,9,7,5,56,05:56,311.0,2.0,2.4,2.9,0.0
2026,9,7,5,58,05:58,294.8,1.4,1.9,2.5,0.0
2026,9,7,5,59,05:59,287.9,1.7,2.0,2.6,0.0
2026,9,7,6,1,06:01,284.0,1.6,2.0,2.6,0.0
2026,9,7,6,3,06:03,280.9,2.0,2.4,3.2,0.0
2026,9,7,6,4,06:04,294.1,1.7,2.3,3.0,0.0
2026,9,7,6,7,06:06,291.5,1.6,2.1,2.6,0.0
2026,9,7,6,8,06:08,299.1,1.8,2.3,2.8,0.0
2026,9,7,6,9,06:09,294.1,1.5,2.1,2.6,0.0
2026,9,7,6,12,06:11,310.9,1.7,2.7,3.1,0.0
2026,9,7,6,13,06:13,305.7,1.7,2.1,2.7,0.0
2026,9,7,6,14,06:14,322.4,1.5,1.8,2.2,0.0
2026,9,7,6,17,06:16,327.9,1.2,1.7,2.1,0.0
2026,9,7,6,18,06:18,346.4,1.3,1.7,2.1,0.0
2026,9,7,6,19,06:19,347.6,1.3,1.4,2.0,0.0
2026,9,7,6,21,06:21,340.8,0.9,1.3,1.8,0.0
2026,9,7,6,23,06:23,311.9,1.3,1.8,2.3,0.0
2026,9,7,6,24,06:24,322.5,0.9,1.3,1.7,0.0
2026,9,7,6,27,06:26,305.3,1.4,1.9,2.5,0.0
2026,9,7,6,28,06:28,319.5,1.5,2.2,2.6,0.0
2026,9,7,6,29,06:29,319.1,1.3,1.8,2.5,0.0
2026,9,7,6,31,06:31,320.6,1.8,2.3,2.8,0.0
2026,9,7,6,33,06:33,314.4,1.5,1.7,2.1,0.0
2026,9,7,6,34,06:34,317.5,1.3,1.8,2.1,0.0
2026,9,7,6,37,06:36,315.9,0.8,1.2,1.7,0.0
2026,9,7,6,38,06:38,349.7,0.6,0.9,1.2,0.0
2026,9,7,6,39,06:39,349.6,0.6,0.9,1.2,0.0
2026,9,7,6,41,06:41,349.7,0.0,0.8,1.4,0.0
2026,9,7,6,43,06:43,349.6,1.0,1.2,1.6,0.0
2026,9,7,6,44,06:44,349.6,0.5,0.7,1.2,0.0
2026,9,7,6,47,06:46,349.6,0.0,1.0,1.3,0.0
2026,9,7,6,48,06:48,297.7,0.5,1.0,1.4,0.0
2026,9,7,6,49,06:49,317.2,0.9,1.1,1.7,0.0
2026,9,7,6,51,06:50,316.3,0.9,1.1,1.3,0.0
2026,9,7,6,53,06:53,297.3,0.0,0.2,0.3,0.0
2026,9,7,6,54,06:54,297.3,0.5,0.7,0.7,0.0
2026,9,7,6,57,06:56,297.3,0.0,0.4,0.7,0.0
2026,9,7,6,58,06:58,297.3,0.0,0.4,0.8,0.0
2026,9,7,6,59,06:59,297.3,0.4,0.6,1.0,0.0
2026,9,7,7,1,07:01,297.3,0.0,0.4,0.9,0.0
2026,9,7,7,3,07:03,297.3,0.3,0.3,0.4,0.0
2026,9,7,7,4,07:04,297.3,0.3,0.9,1.4,0.0
2026,9,7,7,6,07:06,297.3,0.0,0.6,0.7,0.0
2026,9,7,7,8,07:08,297.3,0.0,0.4,0.6,0.0
2026,9,7,7,9,07:09,297.3,0.0,0.5,0.7,0.0
2026,9,7,7,12,07:11,297.3,0.0,0.6,0.8,0.0
2026,9,7,7,13,07:13,297.3,0.0,0.0,0.0,0.0
2026,9,7,7,14,07:14,297.3,0.0,0.1,0.4,0.0
2026,9,7,7,16,07:16,297.3,0.0,0.0,0.0,0.0
2026,9,7,7,18,07:18,297.3,0.0,0.2,0.4,0.0
2026,9,7,7,19,07:19,297.3,0.0,0.2,0.5,0.0
2026,9,7,7,21,07:21,297.3,0.0,0.9,1.3,0.0
2026,9,7,7,23,07:23,335.6,1.0,1.2,1.4,0.0
2026,9,7,7,24,07:24,336.0,0.7,1.3,2.1,0.0
2026,9,7,7,26,07:26,343.6,0.9,1.3,1.9,0.0
2026,9,7,7,28,07:28,349.4,0.5,1.0,1.7,0.0
2026,9,7,7,29,07:29,349.4,0.0,0.4,1.1,0.0
2026,9,7,7,31,07:31,349.4,0.5,1.1,1.6,0.0
2026,9,7,7,33,07:32,349.4,0.0,0.1,1.2,0.0
2026,9,7,7,34,07:34,352.1,0.6,1.6,2.8,0.0
2026,9,7,7,37,07:36,331.1,1.8,2.2,2.8,0.0
2026,9,7,7,38,07:38,339.1,0.9,1.4,1.9,0.0
2026,9,7,7,39,07:39,332.9,1.4,2.0,2.6,0.0
2026,9,7,7,41,07:41,341.3,1.5,2.2,2.8,0.0
2026,9,7,7,43,07:43,341.8,1.2,1.5,2.0,0.0
2026,9,7,7,44,07:44,343.0,1.1,1.4,1.6,0.0
2026,9,7,7,47,07:46,339.5,1.1,1.4,1.8,0.0
2026,9,7,7,48,07:48,325.1,1.0,1.2,1.5,0.0
2026,9,7,7,49,07:49,333.1,0.7,1.1,1.6,0.0
2026,9,7,7,52,07:51,333.1,0.6,1.0,1.4,0.0
2026,9,7,7,53,07:53,321.1,0.9,1.3,1.5,0.0
2026,9,7,7,54,07:54,321.1,1.1,1.6,2.2,0.0
2026,9,7,7,56,07:56,318.9,1.4,1.6,1.9,0.0
2026,9,7,7,58,07:58,308.9,1.2,1.4,1.8,0.0
2026,9,7,7,59,07:59,301.4,1.0,1.2,1.4,0.0
2026,9,7,8,2,08:01,311.6,1.4,1.9,2.3,0.0
2026,9,7,8,3,08:03,332.0,1.4,1.8,2.4,0.0
2026,9,7,8,4,08:04,330.6,0.9,1.3,1.8,0.0
2026,9,7,8,6,08:06,302.6,1.3,1.5,1.7,0.0
2026,9,7,8,8,08:08,316.6,0.8,1.3,1.8,0.0
2026,9,7,8,9,08:08,316.6,0.8,1.3,1.8,0.0
2026,9,7,8,12,08:11,301.1,0.8,1.3,1.8,0.0
2026,9,7,8,13,08:13,299.8,1.1,1.3,1.7,0.0
2026,9,7,8,14,08:14,299.7,1.1,1.5,1.9,0.0
2026,9,7,8,17,08:16,314.6,1.2,1.6,2.0,0.0
2026,9,7,8,18,08:18,320.9,1.1,1.7,2.2,0.0
2026,9,7,8,19,08:19,329.6,1.3,1.6,2.0,0.0
2026,9,7,8,21,08:21,343.5,1.7,2.1,2.4,0.0
2026,9,7,8,23,08:23,336.5,1.1,1.6,1.9,0.0
2026,9,7,8,24,08:24,335.1,1.5,1.0,1.3,0.0
2026,9,7,8,26,08:25,328.7,0.0,1.1,1.6,0.0
2026,9,7,8,28,08:28,330.5,0.9,1.4,1.7,0.0
2026,9,7,8,29,08:29,330.9,0.8,1.2,1.5,0.0
2026,9,7,8,31,08:31,306.9,1.0,1.2,1.4,0.0
2026,9,7,8,33,08:33,302.7,0.7,1.2,1.5,0.0
2026,9,7,8,34,08:34,295.8,1.2,1.6,2.2,0.0
2026,9,7,8,36,08:36,288.9,1.1,1.3,1.7,0.0
2026,9,7,8,38,08:37,288.9,0.5,1.0,1.5,0.0
2026,9,7,8,39,08:39,288.9,0.7,0.9,1.0,0.0
2026,9,7,8,41,08:40,307.5,0.5,0.9,1.3,0.0
2026,9,7,8,43,08:43,313.3,0.0,0.9,1.1,0.0
2026,9,7,8,44,08:44,304.8,0.0,0.9,1.4,0.0
2026,9,7,8,46,08:46,296.2,0.8,1.1,1.5,0.0
2026,9,7,8,48,08:48,328.1,0.6,0.9,1.2,0.0
2026,9,7,8,49,08:49,312.1,0.7,0.9,1.1,0.0
2026,9,7,8,52,08:51,280.0,0.0,1.1,1.7,0.0
2026,9,7,8,53,08:53,264.2,1.1,1.4,1.8,0.0
2026,9,7,8,54,08:54,280.0,1.1,1.4,1.7,0.0
2026,9,7,8,57,08:56,280.4,0.6,0.8,1.2,0.0
2026,9,7,8,58,08:58,280.4,0.0,0.4,0.9,0.0
2026,9,7,8,59,08:59,280.4,1.0,1.3,1.6,0.0
2026,9,7,9,1,09:01,280.4,0.0,0.8,1.4,0.0
2026,9,7,9,3,09:03,280.4,0.7,1.2,1.6,0.0
2026,9,7,9,4,09:04,267.1,0.7,1.2,1.7,0.0
2026,9,7,9,7,09:06,284.5,1.0,1.5,1.9,0.0
2026,9,7,9,8,09:08,259.8,0.8,1.0,1.2,0.0
2026,9,7,9,9,09:09,259.8,0.6,1.0,1.4,0.0
2026,9,7,9,11,09:11,310.8,0.7,1.1,1.3,0.0
2026,9,7,9,13,09:12,306.0,0.9,1.3,1.8,0.0
2026,9,7,9,14,09:14,284.7,0.5,0.8,1.1,0.0
2026,9,7,9,16,09:16,306.6,1.0,1.3,1.6,0.0
2026,9,7,9,18,09:18,306.6,0.3,0.7,1.0,0.0
2026,9,7,9,19,09:19,266.0,0.6,0.9,1.4,0.0
2026,9,7,9,22,09:21,246.1,0.8,0.9,1.2,0.0
2026,9,7,9,23,09:23,258.9,0.4,0.9,1.3,0.0
2026,9,7,9,24,09:24,248.9,0.6,0.9,1.2,0.0
2026,9,7,9,27,09:26,256.3,0.9,1.3,1.5,0.0
2026,9,7,9,28,09:27,256.3,0.5,1.1,1.5,0.0
2026,9,7,9,31,09:30,243.0,0.8,1.1,1.4,0.0
2026,9,7,9,33,09:33,232.2,1.1,1.3,1.5,0.0
2026,9,7,9,34,09:34,231.1,0.9,1.2,1.5,0.0
2026,9,7,9,36,09:36,237.5,1.1,1.3,1.5,0.0
2026,9,7,9,38,09:38,243.4,1.0,1.1,1.4,0.0
2026,9,7,9,41,09:41,271.2,0.8,1.0,1.2,0.0
2026,9,7,9,43,09:42,271.2,0.5,0.7,0.8,0.0
2026,9,7,9,44,09:44,271.2,0.0,0.0,0.0,0.0
2026,9,7,9,47,09:46,266.2,0.0,0.7,1.4,0.0
2026,9,7,9,48,09:48,225.3,1.1,1.2,1.5,0.0
2026,9,7,9,52,09:51,217.2,0.5,0.4,0.7,0.0
2026,9,7,9,53,09:53,217.2,0.0,0.6,0.9,0.0
2026,9,7,9,54,09:54,217.3,0.5,0.8,1.2,0.0
2026,9,7,9,56,09:56,218.0,0.5,0.8,1.1,0.0
2026,9,7,9,58,09:57,218.0,0.0,0.4,0.7,0.0
2026,9,7,10,1,10:01,218.0,0.8,1.0,1.0,0.0
2026,9,7,10,3,10:03,218.0,0.0,0.7,1.2,0.0
2026,9,7,10,4,10:04,229.3,0.0,0.8,1.6,0.0
2026,9,7,10,6,10:06,226.4,0.7,1.0,1.4,0.0
2026,9,7,10,8,10:08,226.4,1.0,1.2,1.5,0.0
2026,9,7,10,9,10:09,226.4,1.2,1.4,1.6,0.0
2026,9,7,10,11,10:10,226.4,1.2,1.5,1.9,0.0
2026,9,7,10,13,10:13,226.4,0.9,1.0,1.2,0.0
2026,9,7,10,14,10:14,226.4,1.0,1.2,1.6,0.0
2026,9,7,10,16,10:16,226.4,0.7,1.0,1.4,0.0
2026,9,7,10,18,10:18,227.4,1.3,1.6,1.9,0.0
2026,9,7,10,19,10:19,235.6,1.3,1.5,1.7,0.0
2026,9,7,10,22,10:21,223.8,1.2,1.4,1.7,0.0
2026,9,7,10,23,10:23,217.0,1.6,2.0,2.5,0.0
2026,9,7,10,24,10:24,208.3,1.5,1.9,2.3,0.0
2026,9,7,10,26,10:26,209.6,2.0,2.3,2.6,0.0
2026,9,7,10,28,10:27,212.5,2.1,2.2,2.4,0.0
2026,9,7,10,29,10:29,213.9,1.8,2.3,2.8,0.0
2026,9,7,10,31,10:31,220.3,1.2,1.7,2.3,0.0
2026,9,7,10,33,10:33,223.7,1.2,1.6,1.9,0.0
2026,9,7,10,34,10:34,219.3,1.1,1.8,3.3,0.0
2026,9,7,10,36,10:36,204.4,2.5,2.7,3.3,0.0
2026,9,7,10,38,10:37,212.7,2.3,2.7,3.3,0.0
2026,9,7,10,39,10:38,215.8,1.5,2.3,3.1,0.0
2026,9,7,10,42,10:41,214.3,1.9,2.2,2.5,0.0
2026,9,7,10,43,10:43,203.5,2.0,2.8,3.2,0.0
2026,9,7,10,44,10:44,199.8,2.6,3.0,3.7,0.0
2026,9,7,10,46,10:46,208.4,2.2,2.7,3.1,0.0
2026,9,7,10,48,10:48,205.4,2.5,3.2,3.5,0.0
2026,9,7,10,51,10:51,206.3,1.8,2.1,2.5,0.0
2026,9,7,10,53,10:52,207.9,1.7,2.2,2.6,0.0
2026,9,7,10,54,10:54,214.9,2.1,2.5,2.9,0.0
2026,9,7,10,56,10:56,212.2,2.6,3.0,3.2,0.0
2026,9,7,10,58,10:58,210.4,2.1,2.6,3.3,0.0
2026,9,7,11,1,11:01,204.9,2.3,2.8,3.3,0.0
2026,9,7,11,3,11:03,211.3,2.4,2.7,3.0,0.0
2026,9,7,11,4,11:04,209.0,2.6,3.1,3.6,0.0
2026,9,7,11,7,11:06,209.1,2.5,3.0,3.5,0.0
2026,9,7,11,8,11:07,203.9,2.6,3.1,3.6,0.0
2026,9,7,11,9,11:09,200.8,2.2,2.7,3.1,0.0
2026,9,7,11,11,11:11,199.3,2.0,2.9,3.6,0.0
2026,9,7,11,13,11:13,217.0,2.6,2.9,3.4,0.0
2026,9,7,11,14,11:14,215.7,1.8,2.3,2.6,0.0
2026,9,7,11,16,11:16,212.8,2.5,3.0,4.0,0.0
2026,9,7,11,18,11:18,187.6,2.3,2.8,3.6,0.0
2026,9,7,11,21,11:21,192.5,2.2,2.9,3.7,0.0
2026,9,7,11,23,11:23,176.2,2.5,2.8,3.2,0.0
2026,9,7,11,24,11:24,164.9,2.0,2.8,3.5,0.0
2026,9,7,11,27,11:26,179.3,2.7,3.1,4.1,0.0
2026,9,7,11,28,11:27,197.2,3.0,3.4,3.9,0.0
2026,9,7,11,29,11:29,194.8,2.7,3.1,4.2,0.0
2026,9,7,11,31,11:31,195.5,3.0,3.3,3.8,0.0
2026,9,7,11,33,11:33,197.8,2.4,2.7,3.2,0.0
2026,9,7,11,34,11:34,188.5,2.2,2.9,3.4,0.0
2026,9,7,11,36,11:36,185.1,2.8,3.0,3.3,0.0
2026,9,7,11,38,11:38,183.0,2.5,3.2,3.9,0.0
2026,9,7,11,39,11:39,185.7,2.8,3.1,3.5,0.0
2026,9,7,11,41,11:40,196.0,2.8,3.5,3.9,0.0
2026,9,7,11,43,11:42,209.4,2.1,2.8,3.3,0.0
2026,9,7,11,44,11:43,208.1,2.3,3.1,3.4,0.0
2026,9,7,11,46,11:45,201.0,1.9,2.5,4.0,0.0
2026,9,7,11,48,11:48,201.9,2.4,3.3,4.4,0.0
2026,9,7,11,51,11:51,205.9,2.9,3.5,4.7,0.0
2026,9,7,11,53,11:53,208.2,2.6,3.0,3.4,0.0
2026,9,7,11,54,11:54,204.4,2.7,3.3,4.1,0.0
2026,9,7,11,57,11:56,204.8,3.5,4.1,4.6,0.0
2026,9,7,11,58,11:58,196.0,2.5,3.1,3.6,0.0
2026,9,7,11,59,11:59,196.8,3.1,3.6,4.1,0.0
2026,9,7,12,2,12:01,203.1,3.2,3.7,4.2,0.0
2026,9,7,12,3,12:03,202.2,2.6,3.3,3.8,0.0
2026,9,7,12,4,12:04,202.8,2.7,3.3,4.0,0.0
2026,9,7,12,6,12:06,203.5,3.1,3.8,4.7,0.0
2026,9,7,12,8,12:08,207.6,3.4,3.8,4.5,0.0
2026,9,7,12,9,12:09,208.7,2.9,3.3,3.8,0.0
2026,9,7,12,12,12:11,210.8,3.0,3.5,3.9,0.0
2026,9,7,12,13,12:12,198.4,3.1,3.5,4.1,0.0
2026,9,7,12,14,12:13,204.6,3.2,3.7,4.4,0.0
2026,9,7,12,17,12:16,204.0,3.4,4.0,4.6,0.0
2026,9,7,12,18,12:17,205.5,3.0,3.7,4.5,0.0
2026,9,7,12,19,12:19,209.3,3.0,3.6,4.2,0.0
2026,9,7,12,22,12:21,192.0,3.2,3.8,4.4,0.0
2026,9,7,12,23,12:23,200.2,3.4,3.9,4.4,0.0
2026,9,7,12,24,12:24,200.9,3.4,4.3,4.9,0.0
2026,9,7,12,26,12:26,212.9,3.1,3.8,4.3,0.0
2026,9,7,12,28,12:27,218.4,2.7,3.4,4.0,0.0
2026,9,7,12,31,12:31,205.8,3.5,4.0,4.5,0.0
2026,9,7,12,33,12:32,203.5,3.3,3.6,3.9,0.0
2026,9,7,12,34,12:33,201.6,3.2,4.0,4.7,0.0
2026,9,7,12,36,12:36,196.3,4.3,4.8,5.3,0.0
2026,9,7,12,38,12:38,207.7,4.2,4.7,5.7,0.0
2026,9,7,12,39,12:39,208.1,4.2,4.8,5.3,0.0
2026,9,7,12,41,12:41,201.0,4.1,4.8,5.2,0.0
2026,9,7,12,43,12:42,201.9,4.1,4.7,5.3,0.0
2026,9,7,12,44,12:44,197.5,3.9,4.6,5.3,0.0
2026,9,7,12,46,12:46,195.2,4.6,5.1,5.6,0.0
2026,9,7,12,48,12:48,185.6,4.4,5.1,5.7,0.0
2026,9,7,12,49,12:49,187.8,4.2,5.0,5.6,0.0
2026,9,7,12,51,12:51,196.9,3.9,4.7,5.5,0.0
2026,9,7,12,53,12:53,191.3,4.2,4.9,5.6,0.0
2026,9,7,12,54,12:54,185.8,3.7,4.7,5.6,0.0
2026,9,7,12,56,12:56,201.5,3.9,4.5,5.1,0.0
2026,9,7,12,58,12:58,194.0,4.0,4.9,5.7,0.0
2026,9,7,12,59,12:59,189.7,4.0,4.6,5.4,0.0
2026,9,7,13,1,13:01,197.6,4.3,4.8,5.4,0.0
2026,9,7,13,3,13:02,191.6,4.5,5.2,6.2,0.0
2026,9,7,13,4,13:03,191.4,5.2,5.9,6.5,0.0
2026,9,7,13,6,13:05,190.7,4.4,5.4,6.7,0.0
2026,9,7,13,8,13:07,194.7,4.5,5.6,6.8,0.0
2026,9,7,13,9,13:09,190.9,4.7,5.6,6.3,0.0
2026,9,7,13,11,13:11,184.9,4.6,5.6,6.3,0.0
2026,9,7,13,13,13:13,195.4,5.1,6.2,7.1,0.0
2026,9,7,13,14,13:14,195.0,4.4,5.6,6.4,0.0
2026,9,7,13,17,13:16,191.7,5.4,6.2,7.1,0.0
2026,9,7,13,18,13:17,187.3,4.8,5.4,5.9,0.0
2026,9,7,13,19,13:19,201.7,4.8,5.2,5.8,0.0
2026,9,7,13,22,13:21,189.8,5.4,6.3,7.3,0.0
2026,9,7,13,23,13:22,193.1,5.0,5.7,6.5,0.0
2026,9,7,13,24,13:24,182.0,5.3,5.9,7.1,0.0
2026,9,7,13,27,13:26,186.8,4.2,5.5,7.4,0.0
2026,9,7,13,28,13:28,185.2,5.2,5.8,6.7,0.0
2026,9,7,13,29,13:28,185.2,5.2,5.8,6.7,0.0
2026,9,7,13,32,13:31,188.5,4.7,5.9,6.6,0.0
2026,9,7,13,33,13:32,189.9,5.1,6.1,7.0,0.0
2026,9,7,13,34,13:34,189.0,5.1,6.1,7.3,0.0
2026,9,7,13,36,13:35,182.4,5.9,6.7,7.3,0.0
2026,9,7,13,38,13:37,186.1,6.2,7.1,8.0,0.0
2026,9,7,13,39,13:39,194.1,5.9,6.6,7.2,0.0
2026,9,7,13,41,13:41,198.8,5.1,5.9,6.6,0.0
2026,9,7,13,43,13:43,194.2,5.5,6.2,6.8,0.0
2026,9,7,13,44,13:44,204.2,5.9,6.8,7.4,0.0
2026,9,7,13,47,13:46,199.4,5.3,6.4,7.5,0.0
2026,9,7,13,48,13:48,190.4,4.9,6.2,7.9,0.0
2026,9,7,13,49,13:49,191.5,5.8,6.6,7.7,0.0
2026,9,7,13,52,13:51,194.1,5.7,6.8,7.7,0.0
2026,9,7,13,53,13:52,195.5,5.4,6.6,7.7,0.0
2026,9,7,13,54,13:54,192.1,5.7,6.7,7.9,0.0
2026,9,7,13,57,13:56,206.8,5.4,6.3,7.0,0.0
2026,9,7,13,58,13:57,195.7,5.6,6.3,7.0,0.0
2026,9,7,13,59,13:59,187.5,5.6,6.3,7.4,0.0
2026,9,7,14,2,14:01,189.0,5.5,6.5,7.9,0.0
2026,9,7,14,3,14:02,187.1,5.8,6.7,7.4,0.0
2026,9,7,14,4,14:04,196.2,5.4,6.2,7.0,0.0
2026,9,7,14,7,14:06,203.3,5.6,6.6,7.3,0.0
2026,9,7,14,8,14:07,200.7,5.4,6.5,7.5,0.0
2026,9,7,14,9,14:09,187.9,5.1,6.0,6.9,0.0
2026,9,7,14,11,14:11,195.5,5.1,5.9,6.9,0.0
2026,9,7,14,13,14:13,179.3,5.1,5.9,6.8,0.0
2026,9,7,14,14,14:14,191.2,5.1,6.1,7.1,0.0
2026,9,7,14,17,14:16,188.7,5.4,5.9,6.5,0.0
2026,9,7,14,18,14:18,187.6,4.9,6.0,6.8,0.0
2026,9,7,14,19,14:19,189.2,4.7,5.6,6.5,0.0
2026,9,7,14,21,14:21,181.0,5.4,6.1,6.9,0.0
2026,9,7,14,23,14:22,182.0,4.5,5.4,6.1,0.0
2026,9,7,14,24,14:24,185.5,4.9,5.5,6.3,0.0
2026,9,7,14,26,14:26,180.1,4.5,5.4,6.2,0.0
2026,9,7,14,28,14:27,188.0,5.2,6.0,6.8,0.0
2026,9,7,14,29,14:29,187.2,5.0,5.7,6.5,0.0
2026,9,7,14,31,14:31,191.2,4.9,5.8,6.4,0.0
2026,9,7,14,33,14:33,193.9,4.6,5.4,6.2,0.0
2026,9,7,14,34,14:34,184.3,4.5,5.2,6.5,0.0
2026,9,7,14,36,14:36,184.4,4.6,5.4,6.1,0.0
2026,9,7,14,38,14:37,183.3,5.0,5.6,6.5,0.0
2026,9,7,14,39,14:38,183.9,4.8,5.5,6.0,0.0
2026,9,7,14,42,14:41,191.6,4.7,5.2,5.8,0.0
2026,9,7,14,43,14:42,197.5,4.9,5.4,6.1,0.0
2026,9,7,14,44,14:44,199.5,5.3,6.2,7.1,0.0
2026,9,7,14,47,14:46,186.8,4.9,5.8,6.8,0.0
2026,9,7,14,48,14:47,201.8,5.6,6.2,6.8,0.0
2026,9,7,14,49,14:49,198.8,5.5,6.3,7.1,0.0
2026,9,7,14,51,14:51,196.0,6.1,6.8,7.8,0.0
2026,9,7,14,53,14:53,199.7,5.8,6.8,7.5,0.0
2026,9,7,14,54,14:54,199.4,5.5,6.3,7.1,0.0
2026,9,7,14,56,14:56,195.4,5.3,6.6,7.6,0.0
2026,9,7,14,58,14:58,195.8,5.8,6.8,7.5,0.0
2026,9,7,14,59,14:59,200.6,5.3,6.5,7.6,0.0
2026,9,7,15,1,15:01,204.7,5.0,5.8,6.3,0.0
2026,9,7,15,3,15:02,201.8,5.2,6.4,7.7,0.0
2026,9,7,15,4,15:03,204.6,5.0,6.0,7.0,0.0
2026,9,7,15,7,15:06,200.7,4.9,6.6,7.3,0.0
2026,9,7,15,8,15:07,202.0,4.9,6.1,6.8,0.0
2026,9,7,15,9,15:09,202.6,5.1,5.7,6.2,0.0
2026,9,7,15,11,15:10,202.4,5.0,5.7,6.6,0.0
2026,9,7,15,13,15:12,203.1,5.2,5.9,6.8,0.0
2026,9,7,15,14,15:14,200.2,5.4,6.6,7.3,0.0
2026,9,7,15,16,15:16,198.2,5.8,6.4,7.2,0.0
2026,9,7,15,18,15:18,205.5,5.2,5.9,6.8,0.0
2026,9,7,15,19,15:18,205.5,5.2,5.9,6.8,0.0
2026,9,7,15,21,15:21,204.8,3.9,4.7,5.4,0.0
2026,9,7,15,23,15:23,195.0,5.5,6.2,7.0,0.0
2026,9,7,15,24,15:24,187.8,5.1,6.3,7.2,0.0
2026,9,7,15,26,15:25,185.5,5.7,6.6,7.3,0.0
2026,9,7,15,28,15:27,192.0,4.7,5.8,7.2,0.0
2026,9,7,15,29,15:28,203.8,4.7,5.3,5.9,0.0
2026,9,7,15,31,15:31,196.5,5.2,5.9,6.5,0.0
2026,9,7,15,33,15:32,194.9,5.7,6.3,7.1,0.0
2026,9,7,15,34,15:34,201.3,4.3,5.4,5.9,0.0
2026,9,7,15,37,15:36,201.3,5.1,6.0,6.6,0.0
2026,9,7,15,38,15:37,200.3,5.6,6.2,6.9,0.0
2026,9,7,15,39,15:39,193.6,4.8,5.9,7.0,0.0
2026,9,7,15,42,15:41,202.5,4.6,5.7,6.6,0.0
2026,9,7,15,43,15:42,206.1,5.1,5.9,6.5,0.0
2026,9,7,15,44,15:44,204.1,4.9,6.2,7.0,0.0
2026,9,7,15,46,15:46,205.1,4.9,5.9,6.8,0.0
2026,9,7,15,48,15:48,206.4,5.3,6.0,6.9,0.0
2026,9,7,15,49,15:48,206.4,5.3,6.0,6.9,0.0
2026,9,7,15,52,15:51,203.2,4.7,5.3,6.4,0.0
2026,9,7,15,53,15:52,199.7,4.7,5.4,6.0,0.0
2026,9,7,15,54,15:54,195.4,4.8,5.5,6.0,0.0
2026,9,7,15,57,15:56,201.3,4.6,5.3,6.0,0.0
2026,9,7,15,58,15:58,197.5,4.1,4.9,5.6,0.0
2026,9,7,15,59,15:59,197.8,4.0,4.9,5.4,0.0
2026,9,7,16,1,16:00,196.9,4.2,4.8,5.7,0.0
2026,9,7,16,3,16:02,202.3,3.8,4.9,5.7,0.0
2026,9,7,16,4,16:04,199.4,3.5,4.3,4.9,0.0
2026,9,7,16,6,16:06,200.0,3.6,4.7,5.4,0.0
2026,9,7,16,8,16:07,198.8,4.2,5.3,6.1,0.0
2026,9,7,16,9,16:09,204.1,4.5,5.4,7.1,0.0
2026,9,7,16,12,16:11,198.5,5.0,5.9,6.7,0.0
2026,9,7,16,13,16:13,203.6,5.0,5.9,6.5,0.0
2026,9,7,16,14,16:14,205.3,4.9,5.5,6.0,0.0
2026,9,7,16,16,16:16,204.3,5.0,6.0,7.0,0.0
2026,9,7,16,18,16:17,203.5,5.4,6.0,6.7,0.0
2026,9,7,16,19,16:19,201.1,5.6,6.2,6.9,0.0
2026,9,7,16,21,16:21,195.1,4.4,5.3,6.2,0.0
2026,9,7,16,23,16:22,190.1,4.8,5.7,6.6,0.0
2026,9,7,16,24,16:24,196.6,4.2,4.8,5.5,0.0
2026,9,7,16,26,16:26,193.4,3.8,4.5,4.9,0.0
2026,9,7,16,28,16:28,196.3,3.7,4.5,5.2,0.0
2026,9,7,16,29,16:29,189.0,4.5,4.9,5.4,0.0
2026,9,7,16,31,16:31,191.5,3.6,4.1,4.6,0.0
2026,9,7,16,33,16:32,187.9,3.4,4.1,4.6,0.0
2026,9,7,16,34,16:34,179.0,3.4,4.0,4.5,0.0
2026,9,7,16,36,16:36,189.6,3.6,4.7,6.0,0.0
2026,9,7,16,38,16:37,194.1,5.0,5.7,6.5,0.0
2026,9,7,16,39,16:39,193.4,4.7,5.4,6.2,0.0
2026,9,7,16,41,16:41,197.8,4.8,5.8,6.6,0.0
2026,9,7,16,43,16:42,195.2,4.6,5.5,6.3,0.0
2026,9,7,16,44,16:44,198.4,5.1,5.7,6.2,0.0
2026,9,7,16,46,16:46,195.7,5.1,5.7,6.3,0.0
2026,9,7,16,48,16:47,196.5,4.9,5.5,6.2,0.0
2026,9,7,16,49,16:49,196.5,4.8,5.4,6.6,0.0
2026,9,7,16,51,16:51,198.2,4.5,4.9,5.6,0.0
2026,9,7,16,53,16:52,191.9,4.1,4.8,5.5,0.0
2026,9,7,16,54,16:54,192.2,4.4,5.1,5.5,0.0
2026,9,7,16,56,16:56,197.4,3.7,4.5,5.4,0.0
2026,9,7,16,58,16:57,202.6,3.8,4.5,5.3,0.0
2026,9,7,16,59,16:59,196.7,4.2,4.7,5.2,0.0
2026,9,7,17,1,17:01,201.5,4.2,4.6,5.1,0.0
2026,9,7,17,3,17:02,188.9,4.2,4.9,5.4,0.0
2026,9,7,17,4,17:04,195.4,4.0,5.0,5.6,0.0
2026,9,7,17,6,17:06,190.7,4.1,5.1,5.5,0.0
2026,9,7,17,8,17:07,187.4,4.5,5.1,5.9,0.0
2026,9,7,17,9,17:09,190.5,4.4,5.0,5.8,0.0
2026,9,7,17,11,17:10,191.7,4.6,5.3,6.1,0.0
2026,9,7,17,13,17:13,185.4,4.0,4.7,5.3,0.0
2026,9,7,17,14,17:14,186.6,3.6,4.3,4.9,0.0
2026,9,7,17,17,17:16,191.5,3.9,4.3,4.9,0.0
2026,9,7,17,18,17:18,183.8,3.9,4.5,5.2,0.0
2026,9,7,17,19,17:19,186.2,4.1,4.3,4.6,0.0
2026,9,7,17,21,17:21,183.6,4.7,5.2,5.7,0.0
2026,9,7,17,23,17:22,186.3,4.4,4.9,5.4,0.0
2026,9,7,17,24,17:24,185.6,4.0,4.6,5.2,0.0
2026,9,7,17,26,17:26,188.0,3.7,4.3,5.2,0.0
2026,9,7,17,28,17:27,191.5,4.2,4.7,5.1,0.0
2026,9,7,17,29,17:29,201.8,3.7,4.4,4.8,0.0
2026,9,7,17,32,17:31,199.4,3.8,4.6,5.4,0.0
2026,9,7,17,33,17:32,199.8,4.3,4.8,5.3,0.0
2026,9,7,17,34,17:34,192.3,4.3,4.8,5.4,0.0
2026,9,7,17,37,17:36,199.1,3.6,4.5,5.1,0.0
2026,9,7,17,38,17:37,192.2,3.3,4.2,4.9,0.0
2026,9,7,17,39,17:39,183.8,3.7,4.5,4.9,0.0
2026,9,7,17,41,17:41,185.2,3.3,4.3,4.9,0.0
2026,9,7,17,43,17:42,190.3,4.1,4.4,4.9,0.0
2026,9,7,17,44,17:44,188.4,3.2,3.7,4.2,0.0
2026,9,7,17,47,17:46,185.6,3.4,3.8,4.3,0.0
2026,9,7,17,48,17:47,191.2,3.4,3.8,4.2,0.0
2026,9,7,17,49,17:48,191.1,3.3,3.7,4.0,0.0
2026,9,7,17,51,17:51,195.5,2.6,3.0,3.5,0.0
2026,9,7,17,53,17:52,195.2,2.9,3.6,3.9,0.0
2026,9,7,17,54,17:54,191.1,3.0,3.5,3.9,0.0
2026,9,7,17,56,17:55,195.7,3.1,3.4,3.9,0.0
2026,9,7,17,58,17:57,190.4,2.6,3.0,3.3,0.0
2026,9,7,17,59,17:59,190.2,2.7,3.1,3.5,0.0
2026,9,7,18,1,18:01,189.0,2.8,3.3,3.6,0.0
2026,9,7,18,3,18:02,189.5,2.9,3.2,3.6,0.0
2026,9,7,18,4,18:04,190.1,3.0,3.2,3.6,0.0
2026,9,7,18,7,18:06,191.1,2.2,2.6,2.9,0.0
2026,9,7,18,8,18:07,188.5,2.1,2.5,2.9,0.0
2026,9,7,18,9,18:09,182.8,2.2,2.7,3.1,0.0
2026,9,7,18,12,18:11,178.3,2.5,2.9,3.0,0.0
2026,9,7,18,13,18:12,177.2,2.4,2.8,3.2,0.0
2026,9,7,18,14,18:14,176.3,2.3,2.9,3.6,0.0
2026,9,7,18,16,18:16,175.5,3.0,3.3,3.7,0.0
2026,9,7,18,18,18:17,173.8,2.6,3.0,3.4,0.0
2026,9,7,18,19,18:18,172.4,2.9,3.2,3.3,0.0
2026,9,7,18,21,18:21,176.6,2.3,2.7,3.0,0.0
2026,9,7,18,23,18:22,172.9,2.4,2.8,3.2,0.0
2026,9,7,18,24,18:24,172.7,2.5,2.8,3.2,0.0
2026,9,7,18,26,18:26,173.8,2.5,2.9,3.3,0.0
2026,9,7,18,28,18:27,166.6,2.1,2.8,3.4,0.0
2026,9,7,18,29,18:29,179.1,2.2,2.8,4.2,0.0
2026,9,7,18,31,18:31,170.6,2.7,3.3,3.7,0.0
2026,9,7,18,33,18:32,191.2,3.2,4.2,5.4,0.0
2026,9,7,18,34,18:34,191.2,4.2,4.9,5.3,0.0
2026,9,7,18,36,18:36,183.2,3.9,4.5,4.9,0.0
2026,9,7,18,38,18:38,183.4,4.5,5.0,5.4,0.0
2026,9,7,18,39,18:39,186.9,4.1,4.5,5.0,0.0
2026,9,7,18,41,18:41,185.4,4.1,4.7,5.1,0.0
2026,9,7,18,43,18:42,181.5,4.2,4.9,6.2,0.0
2026,9,7,18,44,18:44,188.8,4.5,5.2,5.8,0.0
2026,9,7,18,46,18:46,189.7,4.5,5.0,5.4,0.0
2026,9,7,18,48,18:47,186.0,4.1,4.9,5.9,0.0
2026,9,7,18,49,18:49,190.7,4.5,5.0,5.7,0.0
2026,9,7,18,52,18:51,192.1,4.7,5.7,6.3,0.0
2026,9,7,18,53,18:52,191.4,4.5,5.0,5.5,0.0
2026,9,7,18,54,18:54,196.1,4.7,5.5,6.3,0.0
2026,9,7,18,56,18:56,196.4,4.9,5.5,6.3,0.0
2026,9,7,18,58,18:57,198.0,4.6,5.6,6.5,0.0
2026,9,7,18,59,18:59,197.9,4.5,5.2,6.2,0.0
2026,9,7,19,2,19:01,197.2,4.2,5.0,5.8,0.0
2026,9,7,19,3,19:02,197.7,4.6,5.2,6.1,0.0
2026,9,7,19,4,19:04,200.1,5.1,5.9,6.9,0.0
2026,9,7,19,6,19:06,198.0,4.0,5.0,5.8,0.0
2026,9,7,19,8,19:07,199.9,4.2,5.0,5.6,0.0
2026,9,7,19,9,19:09,198.9,4.3,5.1,5.9,0.0
2026,9,7,19,11,19:10,194.0,4.3,5.3,6.1,0.0
2026,9,7,19,13,19:12,198.8,4.9,5.7,6.6,0.0
2026,9,7,19,14,19:14,196.8,4.3,5.1,6.3,0.0
2026,9,7,19,17,19:16,197.4,4.8,5.4,5.9,0.0
2026,9,7,19,18,19:17,198.4,4.3,5.3,6.7,0.0
2026,9,7,19,19,19:19,200.4,4.5,5.1,5.8,0.0
2026,9,7,19,21,19:21,195.5,4.5,5.6,6.4,0.0
2026,9,7,19,23,19:22,201.9,4.0,4.8,6.2,0.0
2026,9,7,19,24,19:23,198.4,4.3,4.9,5.6,0.0
2026,9,7,19,26,19:25,196.6,4.4,5.0,5.7,0.0
2026,9,7,19,28,19:27,205.3,3.6,4.3,4.9,0.0
2026,9,7,19,29,19:29,208.0,4.2,5.0,5.8,0.0
2026,9,7,19,32,19:31,203.1,4.2,5.0,5.7,0.0
2026,9,7,19,33,19:32,205.8,4.6,5.3,6.2,0.0
2026,9,7,19,34,19:34,203.5,4.2,4.8,5.5,0.0
2026,9,7,19,36,19:36,206.1,4.4,5.1,5.6,0.0
2026,9,7,19,38,19:37,202.2,4.2,5.1,5.7,0.0
2026,9,7,19,39,19:39,203.8,4.3,4.8,5.4,0.0
2026,9,7,19,41,19:40,207.9,4.1,4.9,5.8,0.0
2026,9,7,19,43,19:43,208.8,4.4,5.3,6.4,0.0
2026,9,7,19,44,19:44,209.0,4.6,5.1,5.9,0.0
2026,9,7,19,47,19:46,207.8,4.2,5.2,5.8,0.0
2026,9,7,19,48,19:47,206.2,3.3,4.5,5.4,0.0
2026,9,7,19,49,19:49,205.7,4.5,5.1,5.7,0.0
2026,9,7,19,52,19:51,208.3,4.3,4.9,6.2,0.0
2026,9,7,19,53,19:52,207.4,4.1,4.6,5.3,0.0
2026,9,7,19,54,19:54,212.0,3.9,4.6,5.4,0.0
2026,9,7,19,56,19:56,204.1,3.9,4.9,6.0,0.0
2026,9,7,19,58,19:57,201.3,4.3,4.7,5.4,0.0
2026,9,7,19,59,19:59,204.4,4.4,5.1,6.1,0.0
2026,9,7,20,1,20:00,206.4,4.0,4.7,5.5,0.0
2026,9,7,20,3,20:02,207.0,4.8,5.5,6.3,0.0
2026,9,7,20,4,20:04,205.6,4.5,5.5,6.4,0.0
2026,9,7,20,6,20:06,204.8,4.7,5.5,6.3,0.0
2026,9,7,20,8,20:07,204.3,4.6,5.4,5.9,0.0
2026,9,7,20,9,20:09,204.1,4.5,5.5,6.2,0.0
2026,9,7,20,11,20:11,202.3,4.5,5.4,6.2,0.0
2026,9,7,20,13,20:13,202.7,5.0,6.0,6.7,0.0
2026,9,7,20,14,20:14,204.1,4.9,5.6,6.5,0.0
2026,9,7,20,16,20:16,200.8,4.7,5.7,6.4,0.0
2026,9,7,20,18,20:18,199.5,5.0,5.5,6.0,0.0
2026,9,7,20,19,20:19,202.7,5.0,5.8,6.7,0.0
2026,9,7,20,22,20:21,201.3,4.6,5.6,6.6,0.0
2026,9,7,20,23,20:22,203.8,5.1,5.9,6.8,0.0
2026,9,7,20,24,20:24,203.6,5.4,5.9,6.8,0.0
2026,9,7,20,26,20:26,204.6,4.8,6.1,7.4,0.0
2026,9,7,20,28,20:28,204.7,5.2,6.0,6.9,0.0
2026,9,7,20,29,20:28,204.7,5.2,6.0,6.9,0.0
2026,9,7,20,32,20:31,208.1,4.9,5.3,5.8,0.0
2026,9,7,20,33,20:32,204.2,4.4,5.5,7.2,0.0
2026,9,7,20,34,20:34,209.0,4.5,5.6,6.9,0.0
2026,9,7,20,37,20:36,210.5,4.3,5.1,6.0,0.0
2026,9,7,20,38,20:37,210.1,4.2,5.3,5.9,0.0
2026,9,7,20,39,20:39,206.2,4.3,5.2,6.2,0.0
2026,9,7,20,41,20:41,207.0,3.6,4.9,6.1,0.0
2026,9,7,20,43,20:42,203.0,3.8,5.5,6.9,0.0
2026,9,7,20,44,20:44,208.9,4.1,5.1,6.0,0.0
2026,9,7,20,47,20:46,207.1,4.3,5.3,6.8,0.0
2026,9,7,20,48,20:47,207.2,4.8,5.7,6.6,0.0
2026,9,7,20,49,20:48,212.1,4.8,5.5,6.7,0.0
2026,9,7,20,51,20:50,204.7,4.5,5.1,5.8,0.0
2026,9,7,20,53,20:52,211.8,4.5,5.6,6.3,0.0
2026,9,7,20,54,20:54,208.4,4.4,5.5,6.6,0.0
2026,9,7,20,57,20:56,203.1,4.4,5.4,6.6,0.0
2026,9,7,20,58,20:57,207.2,4.3,5.7,6.9,0.0
2026,9,7,20,59,20:58,205.8,4.0,4.8,5.5,0.0
2026,9,7,21,1,21:00,207.8,4.6,5.2,6.0,0.0
2026,9,7,21,3,21:02,204.2,4.5,5.3,5.9,0.0
2026,9,7,21,4,21:03,204.4,4.6,5.4,6.3,0.0
2026,9,7,21,6,21:05,209.1,4.1,4.6,5.4,0.0
2026,9,7,21,8,21:08,204.0,5.1,5.8,7.1,0.0
2026,9,7,21,9,21:09,206.7,5.2,5.9,6.8,0.0
2026,9,7,21,11,21:11,203.2,4.8,5.8,7.1,0.0
2026,9,7,21,13,21:12,203.0,4.7,6.0,7.2,0.0
2026,9,7,21,14,21:14,203.7,5.3,6.4,7.7,0.0
2026,9,7,21,16,21:16,203.7,5.0,6.3,8.2,0.0
2026,9,7,21,18,21:17,204.8,4.7,5.4,6.4,0.0
2026,9,7,21,19,21:19,202.6,4.6,5.6,6.5,0.0
2026,9,7,21,21,21:21,206.0,4.9,5.7,6.6,0.0
2026,9,7,21,23,21:22,199.5,5.1,6.0,7.0,0.0
2026,9,7,21,24,21:24,202.1,4.9,5.7,6.4,0.0
2026,9,7,21,26,21:26,200.8,4.6,5.8,6.6,0.0
2026,9,7,21,28,21:27,204.6,5.3,6.2,6.7,0.0
2026,9,7,21,29,21:29,206.9,5.0,6.4,7.9,0.0
2026,9,7,21,31,21:31,204.0,5.1,6.0,7.1,0.0
2026,9,7,21,33,21:32,210.8,5.7,6.8,7.9,0.0
2026,9,7,21,34,21:34,202.0,5.4,6.4,7.5,0.0
2026,9,7,21,36,21:36,206.9,4.8,5.8,6.9,0.0
2026,9,7,21,38,21:37,205.0,4.7,6.0,7.3,0.0
2026,9,7,21,39,21:39,207.1,5.2,6.5,7.8,0.0
2026,9,7,21,42,21:41,201.4,5.6,6.6,8.8,0.0
2026,9,7,21,43,21:42,205.8,5.7,6.9,8.8,0.0
2026,9,7,21,44,21:44,210.6,5.7,7.0,8.4,0.0
2026,9,7,21,46,21:46,210.8,5.8,7.1,8.7,0.0
2026,9,7,21,48,21:47,208.5,5.6,7.2,8.7,0.0
2026,9,7,21,49,21:49,211.9,7.4,9.0,11.2,0.0
2026,9,7,21,51,21:50,211.2,6.9,8.2,9.9,0.0
2026,9,7,21,53,21:52,210.5,6.3,7.8,9.1,0.0
2026,9,7,21,54,21:54,211.2,5.3,6.5,7.8,0.0
2026,9,7,21,56,21:56,208.0,5.1,6.6,7.5,0.0
2026,9,7,21,58,21:57,213.5,6.0,7.1,8.7,0.0
2026,9,7,21,59,21:58,214.4,5.6,6.6,7.5,0.0
2026,9,7,22,1,22:01,213.5,4.3,6.3,8.0,0.0
2026,9,7,22,3,22:02,216.0,5.3,6.8,8.2,0.0
2026,9,7,22,4,22:04,217.5,4.9,6.6,7.2,0.0
2026,9,7,22,6,22:06,213.3,5.3,6.2,6.8,0.0
2026,9,7,22,8,22:07,212.0,5.0,6.2,7.2,0.0
2026,9,7,22,9,22:09,208.2,5.4,7.0,8.0,0.0
2026,9,7,22,11,22:10,206.1,5.1,6.3,7.4,0.0
2026,9,7,22,13,22:12,212.2,4.6,5.8,6.8,0.0
2026,9,7,22,14,22:14,215.4,4.0,5.4,6.3,0.0
2026,9,7,22,17,22:16,222.3,4.2,5.0,6.0,0.0
2026,9,7,22,18,22:17,215.1,4.5,5.3,6.2,0.0
2026,9,7,22,19,22:19,205.3,4.7,5.3,5.9,0.0
2026,9,7,22,21,22:21,205.8,4.3,4.9,5.5,0.0
2026,9,7,22,23,22:22,205.2,4.5,4.9,5.7,0.0
2026,9,7,22,24,22:24,206.3,4.1,4.6,5.3,0.0
2026,9,7,22,27,22:26,211.1,3.6,4.2,5.0,0.0
2026,9,7,22,28,22:27,210.9,3.3,4.3,5.1,0.0
2026,9,7,22,29,22:29,209.9,3.6,4.1,4.5,0.0
2026,9,7,22,31,22:31,204.9,3.5,4.1,4.8,0.0
2026,9,7,22,33,22:32,210.1,3.7,4.3,5.2,0.0
2026,9,7,22,34,22:34,208.7,3.6,4.1,4.6,0.0
2026,9,7,22,36,22:36,208.1,3.9,4.4,5.1,0.0
2026,9,7,22,38,22:37,210.8,3.8,4.5,5.2,0.0
2026,9,7,22,39,22:39,209.0,4.1,5.2,6.3,0.0
2026,9,7,22,41,22:41,213.0,4.0,4.7,5.9,0.0
2026,9,7,22,43,22:42,210.1,5.0,6.1,6.8,0.0
2026,9,7,22,44,22:44,209.6,5.0,5.8,6.6,0.0
2026,9,7,22,46,22:46,211.9,5.5,6.2,7.1,0.0
2026,9,7,22,48,22:47,210.9,5.3,5.9,6.6,0.0
2026,9,7,22,49,22:49,210.6,4.1,5.4,6.5,0.0
2026,9,7,22,51,22:51,211.5,4.2,4.9,5.5,0.0
2026,9,7,22,53,22:52,208.6,5.0,5.6,6.2,0.0
2026,9,7,22,54,22:54,213.9,4.2,5.0,5.6,0.0
2026,9,7,22,57,22:56,209.8,3.9,4.8,5.6,0.0
2026,9,7,22,58,22:57,217.1,4.2,4.9,5.6,0.0
2026,9,7,22,59,22:59,219.9,3.2,4.1,4.7,0.0
2026,9,7,23,2,23:01,215.7,4.1,5.0,5.6,0.0
2026,9,7,23,3,23:03,214.5,3.7,4.3,5.0,0.0
2026,9,7,23,4,23:03,214.5,3.7,4.3,5.0,0.0
2026,9,7,23,6,23:05,222.0,2.9,4.5,6.7,0.0
2026,9,7,23,8,23:07,219.2,3.6,4.7,5.7,0.0
2026,9,7,23,9,23:09,218.8,4.6,5.4,6.3,0.0
2026,9,7,23,12,23:11,218.5,3.6,4.4,5.5,0.0
2026,9,7,23,13,23:12,220.5,3.5,4.6,5.4,0.0
2026,9,7,23,14,23:14,212.6,4.4,5.5,6.7,0.0
2026,9,7,23,16,23:16,220.4,3.4,5.0,6.4,0.0
2026,9,7,23,18,23:17,221.8,4.1,5.1,6.8,0.0
2026,9,7,23,19,23:19,225.6,3.8,4.7,5.6,0.0
2026,9,7,23,21,23:21,226.3,3.5,4.7,6.0,0.0
2026,9,7,23,23,23:22,225.3,4.3,5.3,7.4,0.0
2026,9,7,23,24,23:23,228.2,4.3,5.2,6.6,0.0
2026,9,7,23,26,23:26,233.2,3.2,4.7,6.8,0.0
2026,9,7,23,28,23:28,236.7,2.8,4.1,5.7,0.0
2026,9,7,23,29,23:29,216.9,4.1,4.8,5.9,0.0
2026,9,7,23,32,23:31,232.9,3.6,5.1,6.9,0.0
2026,9,7,23,33,23:32,232.7,4.1,5.0,6.8,0.0
2026,9,7,23,34,23:34,227.4,3.6,4.3,5.2,0.0
2026,9,7,23,36,23:36,233.0,3.0,4.7,6.2,0.0
2026,9,7,23,38,23:37,227.3,4.3,5.2,6.5,0.0
2026,9,7,23,39,23:39,230.5,2.9,4.1,5.4,0.0
2026,9,7,23,41,23:40,227.7,3.4,4.3,5.6,0.0
2026,9,7,23,43,23:42,239.2,3.1,4.1,5.3,0.0
2026,9,7,23,44,23:44,227.7,2.9,4.3,5.7,0.0
2026,9,7,23,46,23:46,223.1,2.7,3.6,4.6,0.0
2026,9,7,23,48,23:47,217.8,3.6,4.8,6.4,0.0
2026,9,7,23,49,23:48,220.9,3.2,4.4,5.8,0.0
2026,9,7,23,51,23:51,218.9,4.1,5.1,7.2,0.0
2026,9,7,23,53,23:52,222.7,3.7,4.8,5.8,0.0
2026,9,7,23,54,23:53,221.6,3.9,5.1,7.1,0.0
2026,9,7,23,56,23:56,226.6,3.8,4.7,6.0,0.0
2026,9,7,23,58,23:57,224.1,3.5,4.5,5.6,0.0
2026,9,7,23,59,23:59,229.1,4.4,5.5,6.6,0.0
