# Helsinki Laru (dlarah.org Lauttasaari) 2026-09-13 Suomen aikaa — lähteen Laru_2026-256.txt sellaisenaan
# vuosi kk pv kirjoitus-h kirjoitus-min hh:mm suunta min ka max lämpötila (asemalla ei mittaria)
2026,9,13,0,2,00:01,209.3,2.3,2.7,3.0,0.0
2026,9,13,0,3,00:02,211.9,2.4,2.6,3.1,0.0
2026,9,13,0,4,00:03,218.3,1.8,2.4,2.8,0.0
2026,9,13,0,6,00:05,213.3,2.3,2.7,3.3,0.0
2026,9,13,0,8,00:07,207.6,2.1,2.5,2.9,0.0
2026,9,13,0,9,00:08,214.6,1.9,2.3,2.7,0.0
2026,9,13,0,11,00:10,209.9,1.6,1.8,2.0,0.0
2026,9,13,0,13,00:12,209.9,1.8,2.0,2.4,0.0
2026,9,13,0,14,00:14,209.9,2.0,2.3,2.5,0.0
2026,9,13,0,17,00:16,209.9,1.6,2.0,2.5,0.0
2026,9,13,0,18,00:17,209.8,1.9,2.2,2.4,0.0
2026,9,13,0,21,00:21,216.7,1.8,2.3,2.6,0.0
2026,9,13,0,23,00:22,211.8,2.0,2.2,2.7,0.0
2026,9,13,0,24,00:23,212.8,2.2,2.5,2.6,0.0
2026,9,13,0,26,00:25,223.1,1.9,2.2,2.4,0.0
2026,9,13,0,28,00:27,217.8,1.7,2.1,2.5,0.0
2026,9,13,0,29,00:28,218.4,1.6,2.1,2.4,0.0
2026,9,13,0,31,00:30,219.3,2.0,2.3,2.7,0.0
2026,9,13,0,33,00:32,211.3,1.9,2.4,2.7,0.0
2026,9,13,0,34,00:33,218.9,1.7,2.1,2.5,0.0
2026,9,13,0,36,00:36,218.1,1.3,1.9,2.1,0.0
2026,9,13,0,38,00:37,218.1,1.4,1.7,2.0,0.0
2026,9,13,0,39,00:38,218.0,1.2,1.6,1.9,0.0
2026,9,13,0,41,00:40,210.8,1.5,1.9,2.2,0.0
2026,9,13,0,43,00:42,221.1,1.4,1.7,2.1,0.0
2026,9,13,0,44,00:43,216.7,1.3,1.6,1.8,0.0
2026,9,13,0,46,00:45,216.6,1.1,1.4,1.9,0.0
2026,9,13,0,48,00:47,216.6,1.4,1.8,2.4,0.0
2026,9,13,0,49,00:48,216.6,1.4,1.8,2.1,0.0
2026,9,13,0,52,00:51,216.6,1.3,1.6,1.9,0.0
2026,9,13,0,53,00:52,216.6,1.7,2.0,2.4,0.0
2026,9,13,0,54,00:53,222.3,1.7,2.3,3.0,0.0
2026,9,13,0,57,00:56,227.8,1.5,1.7,2.0,0.0
2026,9,13,0,58,00:57,228.1,1.4,1.9,2.5,0.0
2026,9,13,0,59,00:59,219.2,1.7,2.2,2.7,0.0
2026,9,13,1,1,01:01,221.0,1.5,1.9,2.5,0.0
2026,9,13,1,3,01:02,221.0,1.6,1.9,2.1,0.0
2026,9,13,1,4,01:04,221.1,1.1,1.5,2.2,0.0
2026,9,13,1,6,01:05,221.1,1.3,1.8,2.1,0.0
2026,9,13,1,8,01:07,221.0,1.2,1.4,1.8,0.0
2026,9,13,1,9,01:08,218.9,1.3,1.7,2.1,0.0
2026,9,13,1,12,01:11,210.1,1.7,2.2,2.7,0.0
2026,9,13,1,13,01:12,206.5,2.3,2.6,2.9,0.0
2026,9,13,1,14,01:13,202.8,2.6,3.1,3.8,0.0
2026,9,13,1,16,01:15,205.4,2.6,3.1,3.6,0.0
2026,9,13,1,18,01:17,205.7,2.3,2.8,3.2,0.0
2026,9,13,1,19,01:18,205.7,2.0,2.4,2.6,0.0
2026,9,13,1,22,01:21,218.0,1.7,2.1,2.5,0.0
2026,9,13,1,23,01:22,218.4,1.8,2.1,2.4,0.0
2026,9,13,1,24,01:24,213.9,1.6,1.7,1.9,0.0
2026,9,13,1,26,01:25,213.9,1.0,1.3,1.5,0.0
2026,9,13,1,28,01:27,213.9,1.2,1.5,1.8,0.0
2026,9,13,1,29,01:28,213.9,0.8,1.2,1.4,0.0
2026,9,13,1,31,01:30,213.9,1.0,1.2,1.5,0.0
2026,9,13,1,33,01:32,213.9,1.6,1.7,1.9,0.0
2026,9,13,1,34,01:34,210.7,1.7,2.0,2.6,0.0
2026,9,13,1,36,01:35,206.6,1.9,2.3,2.7,0.0
2026,9,13,1,38,01:37,206.6,2.1,2.3,2.6,0.0
2026,9,13,1,39,01:38,206.6,2.0,2.2,2.4,0.0
2026,9,13,1,42,01:41,206.6,1.9,2.2,2.4,0.0
2026,9,13,1,43,01:42,206.6,2.0,2.2,2.4,0.0
2026,9,13,1,44,01:44,206.6,1.8,2.2,2.6,0.0
2026,9,13,1,47,01:46,201.4,2.1,2.7,3.0,0.0
2026,9,13,1,48,01:47,210.8,2.2,2.6,2.9,0.0
2026,9,13,1,49,01:48,206.1,2.0,2.3,2.5,0.0
2026,9,13,1,51,01:50,205.1,2.1,2.4,2.6,0.0
2026,9,13,1,53,01:52,205.1,1.9,2.3,2.8,0.0
2026,9,13,1,54,01:53,205.1,2.0,2.3,2.6,0.0
2026,9,13,1,56,01:55,206.0,2.6,3.1,3.4,0.0
2026,9,13,1,58,01:57,203.9,2.6,2.8,3.1,0.0
2026,9,13,1,59,01:59,202.7,2.5,2.8,3.5,0.0
2026,9,13,2,2,02:01,206.8,2.6,3.0,3.3,0.0
2026,9,13,2,3,02:02,205.1,2.5,3.0,3.5,0.0
2026,9,13,2,4,02:03,200.2,2.4,2.8,3.2,0.0
2026,9,13,2,6,02:05,193.2,2.1,2.6,3.1,0.0
2026,9,13,2,8,02:07,195.9,2.7,2.9,3.3,0.0
2026,9,13,2,9,02:08,197.5,2.8,3.1,3.4,0.0
2026,9,13,2,11,02:11,200.1,2.9,3.3,3.6,0.0
2026,9,13,2,13,02:12,198.3,2.6,3.0,3.3,0.0
2026,9,13,2,14,02:13,196.2,2.6,3.0,3.6,0.0
2026,9,13,2,16,02:15,190.8,2.5,3.0,3.3,0.0
2026,9,13,2,18,02:17,190.1,2.7,2.9,3.2,0.0
2026,9,13,2,19,02:19,191.3,2.6,3.1,3.8,0.0
2026,9,13,2,21,02:21,197.8,2.7,3.3,3.8,0.0
2026,9,13,2,23,02:22,200.6,2.9,3.2,3.5,0.0
2026,9,13,2,24,02:23,199.9,2.5,2.8,3.2,0.0
2026,9,13,2,27,02:26,196.3,2.5,3.0,3.7,0.0
2026,9,13,2,28,02:27,203.2,2.8,3.1,3.7,0.0
2026,9,13,2,29,02:28,200.3,2.6,3.1,3.5,0.0
2026,9,13,2,32,02:31,195.5,2.3,3.2,3.9,0.0
2026,9,13,2,33,02:32,198.0,2.6,3.4,3.9,0.0
2026,9,13,2,34,02:33,197.5,2.8,3.4,4.0,0.0
2026,9,13,2,36,02:35,200.6,3.0,3.7,4.2,0.0
2026,9,13,2,38,02:37,200.1,2.9,3.2,3.5,0.0
2026,9,13,2,39,02:38,204.1,2.7,3.1,3.6,0.0
2026,9,13,2,41,02:40,199.4,2.4,2.7,3.1,0.0
2026,9,13,2,43,02:42,199.8,2.7,2.9,3.2,0.0
2026,9,13,2,44,02:43,200.7,2.8,3.3,3.8,0.0
2026,9,13,2,46,02:45,195.4,3.1,3.7,4.3,0.0
2026,9,13,2,48,02:47,200.2,3.0,3.5,4.1,0.0
2026,9,13,2,49,02:48,203.5,2.9,3.3,3.6,0.0
2026,9,13,2,51,02:50,196.6,3.2,3.6,3.9,0.0
2026,9,13,2,53,02:52,200.5,2.4,3.1,3.9,0.0
2026,9,13,2,54,02:53,200.6,2.4,2.8,3.2,0.0
2026,9,13,2,56,02:56,189.9,3.6,4.0,4.4,0.0
2026,9,13,2,58,02:57,190.5,3.4,4.0,4.9,0.0
2026,9,13,2,59,02:58,192.7,4.0,4.6,5.1,0.0
2026,9,13,3,1,03:00,193.4,3.3,3.9,4.4,0.0
2026,9,13,3,3,03:02,196.8,3.0,3.6,4.3,0.0
2026,9,13,3,4,03:03,198.7,3.2,3.7,4.5,0.0
2026,9,13,3,6,03:05,198.6,3.5,3.8,4.1,0.0
2026,9,13,3,8,03:07,196.2,3.4,3.9,4.3,0.0
2026,9,13,3,9,03:08,196.7,2.9,3.5,4.2,0.0
2026,9,13,3,11,03:10,197.3,3.3,3.6,4.0,0.0
2026,9,13,3,13,03:12,197.5,3.0,3.7,4.2,0.0
2026,9,13,3,14,03:13,203.1,2.6,3.1,3.7,0.0
2026,9,13,3,17,03:16,203.1,2.7,3.3,3.8,0.0
2026,9,13,3,18,03:17,208.1,2.9,3.3,3.7,0.0
2026,9,13,3,19,03:19,207.2,2.2,2.6,3.1,0.0
2026,9,13,3,22,03:21,212.4,2.5,2.9,3.3,0.0
2026,9,13,3,23,03:22,217.6,2.1,2.5,3.0,0.0
2026,9,13,3,24,03:24,214.4,2.7,3.1,3.5,0.0
2026,9,13,3,26,03:26,217.1,2.0,2.4,2.7,0.0
2026,9,13,3,28,03:27,219.0,2.1,2.3,2.6,0.0
2026,9,13,3,29,03:28,216.8,2.0,2.4,2.9,0.0
2026,9,13,3,31,03:31,219.9,1.9,2.2,2.5,0.0
2026,9,13,3,33,03:32,219.9,1.5,1.8,2.0,0.0
2026,9,13,3,34,03:33,213.1,1.8,2.1,2.3,0.0
2026,9,13,3,36,03:35,216.2,1.6,1.8,2.1,0.0
2026,9,13,3,38,03:37,205.0,1.5,1.7,2.1,0.0
2026,9,13,3,39,03:39,224.3,1.6,1.8,2.1,0.0
2026,9,13,3,41,03:41,224.3,1.7,1.9,2.2,0.0
2026,9,13,3,43,03:42,224.3,1.7,1.9,2.1,0.0
2026,9,13,3,44,03:43,206.0,1.9,2.2,2.4,0.0
2026,9,13,3,46,03:46,202.4,2.0,2.4,2.8,0.0
2026,9,13,3,48,03:47,202.4,2.0,2.4,2.8,0.0
2026,9,13,3,49,03:48,202.4,1.9,2.2,2.5,0.0
2026,9,13,3,51,03:50,196.6,1.7,2.1,2.6,0.0
2026,9,13,3,53,03:52,190.7,1.8,2.3,2.6,0.0
2026,9,13,3,54,03:54,197.6,2.4,2.6,2.9,0.0
2026,9,13,3,56,03:56,195.0,2.3,2.5,2.7,0.0
2026,9,13,3,58,03:57,199.6,2.2,2.4,2.7,0.0
2026,9,13,3,59,03:58,201.2,2.0,2.4,2.9,0.0
2026,9,13,4,2,04:01,197.4,2.0,2.2,2.5,0.0
2026,9,13,4,3,04:02,197.8,1.4,1.7,1.9,0.0
2026,9,13,4,4,04:03,197.9,1.5,1.9,2.5,0.0
2026,9,13,4,6,04:05,197.8,1.5,1.8,2.0,0.0
2026,9,13,4,8,04:07,212.6,1.9,2.3,2.8,0.0
2026,9,13,4,9,04:08,212.6,1.6,1.9,2.3,0.0
2026,9,13,4,11,04:10,207.7,2.0,2.4,3.3,0.0
2026,9,13,4,13,04:12,209.3,2.1,2.4,2.7,0.0
2026,9,13,4,14,04:13,209.3,1.6,2.1,2.4,0.0
2026,9,13,4,16,04:15,215.4,1.6,1.9,2.2,0.0
2026,9,13,4,18,04:17,210.2,2.0,2.5,2.9,0.0
2026,9,13,4,19,04:18,205.1,1.9,2.3,2.7,0.0
2026,9,13,4,21,04:20,205.1,1.4,1.7,2.0,0.0
2026,9,13,4,23,04:22,205.1,1.8,2.1,2.5,0.0
2026,9,13,4,24,04:23,205.1,1.7,1.9,2.1,0.0
2026,9,13,4,26,04:25,205.1,1.1,1.3,1.4,0.0
2026,9,13,4,28,04:27,205.1,1.3,1.6,1.7,0.0
2026,9,13,4,29,04:28,205.1,1.3,1.5,1.8,0.0
2026,9,13,4,31,04:31,205.1,1.1,1.5,2.1,0.0
2026,9,13,4,33,04:32,205.1,1.7,2.0,2.2,0.0
2026,9,13,4,34,04:33,205.1,1.4,1.8,2.1,0.0
2026,9,13,4,37,04:36,205.1,1.7,1.9,2.0,0.0
2026,9,13,4,38,04:37,205.1,1.7,1.8,2.1,0.0
2026,9,13,4,39,04:38,205.1,1.5,1.6,1.7,0.0
2026,9,13,4,41,04:41,205.1,1.5,1.9,2.0,0.0
2026,9,13,4,43,04:42,205.0,1.6,1.9,2.0,0.0
2026,9,13,4,44,04:43,191.7,1.9,2.3,2.6,0.0
2026,9,13,4,46,04:45,191.8,1.7,2.0,2.2,0.0
2026,9,13,4,48,04:47,191.8,1.5,1.6,1.8,0.0
2026,9,13,4,49,04:48,191.8,1.2,1.3,1.5,0.0
2026,9,13,4,51,04:50,191.8,1.1,1.2,1.3,0.0
2026,9,13,4,53,04:52,191.8,1.3,1.6,1.8,0.0
2026,9,13,4,54,04:54,191.8,1.3,1.5,1.6,0.0
2026,9,13,4,57,04:56,191.8,1.5,1.7,1.9,0.0
2026,9,13,4,58,04:57,191.7,1.3,1.6,2.0,0.0
2026,9,13,4,59,04:58,191.8,1.5,1.7,1.9,0.0
2026,9,13,5,2,05:01,191.7,1.7,1.9,2.0,0.0
2026,9,13,5,3,05:02,191.8,1.2,1.5,1.8,0.0
2026,9,13,5,4,05:04,191.8,1.4,1.6,1.7,0.0
2026,9,13,5,6,05:05,191.8,1.5,1.7,1.9,0.0
2026,9,13,5,8,05:07,191.8,1.4,1.5,1.7,0.0
2026,9,13,5,9,05:08,191.8,1.5,1.7,1.9,0.0
2026,9,13,5,11,05:11,191.7,1.7,2.0,2.3,0.0
2026,9,13,5,13,05:12,191.8,1.7,1.9,2.1,0.0
2026,9,13,5,14,05:13,191.8,1.5,1.7,2.0,0.0
2026,9,13,5,16,05:15,191.8,1.7,1.8,2.0,0.0
2026,9,13,5,18,05:17,191.7,1.5,1.7,1.9,0.0
2026,9,13,5,19,05:19,191.8,1.7,1.8,2.0,0.0
2026,9,13,5,22,05:21,191.8,1.8,1.9,2.0,0.0
2026,9,13,5,23,05:22,191.8,1.7,1.8,1.9,0.0
2026,9,13,5,24,05:23,191.8,1.8,1.9,2.2,0.0
2026,9,13,5,26,05:25,177.0,1.9,2.3,2.6,0.0
2026,9,13,5,28,05:27,180.3,1.8,2.1,2.3,0.0
2026,9,13,5,29,05:28,180.3,1.8,2.0,2.2,0.0
2026,9,13,5,32,05:31,190.8,2.1,2.2,2.5,0.0
2026,9,13,5,33,05:32,190.8,1.8,2.0,2.3,0.0
2026,9,13,5,34,05:33,190.7,1.9,2.1,2.3,0.0
2026,9,13,5,36,05:35,190.8,1.7,2.0,2.2,0.0
2026,9,13,5,38,05:37,198.1,2.3,2.7,2.9,0.0
2026,9,13,5,39,05:38,194.2,2.1,2.7,3.1,0.0
2026,9,13,5,41,05:40,200.9,2.1,2.5,2.8,0.0
2026,9,13,5,43,05:42,198.0,2.4,2.8,3.7,0.0
2026,9,13,5,44,05:43,200.0,2.6,3.0,3.4,0.0
2026,9,13,5,46,05:45,206.6,2.5,2.9,3.3,0.0
2026,9,13,5,48,05:47,202.9,2.7,3.0,3.3,0.0
2026,9,13,5,49,05:49,202.7,2.6,3.1,3.5,0.0
2026,9,13,5,52,05:51,206.9,2.6,3.0,3.3,0.0
2026,9,13,5,53,05:52,207.3,2.5,3.0,3.4,0.0
2026,9,13,5,54,05:53,205.0,2.4,2.9,3.1,0.0
2026,9,13,5,56,05:55,199.2,2.7,3.1,3.8,0.0
2026,9,13,5,58,05:57,204.0,2.9,3.6,4.3,0.0
2026,9,13,5,59,05:59,205.2,3.0,3.8,4.3,0.0
2026,9,13,6,2,06:01,204.6,3.2,3.6,4.1,0.0
2026,9,13,6,3,06:02,207.4,3.3,3.9,4.6,0.0
2026,9,13,6,4,06:04,202.7,2.9,3.7,4.4,0.0
2026,9,13,6,6,06:05,206.6,2.6,3.3,4.2,0.0
2026,9,13,6,8,06:07,208.4,2.9,3.3,3.9,0.0
2026,9,13,6,9,06:08,206.9,3.0,3.4,4.9,0.0
2026,9,13,6,12,06:11,209.2,4.1,4.6,5.2,0.0
2026,9,13,6,13,06:12,205.9,3.9,4.7,5.5,0.0
2026,9,13,6,14,06:13,206.3,3.8,4.6,5.4,0.0
2026,9,13,6,16,06:15,201.1,4.2,4.9,5.6,0.0
2026,9,13,6,18,06:17,201.6,4.0,4.6,5.2,0.0
2026,9,13,6,19,06:18,202.0,4.1,4.7,5.3,0.0
2026,9,13,6,22,06:21,204.9,4.0,4.8,5.5,0.0
2026,9,13,6,23,06:22,201.1,4.7,5.3,6.2,0.0
2026,9,13,6,24,06:24,202.0,4.2,5.2,6.2,0.0
2026,9,13,6,27,06:26,198.8,3.7,4.5,5.1,0.0
2026,9,13,6,28,06:27,197.5,4.2,5.2,6.0,0.0
2026,9,13,6,29,06:28,201.6,4.6,5.3,6.1,0.0
2026,9,13,6,31,06:30,198.5,5.1,5.9,6.6,0.0
2026,9,13,6,33,06:32,203.4,4.5,5.7,6.6,0.0
2026,9,13,6,34,06:34,200.4,5.3,6.1,6.8,0.0
2026,9,13,6,37,06:36,198.1,4.6,5.5,6.4,0.0
2026,9,13,6,38,06:37,205.7,4.6,5.7,7.0,0.0
2026,9,13,6,39,06:38,202.6,5.1,6.1,6.8,0.0
2026,9,13,6,41,06:40,202.6,5.1,6.1,7.3,0.0
2026,9,13,6,43,06:42,203.7,5.4,6.5,7.2,0.0
2026,9,13,6,44,06:43,205.2,5.0,6.5,8.5,0.0
2026,9,13,6,47,06:46,206.7,6.0,7.0,7.9,0.0
2026,9,13,6,48,06:47,205.6,5.7,6.8,7.8,0.0
2026,9,13,6,49,06:48,204.4,4.7,6.0,7.0,0.0
2026,9,13,6,51,06:50,208.4,4.8,5.4,6.2,0.0
2026,9,13,6,53,06:52,205.4,4.7,5.4,6.4,0.0
2026,9,13,6,54,06:53,208.3,4.3,5.2,5.9,0.0
2026,9,13,6,56,06:55,204.0,4.0,5.1,6.0,0.0
2026,9,13,6,58,06:57,210.4,4.7,5.7,6.8,0.0
2026,9,13,6,59,06:58,204.3,4.9,5.9,6.6,0.0
2026,9,13,7,2,07:01,208.2,4.9,5.8,6.8,0.0
2026,9,13,7,3,07:02,201.0,5.6,6.8,7.7,0.0
2026,9,13,7,4,07:03,204.3,6.0,6.8,7.4,0.0
2026,9,13,7,6,07:05,204.2,4.5,5.8,6.8,0.0
2026,9,13,7,8,07:07,207.9,4.8,5.5,6.0,0.0
2026,9,13,7,9,07:08,203.3,4.5,5.8,6.7,0.0
2026,9,13,7,11,07:11,205.5,4.7,5.5,6.6,0.0
2026,9,13,7,13,07:12,205.6,4.9,5.7,6.3,0.0
2026,9,13,7,14,07:13,205.1,4.6,5.7,6.7,0.0
2026,9,13,7,16,07:15,203.7,4.1,5.0,5.6,0.0
2026,9,13,7,18,07:17,199.7,3.8,4.5,5.2,0.0
2026,9,13,7,19,07:18,200.6,3.9,4.9,5.7,0.0
2026,9,13,7,21,07:21,194.6,4.4,5.2,6.5,0.0
2026,9,13,7,23,07:22,198.2,4.7,5.5,6.4,0.0
2026,9,13,7,24,07:23,201.9,4.9,5.7,6.4,0.0
2026,9,13,7,27,07:26,200.0,4.4,5.5,6.3,0.0
2026,9,13,7,28,07:27,194.4,4.9,5.5,6.0,0.0
2026,9,13,7,29,07:29,201.2,4.7,5.3,5.9,0.0
2026,9,13,7,31,07:31,200.6,4.8,5.3,6.0,0.0
2026,9,13,7,33,07:32,202.8,4.5,5.1,5.7,0.0
2026,9,13,7,34,07:33,199.3,4.7,5.7,7.4,0.0
2026,9,13,7,37,07:36,207.4,5.0,5.9,6.9,0.0
2026,9,13,7,38,07:37,214.9,4.3,5.1,6.3,0.0
2026,9,13,7,39,07:38,204.8,4.6,5.6,6.7,0.0
2026,9,13,7,41,07:40,202.1,4.3,5.1,5.8,0.0
2026,9,13,7,43,07:42,203.7,4.5,5.4,6.2,0.0
2026,9,13,7,44,07:43,205.8,4.9,5.4,6.2,0.0
2026,9,13,7,47,07:46,213.8,4.3,5.1,6.1,0.0
2026,9,13,7,48,07:47,210.5,4.6,5.3,5.9,0.0
2026,9,13,7,49,07:48,208.6,4.2,4.7,5.5,0.0
2026,9,13,7,51,07:50,211.6,4.0,4.7,5.4,0.0
2026,9,13,7,53,07:52,207.3,3.7,4.3,4.7,0.0
2026,9,13,7,54,07:54,215.6,3.4,4.1,5.1,0.0
2026,9,13,7,56,07:55,221.3,3.2,3.8,4.3,0.0
2026,9,13,7,58,07:57,223.8,3.1,3.7,4.4,0.0
2026,9,13,7,59,07:58,219.5,2.8,3.2,3.6,0.0
2026,9,13,8,1,08:00,212.1,2.9,3.4,3.8,0.0
2026,9,13,8,3,08:02,217.7,2.2,2.6,3.2,0.0
2026,9,13,8,4,08:03,216.4,2.0,2.8,3.5,0.0
2026,9,13,8,6,08:05,213.1,2.6,3.2,4.3,0.0
2026,9,13,8,8,08:07,214.3,3.2,3.7,4.3,0.0
2026,9,13,8,9,08:09,212.8,3.0,3.7,4.2,0.0
2026,9,13,8,11,08:10,213.9,3.0,3.5,3.9,0.0
2026,9,13,8,13,08:12,209.5,3.4,3.9,4.4,0.0
2026,9,13,8,14,08:13,209.7,3.4,4.1,5.0,0.0
2026,9,13,8,17,08:16,214.1,3.3,3.9,4.4,0.0
2026,9,13,8,18,08:17,213.7,2.9,3.5,3.9,0.0
2026,9,13,8,19,08:18,211.9,3.2,3.8,4.3,0.0
2026,9,13,8,21,08:21,214.3,4.0,4.4,5.0,0.0
2026,9,13,8,23,08:22,214.1,3.7,4.3,4.9,0.0
2026,9,13,8,24,08:24,220.5,3.1,3.6,4.2,0.0
2026,9,13,8,27,08:26,223.2,2.1,2.8,3.3,0.0
2026,9,13,8,28,08:27,223.4,2.2,2.8,3.5,0.0
2026,9,13,8,29,08:28,223.5,1.8,2.6,3.1,0.0
2026,9,13,8,31,08:30,225.1,1.9,2.4,3.1,0.0
2026,9,13,8,33,08:32,217.2,2.3,2.8,3.5,0.0
2026,9,13,8,34,08:33,210.7,2.4,2.6,2.8,0.0
2026,9,13,8,36,08:36,212.4,2.3,2.6,3.0,0.0
2026,9,13,8,38,08:37,208.1,2.5,2.7,2.9,0.0
2026,9,13,8,39,08:38,211.2,2.1,2.5,3.0,0.0
2026,9,13,8,42,08:41,208.1,2.8,3.2,4.4,0.0
2026,9,13,8,43,08:42,208.7,4.0,4.6,5.4,0.0
2026,9,13,8,44,08:43,215.1,3.7,4.3,5.1,0.0
2026,9,13,8,47,08:46,207.5,4.2,5.4,6.4,0.0
2026,9,13,8,48,08:47,200.9,5.1,6.0,6.7,0.0
2026,9,13,8,49,08:48,190.2,5.3,6.0,6.7,0.0
2026,9,13,8,51,08:51,190.3,4.7,5.6,6.4,0.0
2026,9,13,8,53,08:52,191.0,5.2,5.8,6.4,0.0
2026,9,13,8,54,08:53,191.2,4.2,5.1,6.8,0.0
2026,9,13,8,57,08:56,191.9,5.3,6.0,6.6,0.0
2026,9,13,8,58,08:57,186.1,4.5,5.4,6.5,0.0
2026,9,13,8,59,08:58,188.4,5.0,6.0,6.9,0.0
2026,9,13,9,2,09:01,189.7,5.0,5.9,6.7,0.0
2026,9,13,9,3,09:02,190.5,4.9,5.7,6.5,0.0
2026,9,13,9,4,09:03,196.5,5.3,6.2,6.8,0.0
2026,9,13,9,7,09:06,196.3,4.0,5.3,6.1,0.0
2026,9,13,9,8,09:07,190.9,4.3,4.9,6.0,0.0
2026,9,13,9,9,09:09,185.1,4.7,5.1,5.5,0.0
2026,9,13,9,11,09:10,189.9,4.2,4.7,5.2,0.0
2026,9,13,9,13,09:12,198.8,4.5,5.2,6.0,0.0
2026,9,13,9,14,09:13,199.0,4.3,5.0,5.6,0.0
2026,9,13,9,16,09:15,202.7,4.8,5.8,6.8,0.0
2026,9,13,9,18,09:17,198.4,5.9,6.6,7.2,0.0
2026,9,13,9,19,09:18,200.8,5.6,6.5,7.1,0.0
2026,9,13,9,21,09:20,206.0,4.9,6.0,6.8,0.0
2026,9,13,9,23,09:22,205.1,4.7,5.5,6.3,0.0
2026,9,13,9,24,09:23,200.9,4.4,5.0,5.9,0.0
2026,9,13,9,26,09:26,200.3,4.1,4.8,5.4,0.0
2026,9,13,9,28,09:27,203.3,3.7,4.7,5.5,0.0
2026,9,13,9,29,09:28,202.3,3.7,4.3,5.1,0.0
2026,9,13,9,31,09:30,201.1,4.1,4.6,5.2,0.0
2026,9,13,9,33,09:32,198.5,4.0,4.6,5.2,0.0
2026,9,13,9,34,09:34,200.1,4.4,5.3,6.1,0.0
2026,9,13,9,37,09:36,201.9,5.0,5.5,6.3,0.0
2026,9,13,9,38,09:37,198.6,5.1,5.8,6.8,0.0
2026,9,13,9,39,09:38,202.0,4.9,5.8,6.5,0.0
2026,9,13,9,41,09:41,201.0,4.9,5.8,6.9,0.0
2026,9,13,9,43,09:42,203.4,5.2,6.3,7.1,0.0
2026,9,13,9,44,09:43,203.2,4.9,5.8,6.7,0.0
2026,9,13,9,46,09:45,205.5,5.3,6.2,7.2,0.0
2026,9,13,9,48,09:47,206.6,5.0,5.8,6.6,0.0
2026,9,13,9,49,09:49,206.7,4.1,5.2,5.8,0.0
2026,9,13,9,52,09:51,204.3,4.4,5.2,6.2,0.0
2026,9,13,9,53,09:52,205.6,5.0,5.4,6.0,0.0
2026,9,13,9,54,09:53,205.3,4.4,5.4,6.1,0.0
2026,9,13,9,56,09:56,201.3,4.0,5.2,6.1,0.0
2026,9,13,9,58,09:57,197.5,4.9,5.8,6.8,0.0
2026,9,13,9,59,09:58,198.9,4.9,5.8,6.7,0.0
2026,9,13,10,1,10:00,201.6,4.7,5.5,6.4,0.0
2026,9,13,10,3,10:02,199.3,4.6,5.1,5.6,0.0
2026,9,13,10,4,10:03,204.6,4.5,5.2,5.7,0.0
2026,9,13,10,6,10:05,198.0,4.1,5.0,5.5,0.0
2026,9,13,10,8,10:07,202.0,4.1,4.9,5.6,0.0
2026,9,13,10,9,10:08,206.7,3.7,4.7,5.3,0.0
2026,9,13,10,11,10:10,205.9,3.9,4.3,4.7,0.0
2026,9,13,10,13,10:12,203.5,3.5,4.2,5.1,0.0
2026,9,13,10,14,10:14,206.0,3.6,4.1,4.9,0.0
2026,9,13,10,17,10:16,202.3,4.0,4.5,4.9,0.0
2026,9,13,10,18,10:17,209.0,3.6,4.3,4.9,0.0
2026,9,13,10,19,10:18,207.2,3.6,4.1,4.5,0.0
2026,9,13,10,21,10:20,208.5,3.5,4.1,5.0,0.0
2026,9,13,10,23,10:22,208.2,3.6,4.4,5.0,0.0
2026,9,13,10,24,10:23,212.4,3.4,4.3,5.0,0.0
2026,9,13,10,27,10:26,213.0,3.5,4.1,4.6,0.0
2026,9,13,10,28,10:27,206.3,3.1,3.7,4.5,0.0
2026,9,13,10,29,10:28,214.1,3.4,3.8,4.3,0.0
2026,9,13,10,31,10:30,205.7,3.7,4.1,4.7,0.0
2026,9,13,10,33,10:32,210.6,3.2,3.9,4.4,0.0
2026,9,13,10,34,10:34,206.7,3.3,4.0,4.5,0.0
2026,9,13,10,36,10:36,213.8,3.3,3.7,4.1,0.0
2026,9,13,10,38,10:37,209.8,3.4,3.7,4.2,0.0
2026,9,13,10,39,10:39,208.1,3.0,3.7,4.2,0.0
2026,9,13,10,42,10:41,209.9,3.1,3.5,4.0,0.0
2026,9,13,10,43,10:42,209.4,3.4,3.7,4.3,0.0
2026,9,13,10,44,10:43,212.7,3.0,3.5,3.8,0.0
2026,9,13,10,46,10:45,212.6,2.8,3.5,4.1,0.0
2026,9,13,10,48,10:47,212.4,2.7,3.3,3.8,0.0
2026,9,13,10,49,10:48,214.5,2.9,3.4,3.8,0.0
2026,9,13,10,52,10:51,218.1,2.4,2.9,3.4,0.0
2026,9,13,10,53,10:52,217.3,2.5,3.1,3.6,0.0
2026,9,13,10,54,10:53,218.8,2.1,2.7,3.4,0.0
2026,9,13,10,56,10:55,213.2,2.8,3.2,3.7,0.0
2026,9,13,10,58,10:57,218.1,2.4,2.9,3.4,0.0
2026,9,13,10,59,10:58,216.0,2.3,2.7,3.0,0.0
2026,9,13,11,1,11:00,212.4,2.7,2.9,3.3,0.0
2026,9,13,11,3,11:02,212.0,2.2,2.7,3.0,0.0
2026,9,13,11,4,11:03,208.9,2.3,2.5,2.9,0.0
2026,9,13,11,6,11:05,217.4,2.2,2.4,2.7,0.0
2026,9,13,11,8,11:07,226.1,1.8,2.4,2.9,0.0
2026,9,13,11,9,11:08,223.3,1.8,2.1,2.7,0.0
2026,9,13,11,11,11:11,225.7,1.4,2.4,3.0,0.0
2026,9,13,11,13,11:12,222.0,2.0,2.4,2.9,0.0
2026,9,13,11,14,11:13,223.7,2.0,2.4,2.7,0.0
2026,9,13,11,16,11:16,235.0,1.7,2.1,2.7,0.0
2026,9,13,11,18,11:17,234.0,1.8,2.7,3.5,0.0
2026,9,13,11,19,11:18,231.2,2.6,3.2,4.2,0.0
2026,9,13,11,21,11:20,236.9,2.4,3.0,3.5,0.0
2026,9,13,11,23,11:22,235.9,1.7,2.5,3.1,0.0
2026,9,13,11,24,11:23,232.7,2.1,2.4,2.8,0.0
2026,9,13,11,26,11:26,230.1,1.6,2.3,3.3,0.0
2026,9,13,11,28,11:27,229.8,2.2,2.6,3.2,0.0
2026,9,13,11,29,11:28,223.0,1.7,2.5,3.7,0.0
2026,9,13,11,31,11:30,229.2,2.1,2.7,3.4,0.0
2026,9,13,11,33,11:32,234.8,2.0,2.7,3.3,0.0
2026,9,13,11,34,11:33,225.3,1.9,2.5,3.4,0.0
2026,9,13,11,37,11:36,227.8,2.3,2.9,3.7,0.0
2026,9,13,11,38,11:37,225.8,1.6,2.4,2.9,0.0
2026,9,13,11,39,11:38,222.1,2.2,2.5,2.8,0.0
2026,9,13,11,41,11:40,221.5,2.5,3.0,3.4,0.0
2026,9,13,11,43,11:42,228.4,1.8,2.3,2.7,0.0
2026,9,13,11,44,11:43,220.7,1.8,2.2,2.6,0.0
2026,9,13,11,46,11:45,233.2,1.9,2.3,2.6,0.0
2026,9,13,11,48,11:47,235.7,1.7,2.6,3.3,0.0
2026,9,13,11,49,11:48,257.2,1.2,2.2,2.9,0.0
2026,9,13,11,51,11:50,238.0,2.4,2.7,3.6,0.0
2026,9,13,11,53,11:52,237.8,1.8,2.8,3.6,0.0
2026,9,13,11,54,11:53,233.8,2.3,2.8,3.3,0.0
2026,9,13,11,56,11:55,237.7,2.0,2.7,3.1,0.0
2026,9,13,11,58,11:57,236.8,1.8,2.3,2.9,0.0
2026,9,13,11,59,11:58,230.0,1.7,2.1,2.8,0.0
2026,9,13,12,1,12:01,236.3,2.7,3.1,3.9,0.0
2026,9,13,12,3,12:02,236.3,2.3,3.3,3.8,0.0
2026,9,13,12,4,12:03,238.2,2.9,3.5,4.4,0.0
2026,9,13,12,6,12:05,231.3,2.3,2.9,3.2,0.0
2026,9,13,12,8,12:07,230.3,1.9,2.6,3.7,0.0
2026,9,13,12,9,12:08,228.0,2.3,3.1,3.8,0.0
2026,9,13,12,11,12:10,219.8,3.4,3.8,4.4,0.0
2026,9,13,12,13,12:12,222.4,2.5,3.7,4.6,0.0
2026,9,13,12,14,12:13,229.7,2.5,3.4,4.2,0.0
2026,9,13,12,17,12:16,225.3,2.9,3.4,4.1,0.0
2026,9,13,12,18,12:17,228.6,2.5,3.2,4.4,0.0
2026,9,13,12,19,12:18,221.4,2.6,3.3,3.7,0.0
2026,9,13,12,21,12:20,228.5,2.6,3.1,3.8,0.0
2026,9,13,12,23,12:22,219.1,3.0,3.7,4.9,0.0
2026,9,13,12,24,12:23,223.4,3.4,4.3,5.5,0.0
2026,9,13,12,27,12:26,218.9,2.5,3.2,3.8,0.0
2026,9,13,12,28,12:27,222.4,2.7,3.5,4.2,0.0
2026,9,13,12,29,12:28,223.4,3.3,3.9,4.6,0.0
2026,9,13,12,32,12:31,215.6,2.7,3.1,3.5,0.0
2026,9,13,12,33,12:32,219.2,2.5,3.2,3.9,0.0
2026,9,13,12,34,12:33,217.7,3.3,3.8,4.1,0.0
2026,9,13,12,36,12:35,218.3,3.3,3.9,4.5,0.0
2026,9,13,12,38,12:37,215.8,3.7,4.5,5.2,0.0
2026,9,13,12,39,12:38,213.1,3.8,4.2,4.6,0.0
2026,9,13,12,41,12:40,211.0,3.4,4.1,4.5,0.0
2026,9,13,12,43,12:42,207.2,3.3,3.9,4.4,0.0
2026,9,13,12,44,12:43,209.2,3.5,4.1,4.5,0.0
2026,9,13,12,46,12:45,208.7,3.2,3.8,4.2,0.0
2026,9,13,12,48,12:47,212.7,3.0,3.9,4.7,0.0
2026,9,13,12,49,12:48,206.3,3.5,4.1,4.7,0.0
2026,9,13,12,51,12:50,212.1,3.4,4.2,4.7,0.0
2026,9,13,12,53,12:52,211.4,3.5,4.1,5.2,0.0
2026,9,13,12,54,12:53,210.9,3.4,4.3,5.1,0.0
2026,9,13,12,56,12:55,210.8,3.8,4.4,4.8,0.0
2026,9,13,12,58,12:57,207.7,3.4,3.7,4.0,0.0
2026,9,13,12,59,12:58,204.1,2.9,3.3,3.7,0.0
2026,9,13,13,1,13:00,198.1,2.7,3.2,3.5,0.0
2026,9,13,13,3,13:02,200.3,2.8,3.6,4.2,0.0
2026,9,13,13,4,13:03,196.2,3.5,3.8,4.1,0.0
2026,9,13,13,6,13:05,199.7,2.8,3.4,3.8,0.0
2026,9,13,13,8,13:07,192.1,2.9,3.5,4.0,0.0
2026,9,13,13,9,13:08,193.7,3.5,3.9,4.4,0.0
2026,9,13,13,12,13:11,197.3,3.3,3.9,4.4,0.0
2026,9,13,13,13,13:12,199.1,3.6,4.1,4.6,0.0
2026,9,13,13,14,13:13,196.2,3.7,4.3,4.8,0.0
2026,9,13,13,17,13:16,189.1,3.9,4.3,4.9,0.0
2026,9,13,13,18,13:17,195.8,3.7,4.3,4.9,0.0
2026,9,13,13,19,13:18,192.4,3.8,4.6,5.2,0.0
2026,9,13,13,22,13:21,194.6,3.9,4.5,5.1,0.0
2026,9,13,13,23,13:22,194.4,3.9,4.4,5.0,0.0
2026,9,13,13,24,13:23,194.8,3.7,4.4,4.9,0.0
2026,9,13,13,27,13:26,194.2,4.2,4.8,5.4,0.0
2026,9,13,13,28,13:27,195.7,3.7,4.4,4.9,0.0
2026,9,13,13,29,13:28,198.7,3.7,4.6,5.1,0.0
2026,9,13,13,31,13:30,198.6,3.9,4.6,5.4,0.0
2026,9,13,13,33,13:32,195.5,3.6,4.2,4.8,0.0
2026,9,13,13,34,13:33,195.7,3.7,4.3,5.1,0.0
2026,9,13,13,37,13:36,197.5,3.9,4.6,4.9,0.0
2026,9,13,13,38,13:37,196.6,3.7,4.5,5.1,0.0
2026,9,13,13,39,13:39,191.3,3.8,4.6,5.4,0.0
2026,9,13,13,42,13:41,193.1,4.5,5.0,5.6,0.0
2026,9,13,13,43,13:42,197.5,4.1,4.7,5.5,0.0
2026,9,13,13,44,13:44,201.0,3.7,4.4,5.1,0.0
2026,9,13,13,47,13:46,197.0,3.3,4.0,4.9,0.0
2026,9,13,13,48,13:47,196.7,3.8,4.3,4.8,0.0
2026,9,13,13,49,13:48,198.3,4.2,4.9,5.4,0.0
2026,9,13,13,51,13:50,199.3,3.6,4.2,4.9,0.0
2026,9,13,13,53,13:52,200.7,3.9,4.6,5.6,0.0
2026,9,13,13,54,13:53,202.5,3.8,4.5,5.1,0.0
2026,9,13,13,56,13:56,208.4,4.6,5.4,6.2,0.0
2026,9,13,13,58,13:57,206.7,4.3,5.1,5.6,0.0
2026,9,13,13,59,13:58,213.8,4.0,5.2,5.8,0.0
2026,9,13,14,1,14:00,214.6,4.4,5.1,6.4,0.0
2026,9,13,14,3,14:02,213.3,4.9,5.7,6.8,0.0
2026,9,13,14,4,14:03,213.7,5.1,6.0,6.7,0.0
2026,9,13,14,7,14:06,214.7,4.8,5.7,7.1,0.0
2026,9,13,14,8,14:07,215.0,4.7,5.4,6.4,0.0
2026,9,13,14,9,14:09,215.1,4.5,5.4,6.8,0.0
2026,9,13,14,11,14:11,210.7,4.6,5.5,6.6,0.0
2026,9,13,14,13,14:12,210.8,5.0,5.7,6.8,0.0
2026,9,13,14,14,14:13,215.1,4.5,5.5,6.4,0.0
2026,9,13,14,16,14:15,214.1,4.9,5.6,6.8,0.0
2026,9,13,14,18,14:17,210.7,4.6,5.6,6.6,0.0
2026,9,13,14,19,14:18,213.2,4.2,5.8,7.0,0.0
2026,9,13,14,21,14:20,214.4,4.6,5.5,7.1,0.0
2026,9,13,14,23,14:22,213.8,4.9,5.7,6.5,0.0
2026,9,13,14,24,14:23,206.1,4.5,5.4,6.5,0.0
2026,9,13,14,27,14:26,209.4,4.9,5.9,6.7,0.0
2026,9,13,14,28,14:27,206.5,4.9,5.6,6.7,0.0
2026,9,13,14,29,14:28,207.4,5.3,5.9,6.5,0.0
2026,9,13,14,31,14:31,206.3,5.0,6.0,6.8,0.0
2026,9,13,14,33,14:32,208.4,4.9,6.0,7.6,0.0
2026,9,13,14,34,14:33,207.0,4.7,5.8,7.5,0.0
2026,9,13,14,37,14:36,209.3,4.9,5.8,7.2,0.0
2026,9,13,14,38,14:37,208.7,4.6,5.6,6.4,0.0
2026,9,13,14,39,14:39,209.5,4.2,6.0,6.7,0.0
2026,9,13,14,42,14:41,210.4,5.7,6.8,7.7,0.0
2026,9,13,14,43,14:42,211.8,5.7,6.3,7.2,0.0
2026,9,13,14,44,14:43,204.8,4.9,5.7,6.6,0.0
2026,9,13,14,47,14:46,208.9,5.2,5.8,6.8,0.0
2026,9,13,14,48,14:47,209.2,4.6,5.6,6.5,0.0
2026,9,13,14,49,14:48,215.9,4.7,5.7,7.0,0.0
2026,9,13,14,51,14:50,207.9,5.0,6.0,7.0,0.0
2026,9,13,14,53,14:52,208.7,5.2,6.2,7.0,0.0
2026,9,13,14,54,14:53,211.6,5.4,6.2,6.9,0.0
2026,9,13,14,56,14:56,213.0,4.8,5.7,6.5,0.0
2026,9,13,14,58,14:57,213.8,4.7,5.5,6.2,0.0
2026,9,13,14,59,14:58,214.6,4.6,5.3,6.2,0.0
2026,9,13,15,1,15:00,213.0,4.8,5.5,6.2,0.0
2026,9,13,15,3,15:02,214.4,4.7,5.4,5.9,0.0
2026,9,13,15,4,15:03,207.8,4.6,5.6,6.9,0.0
2026,9,13,15,7,15:06,206.8,4.5,5.3,5.9,0.0
2026,9,13,15,8,15:07,211.2,5.0,5.6,6.3,0.0
2026,9,13,15,9,15:09,213.6,4.7,5.6,6.3,0.0
2026,9,13,15,12,15:11,207.3,4.6,5.2,5.9,0.0
2026,9,13,15,13,15:12,208.1,4.7,6.0,6.8,0.0
2026,9,13,15,14,15:13,209.3,4.6,5.4,6.4,0.0
2026,9,13,15,17,15:16,211.8,4.2,4.9,6.3,0.0
2026,9,13,15,18,15:17,209.0,4.5,5.5,6.3,0.0
2026,9,13,15,19,15:18,209.4,4.6,5.2,5.7,0.0
2026,9,13,15,21,15:20,208.6,4.7,5.2,5.9,0.0
2026,9,13,15,23,15:22,204.6,4.1,4.9,5.8,0.0
2026,9,13,15,24,15:23,211.3,4.2,4.9,5.5,0.0
2026,9,13,15,26,15:25,213.3,3.6,4.5,5.4,0.0
2026,9,13,15,28,15:27,214.0,3.8,4.4,4.9,0.0
2026,9,13,15,29,15:28,214.5,3.8,4.2,4.8,0.0
2026,9,13,15,31,15:31,219.0,3.5,4.2,4.6,0.0
2026,9,13,15,33,15:32,218.2,3.3,3.9,4.4,0.0
2026,9,13,15,34,15:33,218.2,3.3,4.3,5.1,0.0
2026,9,13,15,36,15:35,225.4,3.0,3.7,4.3,0.0
2026,9,13,15,38,15:37,217.1,3.1,3.7,4.4,0.0
2026,9,13,15,39,15:38,222.2,2.9,3.7,4.7,0.0
2026,9,13,15,41,15:41,217.4,2.6,3.2,3.7,0.0
2026,9,13,15,43,15:42,209.4,2.6,3.0,3.5,0.0
2026,9,13,15,44,15:44,206.9,3.6,3.9,4.4,0.0
2026,9,13,15,46,15:45,209.3,3.3,3.9,4.3,0.0
2026,9,13,15,48,15:47,207.0,3.5,4.0,4.5,0.0
2026,9,13,15,49,15:48,211.9,3.7,4.3,4.9,0.0
2026,9,13,15,51,15:50,208.3,3.6,4.5,5.6,0.0
2026,9,13,15,53,15:52,206.6,3.4,4.2,5.0,0.0
2026,9,13,15,54,15:53,210.8,3.7,4.1,4.6,0.0
2026,9,13,15,56,15:55,209.3,3.1,3.7,4.3,0.0
2026,9,13,15,58,15:57,214.2,2.8,3.3,3.8,0.0
2026,9,13,15,59,15:58,217.0,3.0,3.5,4.2,0.0
2026,9,13,16,2,16:01,216.3,2.6,3.3,3.8,0.0
2026,9,13,16,3,16:02,214.4,2.8,3.3,3.9,0.0
2026,9,13,16,4,16:03,216.4,2.5,2.9,3.6,0.0
2026,9,13,16,6,16:06,213.0,3.1,3.5,3.9,0.0
2026,9,13,16,8,16:07,213.9,2.8,3.2,3.5,0.0
2026,9,13,16,9,16:08,212.6,2.4,3.0,3.5,0.0
2026,9,13,16,11,16:10,211.6,2.7,3.1,3.9,0.0
2026,9,13,16,13,16:12,214.8,2.3,3.2,3.9,0.0
2026,9,13,16,14,16:13,215.8,2.4,3.0,3.7,0.0
2026,9,13,16,16,16:15,232.0,2.9,3.7,5.0,0.0
2026,9,13,16,18,16:17,239.5,2.3,3.5,4.8,0.0
2026,9,13,16,19,16:18,238.0,3.0,4.6,5.9,0.0
2026,9,13,16,21,16:20,237.8,3.2,4.5,5.2,0.0
2026,9,13,16,23,16:22,239.3,3.2,4.2,5.3,0.0
2026,9,13,16,24,16:24,242.1,2.6,3.3,4.2,0.0
2026,9,13,16,27,16:26,235.6,2.5,3.3,4.0,0.0
2026,9,13,16,28,16:27,230.2,2.4,3.1,3.7,0.0
2026,9,13,16,29,16:28,226.6,2.6,3.3,4.0,0.0
2026,9,13,16,31,16:30,218.3,2.7,3.3,4.0,0.0
2026,9,13,16,33,16:32,222.1,2.2,2.9,3.4,0.0
2026,9,13,16,34,16:33,217.2,2.3,2.9,3.6,0.0
2026,9,13,16,37,16:36,218.7,2.2,2.8,3.1,0.0
2026,9,13,16,38,16:37,217.0,2.1,2.5,2.9,0.0
2026,9,13,16,39,16:38,216.6,1.8,2.2,2.7,0.0
2026,9,13,16,41,16:40,214.2,1.7,2.3,2.9,0.0
2026,9,13,16,43,16:42,205.2,2.2,2.6,3.0,0.0
2026,9,13,16,44,16:43,209.6,2.2,2.6,3.1,0.0
2026,9,13,16,46,16:46,210.1,1.7,2.4,3.0,0.0
2026,9,13,16,48,16:47,212.8,2.1,2.6,2.9,0.0
2026,9,13,16,49,16:48,212.3,2.3,2.6,3.3,0.0
2026,9,13,16,51,16:50,214.0,2.2,2.6,2.9,0.0
2026,9,13,16,53,16:52,213.7,2.3,2.7,3.0,0.0
2026,9,13,16,54,16:54,218.3,2.3,2.7,3.0,0.0
2026,9,13,16,57,16:56,223.8,2.2,2.5,2.8,0.0
2026,9,13,16,58,16:57,219.2,2.1,2.5,2.8,0.0
2026,9,13,16,59,16:58,213.9,2.1,2.4,2.7,0.0
2026,9,13,17,2,17:01,215.3,2.1,2.3,2.6,0.0
2026,9,13,17,3,17:02,218.5,2.0,2.3,2.6,0.0
2026,9,13,17,4,17:03,220.5,1.6,2.2,2.6,0.0
2026,9,13,17,6,17:05,220.1,1.6,2.0,2.4,0.0
2026,9,13,17,8,17:07,219.2,1.8,2.2,2.6,0.0
2026,9,13,17,9,17:08,214.2,2.2,2.5,2.7,0.0
2026,9,13,17,12,17:11,217.4,2.1,2.3,2.7,0.0
2026,9,13,17,13,17:12,223.1,1.6,2.2,2.4,0.0
2026,9,13,17,14,17:13,218.4,1.5,2.1,2.3,0.0
2026,9,13,17,16,17:15,224.6,1.8,2.0,2.3,0.0
2026,9,13,17,18,17:17,224.5,1.8,2.3,2.7,0.0
2026,9,13,17,19,17:18,233.1,1.7,2.2,2.6,0.0
2026,9,13,17,21,17:20,227.6,1.8,2.1,2.6,0.0
2026,9,13,17,23,17:22,219.3,2.0,2.5,3.0,0.0
2026,9,13,17,24,17:23,223.8,2.1,2.5,2.9,0.0
2026,9,13,17,26,17:25,230.6,2.0,2.4,2.9,0.0
2026,9,13,17,28,17:27,222.9,1.8,2.2,2.8,0.0
2026,9,13,17,29,17:29,223.9,2.0,2.5,3.1,0.0
2026,9,13,17,32,17:31,218.8,2.2,3.0,3.8,0.0
2026,9,13,17,33,17:32,228.9,1.8,2.6,3.1,0.0
2026,9,13,17,34,17:33,227.7,1.9,2.7,3.3,0.0
2026,9,13,17,36,17:35,228.7,2.0,3.3,4.6,0.0
2026,9,13,17,38,17:37,234.2,2.2,2.9,3.7,0.0
2026,9,13,17,39,17:38,235.5,1.8,3.2,4.3,0.0
2026,9,13,17,42,17:41,234.3,2.7,3.5,4.0,0.0
2026,9,13,17,43,17:42,234.2,2.5,3.2,4.1,0.0
2026,9,13,17,44,17:44,229.2,2.6,3.3,4.2,0.0
2026,9,13,17,46,17:45,227.2,3.1,3.7,4.4,0.0
2026,9,13,17,48,17:47,238.0,2.2,2.8,3.6,0.0
2026,9,13,17,49,17:48,247.0,2.0,3.0,3.7,0.0
2026,9,13,17,51,17:51,269.8,3.6,4.8,5.5,0.0
2026,9,13,17,53,17:52,262.4,2.4,3.7,4.6,0.0
2026,9,13,17,54,17:53,258.1,2.3,3.3,4.4,0.0
2026,9,13,17,56,17:55,244.8,2.3,3.6,5.5,0.0
2026,9,13,17,58,17:57,257.0,1.9,3.0,4.0,0.0
2026,9,13,17,59,17:58,252.6,1.4,2.4,3.8,0.0
2026,9,13,18,1,18:00,244.1,1.5,2.8,4.1,0.0
2026,9,13,18,3,18:02,230.0,1.9,2.9,4.7,0.0
2026,9,13,18,4,18:03,257.1,1.8,2.7,3.6,0.0
2026,9,13,18,7,18:06,253.7,1.6,2.3,3.4,0.0
2026,9,13,18,8,18:07,242.7,1.5,2.2,2.8,0.0
2026,9,13,18,9,18:08,239.8,1.8,2.4,3.0,0.0
2026,9,13,18,11,18:10,235.5,1.4,2.2,3.2,0.0
2026,9,13,18,13,18:12,241.4,2.2,3.0,3.7,0.0
2026,9,13,18,14,18:13,241.3,1.7,2.8,3.9,0.0
2026,9,13,18,16,18:15,242.5,2.0,2.9,3.7,0.0
2026,9,13,18,18,18:17,245.4,2.1,2.6,3.1,0.0
2026,9,13,18,19,18:19,237.2,1.9,2.4,3.1,0.0
2026,9,13,18,22,18:21,237.6,2.0,2.5,3.1,0.0
2026,9,13,18,23,18:22,238.3,2.1,2.8,3.6,0.0
2026,9,13,18,24,18:23,235.3,2.3,3.2,4.1,0.0
2026,9,13,18,26,18:25,234.4,1.6,2.6,3.6,0.0
2026,9,13,18,28,18:27,241.7,2.3,3.0,3.7,0.0
2026,9,13,18,29,18:28,236.3,1.8,2.6,3.4,0.0
2026,9,13,18,31,18:30,236.0,2.1,2.5,3.2,0.0
2026,9,13,18,33,18:32,239.4,2.0,2.4,3.3,0.0
2026,9,13,18,34,18:34,236.7,1.4,2.1,2.8,0.0
2026,9,13,18,37,18:36,237.0,2.3,3.0,3.8,0.0
2026,9,13,18,38,18:37,233.8,2.0,2.5,3.3,0.0
2026,9,13,18,40,18:38,235.3,1.9,2.6,3.3,0.0
2026,9,13,18,42,18:41,233.9,2.2,2.7,3.3,0.0
2026,9,13,18,43,18:42,230.4,1.7,2.4,3.0,0.0
2026,9,13,18,44,18:43,233.6,2.0,2.9,3.5,0.0
2026,9,13,18,46,18:45,231.3,2.0,2.7,3.3,0.0
2026,9,13,18,48,18:47,221.6,2.0,2.8,3.7,0.0
2026,9,13,18,49,18:49,223.6,2.1,3.0,3.6,0.0
2026,9,13,18,52,18:51,223.3,1.7,2.5,3.6,0.0
2026,9,13,18,53,18:52,221.7,2.3,3.1,3.7,0.0
2026,9,13,18,54,18:53,227.3,2.1,2.9,4.1,0.0
2026,9,13,18,56,18:55,226.3,2.6,2.9,3.2,0.0
2026,9,13,18,58,18:57,220.7,2.0,2.5,3.3,0.0
2026,9,13,18,59,18:58,222.3,1.8,2.5,3.0,0.0
2026,9,13,19,1,19:01,219.7,2.1,2.7,3.3,0.0
2026,9,13,19,3,19:02,218.7,2.3,2.7,3.5,0.0
2026,9,13,19,4,19:03,233.6,1.8,2.5,3.1,0.0
2026,9,13,19,7,19:06,232.0,1.6,1.9,2.5,0.0
2026,9,13,19,8,19:07,236.3,1.7,2.0,2.3,0.0
2026,9,13,19,9,19:09,232.7,2.0,2.3,2.7,0.0
2026,9,13,19,11,19:11,235.0,1.5,2.0,2.5,0.0
2026,9,13,19,13,19:12,231.3,1.8,2.8,3.9,0.0
2026,9,13,19,14,19:13,232.7,2.0,2.4,2.8,0.0
2026,9,13,19,17,19:16,240.8,1.6,2.2,3.4,0.0
2026,9,13,19,18,19:17,238.2,1.4,2.1,3.6,0.0
2026,9,13,19,19,19:18,238.4,1.2,1.7,2.9,0.0
2026,9,13,19,21,19:20,253.2,1.6,1.9,2.5,0.0
2026,9,13,19,23,19:22,235.3,1.0,1.6,2.1,0.0
2026,9,13,19,24,19:23,244.5,1.5,1.8,2.8,0.0
2026,9,13,19,26,19:25,249.4,0.9,1.5,2.3,0.0
2026,9,13,19,28,19:27,238.7,0.8,1.5,2.0,0.0
2026,9,13,19,29,19:28,248.0,1.4,1.6,1.8,0.0
2026,9,13,19,31,19:30,224.0,0.8,1.0,1.7,0.0
2026,9,13,19,33,19:32,249.1,0.7,1.8,2.6,0.0
2026,9,13,19,34,19:33,260.3,1.0,1.8,2.2,0.0
2026,9,13,19,36,19:35,256.4,1.7,2.2,2.7,0.0
2026,9,13,19,38,19:37,255.1,1.3,1.8,2.1,0.0
2026,9,13,19,39,19:39,264.6,1.1,1.6,1.9,0.0
2026,9,13,19,41,19:41,275.0,0.8,1.4,1.8,0.0
2026,9,13,19,43,19:42,262.8,1.0,1.2,1.5,0.0
2026,9,13,19,44,19:43,266.0,0.9,1.2,1.8,0.0
2026,9,13,19,47,19:46,259.1,0.9,1.3,1.7,0.0
2026,9,13,19,48,19:47,268.7,1.3,1.8,2.1,0.0
2026,9,13,19,49,19:48,264.3,2.0,2.4,2.7,0.0
2026,9,13,19,51,19:50,267.4,1.3,1.6,1.8,0.0
2026,9,13,19,53,19:52,278.1,1.6,2.1,2.6,0.0
2026,9,13,19,54,19:53,278.7,1.2,1.9,2.3,0.0
2026,9,13,19,57,19:56,303.0,1.0,1.5,1.7,0.0
2026,9,13,19,58,19:57,282.1,1.6,1.8,1.9,0.0
2026,9,13,19,59,19:58,286.3,1.1,1.5,1.7,0.0
2026,9,13,20,1,20:00,286.3,1.2,1.4,1.6,0.0
2026,9,13,20,3,20:02,286.3,1.2,1.3,1.5,0.0
2026,9,13,20,4,20:03,286.3,1.0,1.3,1.5,0.0
2026,9,13,20,6,20:05,286.3,1.1,1.2,1.4,0.0
2026,9,13,20,8,20:07,286.3,1.2,1.4,1.5,0.0
2026,9,13,20,9,20:09,286.3,1.1,1.3,1.5,0.0
2026,9,13,20,11,20:10,286.3,0.7,1.1,1.3,0.0
2026,9,13,20,13,20:12,286.3,0.7,0.8,0.9,0.0
2026,9,13,20,14,20:13,286.3,0.8,1.0,1.3,0.0
2026,9,13,20,16,20:15,286.3,0.7,0.8,0.9,0.0
2026,9,13,20,18,20:17,286.3,0.9,1.0,1.2,0.0
2026,9,13,20,19,20:18,286.3,1.0,1.1,1.2,0.0
2026,9,13,20,21,20:21,286.3,0.8,0.9,1.1,0.0
2026,9,13,20,23,20:22,286.3,0.8,0.9,1.1,0.0
2026,9,13,20,24,20:23,286.3,0.7,0.8,0.9,0.0
2026,9,13,20,26,20:26,286.3,0.6,0.8,1.0,0.0
2026,9,13,20,28,20:27,286.3,0.8,0.9,1.3,0.0
2026,9,13,20,29,20:28,286.3,1.1,1.4,1.7,0.0
2026,9,13,20,32,20:31,282.1,0.9,1.2,1.6,0.0
2026,9,13,20,33,20:32,280.5,1.0,1.0,1.3,0.0
2026,9,13,20,34,20:33,280.5,0.8,1.0,1.2,0.0
2026,9,13,20,36,20:35,280.4,0.8,1.0,1.2,0.0
2026,9,13,20,38,20:37,280.4,1.0,1.3,1.7,0.0
2026,9,13,20,39,20:38,278.7,1.0,1.3,1.5,0.0
2026,9,13,20,41,20:41,280.0,1.0,1.4,1.9,0.0
2026,9,13,20,43,20:42,280.0,0.8,1.1,1.5,0.0
2026,9,13,20,44,20:43,280.0,0.9,1.2,1.4,0.0
2026,9,13,20,47,20:46,280.0,0.9,1.2,1.6,0.0
2026,9,13,20,48,20:47,280.0,1.1,1.4,1.8,0.0
2026,9,13,20,49,20:48,280.0,1.0,1.2,1.4,0.0
2026,9,13,20,51,20:50,280.0,1.2,1.4,1.5,0.0
2026,9,13,20,53,20:52,280.0,1.2,1.5,1.8,0.0
2026,9,13,20,54,20:53,282.5,1.1,1.3,1.6,0.0
2026,9,13,20,57,20:56,286.0,1.1,1.6,2.1,0.0
2026,9,13,20,58,20:57,276.7,1.1,1.4,1.9,0.0
2026,9,13,20,59,20:59,280.5,0.9,1.3,1.5,0.0
2026,9,13,21,2,21:01,281.9,1.3,1.6,2.1,0.0
2026,9,13,21,3,21:02,282.5,1.3,1.7,2.0,0.0
2026,9,13,21,4,21:03,277.1,1.2,1.6,1.8,0.0
2026,9,13,21,6,21:06,267.5,1.5,1.7,2.0,0.0
2026,9,13,21,8,21:07,280.0,1.3,1.6,2.0,0.0
2026,9,13,21,9,21:09,280.0,1.2,1.4,1.6,0.0
2026,9,13,21,12,21:11,280.0,1.0,1.2,1.5,0.0
2026,9,13,21,13,21:12,280.0,1.3,1.4,1.7,0.0
2026,9,13,21,14,21:13,280.0,1.3,1.6,1.9,0.0
2026,9,13,21,16,21:15,284.9,1.1,1.5,1.9,0.0
2026,9,13,21,18,21:17,280.0,1.1,1.4,1.7,0.0
2026,9,13,21,19,21:18,280.0,1.4,1.6,1.9,0.0
2026,9,13,21,22,21:21,280.0,1.3,1.5,1.8,0.0
2026,9,13,21,23,21:22,282.6,1.4,1.6,1.9,0.0
2026,9,13,21,24,21:23,282.1,1.5,1.8,2.0,0.0
2026,9,13,21,27,21:26,290.2,1.1,1.3,1.5,0.0
2026,9,13,21,28,21:27,284.6,1.3,1.6,2.0,0.0
2026,9,13,21,29,21:29,283.1,1.5,1.9,2.3,0.0
2026,9,13,21,31,21:31,280.0,1.1,1.5,1.9,0.0
2026,9,13,21,33,21:32,283.7,1.3,1.6,1.9,0.0
2026,9,13,21,34,21:33,282.0,1.4,1.6,1.8,0.0
2026,9,13,21,37,21:36,280.4,0.8,1.2,1.6,0.0
2026,9,13,21,38,21:37,277.0,1.0,1.3,1.8,0.0
2026,9,13,21,39,21:38,254.7,1.3,1.6,2.1,0.0
2026,9,13,21,42,21:41,277.3,1.1,1.6,1.9,0.0
2026,9,13,21,43,21:42,280.0,0.8,1.3,1.7,0.0
2026,9,13,21,44,21:43,275.9,1.3,1.6,2.0,0.0
2026,9,13,21,47,21:46,280.0,1.0,1.3,1.8,0.0
2026,9,13,21,48,21:47,280.0,0.8,1.2,1.4,0.0
2026,9,13,21,49,21:48,280.0,0.8,1.1,1.4,0.0
2026,9,13,21,51,21:50,278.5,1.5,1.9,2.4,0.0
2026,9,13,21,53,21:52,255.0,1.1,1.4,1.8,0.0
2026,9,13,21,54,21:53,254.9,1.1,1.3,1.7,0.0
2026,9,13,21,56,21:55,280.0,1.2,1.5,1.7,0.0
2026,9,13,21,58,21:57,252.2,0.9,1.2,1.6,0.0
2026,9,13,21,59,21:58,258.8,1.0,1.3,1.5,0.0
2026,9,13,22,2,22:01,245.8,1.0,1.3,1.6,0.0
2026,9,13,22,3,22:02,245.8,0.6,1.0,1.3,0.0
2026,9,13,22,4,22:03,257.0,1.2,1.4,1.6,0.0
2026,9,13,22,6,22:05,274.4,0.9,1.1,1.4,0.0
2026,9,13,22,8,22:07,254.0,0.9,1.3,1.9,0.0
2026,9,13,22,9,22:08,268.5,0.9,1.2,1.5,0.0
2026,9,13,22,11,22:11,270.6,0.8,1.2,1.9,0.0
2026,9,13,22,13,22:12,280.0,0.6,1.2,1.4,0.0
2026,9,13,22,14,22:13,266.8,1.2,1.8,2.2,0.0
2026,9,13,22,17,22:16,264.2,0.9,1.5,2.0,0.0
2026,9,13,22,18,22:17,264.8,0.9,1.2,2.0,0.0
2026,9,13,22,19,22:18,250.7,1.1,1.5,1.9,0.0
2026,9,13,22,21,22:20,280.0,1.0,1.4,1.9,0.0
2026,9,13,22,23,22:22,264.3,1.2,1.5,1.9,0.0
2026,9,13,22,24,22:23,264.3,0.5,0.9,1.4,0.0
2026,9,13,22,26,22:25,280.0,0.5,1.1,1.6,0.0
2026,9,13,22,28,22:27,280.7,0.6,0.9,1.3,0.0
2026,9,13,22,29,22:28,286.0,1.3,1.6,2.1,0.0
2026,9,13,22,31,22:30,280.0,1.2,1.5,2.0,0.0
2026,9,13,22,33,22:32,279.9,1.0,1.2,1.4,0.0
2026,9,13,22,34,22:33,280.0,0.9,1.2,1.4,0.0
2026,9,13,22,36,22:35,280.0,0.7,1.0,1.2,0.0
2026,9,13,22,38,22:37,282.0,1.0,1.3,1.7,0.0
2026,9,13,22,39,22:38,282.3,1.0,1.2,1.4,0.0
2026,9,13,22,41,22:40,282.4,0.9,1.0,1.0,0.0
2026,9,13,22,43,22:42,274.2,1.1,1.4,1.7,0.0
2026,9,13,22,44,22:43,280.1,1.0,1.3,1.6,0.0
2026,9,13,22,47,22:46,282.0,1.2,1.4,1.5,0.0
2026,9,13,22,48,22:47,282.4,1.0,1.2,1.4,0.0
2026,9,13,22,49,22:48,282.4,0.7,0.9,1.3,0.0
2026,9,13,22,51,22:50,282.4,0.7,1.0,1.3,0.0
2026,9,13,22,53,22:52,282.4,0.6,0.8,0.9,0.0
2026,9,13,22,54,22:53,282.4,0.9,1.0,1.1,0.0
2026,9,13,22,56,22:55,291.6,1.0,1.4,1.8,0.0
2026,9,13,22,58,22:57,291.6,0.9,1.1,1.2,0.0
2026,9,13,22,59,22:58,291.5,1.1,1.3,1.5,0.0
2026,9,13,23,1,23:00,299.6,0.9,1.1,1.4,0.0
2026,9,13,23,3,23:02,282.1,1.2,1.4,1.7,0.0
2026,9,13,23,4,23:03,281.4,1.2,1.4,1.6,0.0
2026,9,13,23,6,23:06,269.5,1.0,1.1,1.2,0.0
2026,9,13,23,8,23:07,269.6,0.4,0.6,0.9,0.0
2026,9,13,23,9,23:08,269.5,0.0,0.7,0.9,0.0
2026,9,13,23,11,23:11,260.0,1.0,1.5,2.0,0.0
2026,9,13,23,13,23:12,281.0,1.0,1.3,1.6,0.0
2026,9,13,23,14,23:13,285.4,0.5,0.6,1.0,0.0
2026,9,13,23,17,23:16,280.0,0.8,0.9,1.2,0.0
2026,9,13,23,18,23:17,280.0,0.8,1.1,1.5,0.0
2026,9,13,23,19,23:19,280.0,0.9,1.2,1.7,0.0
2026,9,13,23,22,23:21,268.6,0.8,1.2,1.8,0.0
2026,9,13,23,23,23:22,266.3,1.1,1.4,2.0,0.0
2026,9,13,23,24,23:23,271.3,0.8,1.3,1.4,0.0
2026,9,13,23,26,23:25,273.4,1.2,1.7,2.0,0.0
2026,9,13,23,28,23:27,282.2,1.4,1.8,2.4,0.0
2026,9,13,23,29,23:28,281.7,1.7,1.9,2.3,0.0
2026,9,13,23,32,23:31,278.3,1.3,1.7,2.4,0.0
2026,9,13,23,33,23:32,272.2,1.1,1.4,1.7,0.0
2026,9,13,23,34,23:34,280.5,1.4,1.7,1.9,0.0
2026,9,13,23,37,23:36,280.0,1.0,1.3,1.6,0.0
2026,9,13,23,38,23:37,280.0,1.2,1.6,2.2,0.0
2026,9,13,23,39,23:38,270.1,1.5,2.2,2.9,0.0
2026,9,13,23,41,23:40,276.0,1.4,1.6,1.8,0.0
2026,9,13,23,43,23:42,268.3,1.4,1.8,2.2,0.0
2026,9,13,23,44,23:43,278.9,2.0,2.3,2.6,0.0
2026,9,13,23,46,23:46,271.3,1.2,1.8,2.2,0.0
2026,9,13,23,48,23:47,268.9,1.4,1.6,1.8,0.0
2026,9,13,23,49,23:48,278.0,1.0,1.5,1.9,0.0
2026,9,13,23,52,23:51,280.9,1.4,2.0,2.5,0.0
2026,9,13,23,53,23:52,277.5,1.2,1.7,2.2,0.0
2026,9,13,23,54,23:53,280.0,1.2,1.5,1.8,0.0
2026,9,13,23,56,23:55,280.7,1.0,1.3,1.6,0.0
2026,9,13,23,58,23:57,300.6,1.2,1.6,2.0,0.0
2026,9,13,23,59,23:58,293.7,1.1,1.3,1.5,0.0
