# Helsinki Laru (dlarah.org Lauttasaari) 2026-09-19 Suomen aikaa — lähteen Laru_2026-262.txt sellaisenaan
# vuosi kk pv kirjoitus-h kirjoitus-min hh:mm suunta min ka max lämpötila (asemalla ei mittaria)
2026,9,19,0,2,00:02,190.7,4.6,5.3,5.7,0.0
2026,9,19,0,3,00:03,192.4,3.9,4.9,5.7,0.0
2026,9,19,0,4,00:04,195.1,4.3,5.0,5.6,0.0
2026,9,19,0,6,00:06,191.6,4.1,4.9,5.9,0.0
2026,9,19,0,8,00:08,194.8,4.6,5.2,6.1,0.0
2026,9,19,0,9,00:09,192.9,4.8,5.4,6.0,0.0
2026,9,19,0,12,00:11,190.4,4.9,5.4,6.2,0.0
2026,9,19,0,13,00:13,189.7,4.1,4.8,5.9,0.0
2026,9,19,0,14,00:14,191.1,4.3,5.7,6.8,0.0
2026,9,19,0,16,00:16,195.9,5.1,5.9,6.9,0.0
2026,9,19,0,18,00:18,193.4,5.4,6.0,7.1,0.0
2026,9,19,0,19,00:19,200.8,5.4,6.1,7.2,0.0
2026,9,19,0,21,00:21,199.3,5.9,6.6,7.2,0.0
2026,9,19,0,23,00:23,200.9,4.7,5.5,6.3,0.0
2026,9,19,0,24,00:24,200.4,4.6,5.3,6.2,0.0
2026,9,19,0,26,00:26,200.9,4.2,4.8,5.8,0.0
2026,9,19,0,28,00:28,200.4,4.2,4.7,5.3,0.0
2026,9,19,0,29,00:29,200.4,4.1,4.7,5.2,0.0
2026,9,19,0,31,00:31,204.9,4.6,5.4,6.0,0.0
2026,9,19,0,33,00:33,202.1,4.2,4.7,5.2,0.0
2026,9,19,0,34,00:34,201.9,3.9,4.7,5.2,0.0
2026,9,19,0,37,00:36,201.1,3.9,4.6,5.4,0.0
2026,9,19,0,38,00:38,204.4,4.1,4.9,5.9,0.0
2026,9,19,0,39,00:39,202.9,3.9,5.0,5.9,0.0
2026,9,19,0,42,00:42,201.0,4.8,5.4,5.9,0.0
2026,9,19,0,43,00:43,201.4,5.2,6.3,7.0,0.0
2026,9,19,0,44,00:44,198.2,4.3,5.2,5.9,0.0
2026,9,19,0,46,00:46,205.1,3.8,4.7,5.3,0.0
2026,9,19,0,48,00:48,202.0,4.4,5.3,6.1,0.0
2026,9,19,0,49,00:49,202.5,4.8,5.4,5.9,0.0
2026,9,19,0,51,00:51,194.7,4.6,5.6,6.4,0.0
2026,9,19,0,53,00:53,194.9,4.7,5.7,6.8,0.0
2026,9,19,0,54,00:54,196.7,5.1,6.0,6.8,0.0
2026,9,19,0,56,00:56,196.8,4.7,6.0,6.6,0.0
2026,9,19,0,58,00:58,195.2,6.0,6.9,7.7,0.0
2026,9,19,0,59,00:59,196.0,5.8,6.6,8.1,0.0
2026,9,19,1,1,01:01,201.8,5.8,6.7,7.7,0.0
2026,9,19,1,3,01:03,196.7,4.9,6.8,7.7,0.0
2026,9,19,1,4,01:04,198.7,5.2,6.3,7.3,0.0
2026,9,19,1,6,01:06,200.2,5.5,6.5,7.4,0.0
2026,9,19,1,8,01:08,200.4,5.6,6.4,7.3,0.0
2026,9,19,1,9,01:09,197.8,5.4,6.5,7.6,0.0
2026,9,19,1,12,01:12,202.9,5.0,6.3,7.7,0.0
2026,9,19,1,13,01:13,203.7,5.9,7.4,8.4,0.0
2026,9,19,1,14,01:14,199.0,5.3,6.6,8.1,0.0
2026,9,19,1,17,01:17,200.3,6.3,7.6,8.9,0.0
2026,9,19,1,18,01:18,198.7,6.7,7.9,9.2,0.0
2026,9,19,1,19,01:19,201.7,6.1,7.4,8.2,0.0
2026,9,19,1,21,01:21,197.9,6.4,7.6,8.7,0.0
2026,9,19,1,23,01:23,201.4,6.4,7.7,9.2,0.0
2026,9,19,1,24,01:24,204.3,6.2,7.2,8.3,0.0
2026,9,19,1,26,01:26,197.1,6.5,7.4,8.3,0.0
2026,9,19,1,28,01:28,199.7,5.6,6.8,7.9,0.0
2026,9,19,1,29,01:29,196.6,5.9,6.8,8.0,0.0
2026,9,19,1,31,01:31,194.7,5.2,6.5,7.8,0.0
2026,9,19,1,33,01:33,193.4,5.8,6.8,7.7,0.0
2026,9,19,1,34,01:34,195.2,6.1,7.0,8.3,0.0
2026,9,19,1,36,01:36,195.1,6.0,7.2,8.2,0.0
2026,9,19,1,38,01:38,193.0,6.3,7.4,8.6,0.0
2026,9,19,1,39,01:39,195.0,6.5,7.7,9.2,0.0
2026,9,19,1,41,01:41,190.4,7.0,8.7,10.1,0.0
2026,9,19,1,43,01:43,188.0,6.4,8.0,10.4,0.0
2026,9,19,1,44,01:44,184.1,6.3,7.9,9.6,0.0
2026,9,19,1,47,01:47,180.9,7.5,8.8,9.9,0.0
2026,9,19,1,48,01:48,185.7,8.3,9.5,10.3,0.0
2026,9,19,1,49,01:49,186.0,7.8,9.2,10.9,0.0
2026,9,19,1,52,01:51,183.0,8.3,9.6,10.9,0.0
2026,9,19,1,53,01:53,184.7,7.0,9.4,11.4,0.0
2026,9,19,1,54,01:54,183.6,6.8,8.3,9.9,0.0
2026,9,19,1,56,01:56,182.3,7.7,8.8,11.1,0.0
2026,9,19,1,58,01:58,189.1,7.2,8.5,11.0,0.0
2026,9,19,1,59,01:59,183.1,7.1,9.3,11.5,0.0
2026,9,19,2,2,02:02,182.6,7.8,9.7,11.2,0.0
2026,9,19,2,3,02:03,180.5,8.1,9.7,11.0,0.0
2026,9,19,2,4,02:04,184.5,8.6,10.1,11.6,0.0
2026,9,19,2,7,02:07,179.7,7.8,9.1,11.0,0.0
2026,9,19,2,8,02:08,176.3,8.1,9.6,11.2,0.0
2026,9,19,2,9,02:09,184.6,9.2,10.5,12.3,0.0
2026,9,19,2,11,02:11,183.0,8.0,10.1,12.0,0.0
2026,9,19,2,13,02:13,178.9,7.8,9.1,10.9,0.0
2026,9,19,2,14,02:14,174.8,6.9,8.8,10.7,0.0
2026,9,19,2,17,02:17,178.0,8.1,10.1,12.5,0.0
2026,9,19,2,18,02:18,178.7,8.8,10.3,11.9,0.0
2026,9,19,2,19,02:19,177.9,9.1,11.0,12.9,0.0
2026,9,19,2,21,02:21,184.4,9.1,11.0,12.6,0.0
2026,9,19,2,23,02:23,179.1,8.6,10.7,12.6,0.0
2026,9,19,2,24,02:24,180.7,8.3,10.7,13.1,0.0
2026,9,19,2,26,02:26,180.4,8.1,10.3,12.3,0.0
2026,9,19,2,28,02:28,186.1,9.1,10.8,12.6,0.0
2026,9,19,2,29,02:29,183.5,8.0,9.6,11.5,0.0
2026,9,19,2,31,02:31,183.4,8.2,10.0,11.7,0.0
2026,9,19,2,33,02:33,185.0,8.5,10.5,12.0,0.0
2026,9,19,2,34,02:34,183.8,8.1,9.8,11.4,0.0
2026,9,19,2,36,02:36,181.4,8.3,10.2,13.1,0.0
2026,9,19,2,38,02:38,185.3,8.5,10.1,11.7,0.0
2026,9,19,2,39,02:39,182.5,8.3,10.5,12.0,0.0
2026,9,19,2,42,02:41,185.3,8.5,10.4,12.5,0.0
2026,9,19,2,43,02:43,182.6,9.4,10.9,12.3,0.0
2026,9,19,2,44,02:44,185.8,9.5,11.9,13.4,0.0
2026,9,19,2,46,02:46,182.1,9.0,10.9,13.3,0.0
2026,9,19,2,48,02:48,185.5,8.6,10.1,12.2,0.0
2026,9,19,2,49,02:49,187.6,9.3,11.4,13.4,0.0
2026,9,19,2,51,02:51,191.5,8.8,11.0,12.5,0.0
2026,9,19,2,53,02:53,187.4,8.5,9.8,11.6,0.0
2026,9,19,2,54,02:54,189.8,8.9,10.1,11.9,0.0
2026,9,19,2,57,02:56,191.8,8.3,11.6,13.4,0.0
2026,9,19,2,58,02:58,194.2,8.3,9.9,11.5,0.0
2026,9,19,2,59,02:59,187.8,8.5,9.9,11.9,0.0
2026,9,19,3,1,03:01,189.5,8.0,10.2,11.7,0.0
2026,9,19,3,3,03:03,191.6,8.3,10.4,11.9,0.0
2026,9,19,3,4,03:04,190.3,8.5,10.8,12.8,0.0
2026,9,19,3,6,03:06,187.9,9.3,10.8,12.2,0.0
2026,9,19,3,8,03:08,183.1,7.8,11.5,15.2,0.0
2026,9,19,3,9,03:09,183.5,8.8,11.1,14.6,0.0
2026,9,19,3,11,03:11,183.8,10.0,12.9,15.0,0.0
2026,9,19,3,13,03:13,183.5,11.6,14.2,16.9,0.0
2026,9,19,3,14,03:14,194.6,10.5,12.9,15.0,0.0
2026,9,19,3,17,03:16,204.4,10.8,13.4,16.9,0.0
2026,9,19,3,18,03:18,208.0,12.2,16.2,19.1,0.0
2026,9,19,3,19,03:19,213.7,11.7,14.0,18.1,0.0
2026,9,19,3,21,03:21,209.6,9.8,13.1,15.4,0.0
2026,9,19,3,23,03:23,217.8,10.0,11.7,13.8,0.0
2026,9,19,3,24,03:24,210.3,10.3,14.0,17.2,0.0
2026,9,19,3,26,03:25,217.2,11.2,14.0,17.5,0.0
2026,9,19,3,28,03:28,212.6,9.5,12.0,15.2,0.0
2026,9,19,3,29,03:29,214.2,9.8,12.6,15.7,0.0
2026,9,19,3,32,03:32,216.2,9.8,12.8,15.2,0.0
2026,9,19,3,33,03:33,211.6,10.4,12.2,14.0,0.0
2026,9,19,3,34,03:34,212.3,9.1,11.2,13.6,0.0
2026,9,19,3,37,03:36,213.6,8.7,10.7,12.2,0.0
2026,9,19,3,38,03:38,211.9,7.3,8.6,9.8,0.0
2026,9,19,3,39,03:39,202.3,8.0,9.8,11.2,0.0
2026,9,19,3,41,03:41,197.4,6.7,8.9,10.2,0.0
2026,9,19,3,43,03:43,200.6,8.0,9.8,11.5,0.0
2026,9,19,3,44,03:44,197.8,8.0,9.3,10.9,0.0
2026,9,19,3,46,03:46,196.4,8.4,9.9,11.1,0.0
2026,9,19,3,48,03:48,199.4,8.0,9.4,10.8,0.0
2026,9,19,3,49,03:49,195.5,7.2,9.0,10.3,0.0
2026,9,19,3,51,03:51,193.4,8.3,9.8,11.1,0.0
2026,9,19,3,53,03:53,192.6,8.0,9.4,11.7,0.0
2026,9,19,3,54,03:54,191.2,8.5,9.9,11.2,0.0
2026,9,19,3,56,03:56,191.9,8.3,9.8,11.2,0.0
2026,9,19,3,58,03:58,196.9,7.7,8.9,10.2,0.0
2026,9,19,3,59,03:59,194.4,7.3,8.8,10.1,0.0
2026,9,19,4,1,04:01,195.4,8.1,9.8,11.1,0.0
2026,9,19,4,3,04:03,196.8,8.2,9.7,11.5,0.0
2026,9,19,4,4,04:04,198.6,8.2,10.0,12.0,0.0
2026,9,19,4,7,04:06,198.0,8.6,10.1,11.4,0.0
2026,9,19,4,8,04:08,197.3,6.8,8.8,10.8,0.0
2026,9,19,4,9,04:09,191.9,7.9,9.6,11.0,0.0
2026,9,19,4,12,04:11,191.6,7.9,9.1,10.5,0.0
2026,9,19,4,13,04:13,198.4,7.4,8.5,9.7,0.0
2026,9,19,4,14,04:14,200.4,7.6,9.1,10.0,0.0
2026,9,19,4,16,04:16,200.7,7.2,8.8,9.7,0.0
2026,9,19,4,18,04:18,201.9,7.8,8.6,9.6,0.0
2026,9,19,4,19,04:19,196.9,7.6,8.8,9.9,0.0
2026,9,19,4,21,04:21,195.1,8.0,9.8,11.6,0.0
2026,9,19,4,23,04:23,195.5,7.2,9.4,11.4,0.0
2026,9,19,4,24,04:24,194.0,7.8,9.4,10.5,0.0
2026,9,19,4,26,04:26,198.3,8.1,9.9,11.2,0.0
2026,9,19,4,28,04:28,197.5,7.5,9.1,10.8,0.0
2026,9,19,4,29,04:29,197.6,6.9,8.8,10.8,0.0
2026,9,19,4,32,04:32,200.4,7.6,9.0,10.1,0.0
2026,9,19,4,33,04:33,198.7,7.5,8.7,10.1,0.0
2026,9,19,4,34,04:34,198.4,7.8,9.5,11.1,0.0
2026,9,19,4,36,04:36,198.8,7.7,9.1,10.8,0.0
2026,9,19,4,38,04:38,197.7,7.7,10.0,11.4,0.0
2026,9,19,4,39,04:39,192.7,7.5,9.4,10.9,0.0
2026,9,19,4,41,04:41,193.6,7.8,9.6,11.1,0.0
2026,9,19,4,43,04:43,191.4,7.8,9.5,11.4,0.0
2026,9,19,4,44,04:44,193.0,7.4,9.1,11.6,0.0
2026,9,19,4,46,04:46,194.2,7.4,8.5,10.1,0.0
2026,9,19,4,48,04:48,195.9,8.1,9.8,11.0,0.0
2026,9,19,4,49,04:49,193.0,9.1,10.5,12.2,0.0
2026,9,19,4,51,04:51,194.7,8.3,9.8,10.9,0.0
2026,9,19,4,53,04:53,197.9,7.7,8.8,10.3,0.0
2026,9,19,4,54,04:54,195.0,8.1,9.5,11.0,0.0
2026,9,19,4,57,04:56,200.4,6.4,8.0,10.0,0.0
2026,9,19,4,58,04:58,200.8,6.5,8.1,9.7,0.0
2026,9,19,4,59,04:59,197.2,6.6,8.3,9.6,0.0
2026,9,19,5,1,05:01,199.4,7.4,8.8,10.7,0.0
2026,9,19,5,3,05:03,192.5,7.2,9.0,10.3,0.0
2026,9,19,5,4,05:04,196.9,7.2,8.5,9.8,0.0
2026,9,19,5,6,05:06,198.3,7.2,8.7,10.2,0.0
2026,9,19,5,8,05:08,198.9,7.5,9.1,10.5,0.0
2026,9,19,5,9,05:09,203.6,7.2,8.9,10.2,0.0
2026,9,19,5,11,05:11,201.8,6.4,8.0,9.1,0.0
2026,9,19,5,13,05:13,203.4,7.5,8.4,9.6,0.0
2026,9,19,5,14,05:14,202.4,6.2,7.7,8.8,0.0
2026,9,19,5,17,05:16,202.8,6.5,7.3,8.1,0.0
2026,9,19,5,18,05:18,207.7,6.0,6.7,7.7,0.0
2026,9,19,5,19,05:19,208.1,5.2,6.3,7.7,0.0
2026,9,19,5,22,05:21,211.9,5.6,7.0,8.3,0.0
2026,9,19,5,23,05:23,213.7,5.6,6.9,8.7,0.0
2026,9,19,5,24,05:24,218.9,5.5,6.6,8.0,0.0
2026,9,19,5,27,05:26,217.8,5.2,5.9,7.0,0.0
2026,9,19,5,28,05:28,216.9,4.4,5.4,6.3,0.0
2026,9,19,5,29,05:29,212.5,5.3,6.2,7.4,0.0
2026,9,19,5,31,05:31,217.5,4.4,5.4,6.5,0.0
2026,9,19,5,33,05:33,225.7,3.6,5.3,6.4,0.0
2026,9,19,5,34,05:34,228.4,4.1,5.5,7.0,0.0
2026,9,19,5,36,05:36,218.8,3.5,4.9,6.0,0.0
2026,9,19,5,38,05:38,228.1,3.4,4.9,5.9,0.0
2026,9,19,5,39,05:39,226.6,3.8,5.2,6.0,0.0
2026,9,19,5,42,05:41,228.7,3.6,4.2,5.0,0.0
2026,9,19,5,43,05:43,220.4,3.1,4.2,5.5,0.0
2026,9,19,5,44,05:44,231.3,3.4,4.4,5.4,0.0
2026,9,19,5,46,05:46,224.6,3.5,4.4,5.7,0.0
2026,9,19,5,48,05:48,220.1,4.3,5.5,7.1,0.0
2026,9,19,5,49,05:49,223.2,3.5,5.2,6.4,0.0
2026,9,19,5,51,05:51,225.9,3.8,4.5,5.1,0.0
2026,9,19,5,53,05:53,223.7,3.6,4.8,6.3,0.0
2026,9,19,5,54,05:54,225.2,3.2,4.2,4.9,0.0
2026,9,19,5,56,05:56,222.4,3.9,4.8,5.7,0.0
2026,9,19,5,58,05:58,224.3,3.0,3.7,4.6,0.0
2026,9,19,5,59,05:59,223.4,3.3,4.6,6.3,0.0
2026,9,19,6,1,06:01,215.2,3.8,4.3,4.9,0.0
2026,9,19,6,3,06:03,218.4,3.0,3.8,4.5,0.0
2026,9,19,6,4,06:04,216.7,3.2,4.3,5.1,0.0
2026,9,19,6,6,06:06,208.8,4.0,4.7,5.8,0.0
2026,9,19,6,8,06:08,207.7,4.2,4.9,5.8,0.0
2026,9,19,6,9,06:09,209.8,3.9,4.6,5.5,0.0
2026,9,19,6,12,06:11,207.6,4.1,5.2,6.0,0.0
2026,9,19,6,13,06:13,209.5,4.3,5.1,6.2,0.0
2026,9,19,6,14,06:14,210.8,3.9,5.0,6.1,0.0
2026,9,19,6,17,06:17,207.3,4.8,5.7,6.6,0.0
2026,9,19,6,18,06:18,203.5,4.7,5.8,6.8,0.0
2026,9,19,6,19,06:19,206.1,4.8,5.7,7.3,0.0
2026,9,19,6,21,06:21,207.0,4.5,5.4,6.2,0.0
2026,9,19,6,23,06:23,207.8,4.8,5.5,6.6,0.0
2026,9,19,6,24,06:24,211.7,4.6,5.3,6.4,0.0
2026,9,19,6,26,06:26,212.9,4.1,5.4,6.1,0.0
2026,9,19,6,28,06:28,201.9,4.8,5.4,5.9,0.0
2026,9,19,6,29,06:29,207.4,4.2,5.2,5.8,0.0
2026,9,19,6,31,06:31,207.9,4.7,5.5,6.4,0.0
2026,9,19,6,33,06:33,209.0,4.7,5.5,6.3,0.0
2026,9,19,6,34,06:34,208.1,4.1,4.9,5.7,0.0
2026,9,19,6,36,06:36,205.6,5.0,5.6,6.2,0.0
2026,9,19,6,38,06:38,212.4,4.3,5.0,5.8,0.0
2026,9,19,6,39,06:39,207.7,4.2,4.9,6.2,0.0
2026,9,19,6,41,06:41,209.7,4.8,6.0,6.9,0.0
2026,9,19,6,43,06:43,208.9,4.9,6.1,7.2,0.0
2026,9,19,6,44,06:44,207.8,5.7,6.3,7.2,0.0
2026,9,19,6,46,06:46,208.4,4.8,5.7,6.6,0.0
2026,9,19,6,48,06:48,209.2,4.9,5.8,6.8,0.0
2026,9,19,6,49,06:49,203.7,4.3,5.7,7.1,0.0
2026,9,19,6,52,06:51,209.4,4.9,5.6,6.4,0.0
2026,9,19,6,53,06:53,213.5,4.3,5.4,6.6,0.0
2026,9,19,6,54,06:54,210.1,5.0,5.8,6.4,0.0
2026,9,19,6,56,06:56,203.5,5.3,6.8,7.8,0.0
2026,9,19,6,58,06:58,212.5,4.5,5.5,6.4,0.0
2026,9,19,6,59,06:59,214.6,5.4,6.2,7.2,0.0
2026,9,19,7,1,07:01,217.0,4.4,5.2,6.3,0.0
2026,9,19,7,3,07:03,218.2,4.7,5.5,6.2,0.0
2026,9,19,7,4,07:04,219.7,4.2,5.5,7.2,0.0
2026,9,19,7,6,07:06,223.4,4.4,5.6,6.5,0.0
2026,9,19,7,8,07:08,219.9,5.1,6.1,7.4,0.0
2026,9,19,7,9,07:09,218.7,5.3,6.5,7.5,0.0
2026,9,19,7,12,07:12,215.3,4.8,6.9,8.0,0.0
2026,9,19,7,13,07:13,217.9,4.9,6.4,7.4,0.0
2026,9,19,7,14,07:14,214.7,5.1,6.3,7.8,0.0
2026,9,19,7,17,07:16,212.9,5.0,5.7,6.8,0.0
2026,9,19,7,18,07:18,218.2,5.5,6.3,7.1,0.0
2026,9,19,7,19,07:19,216.2,4.9,5.7,6.8,0.0
2026,9,19,7,21,07:21,214.3,5.0,5.8,7.0,0.0
2026,9,19,7,23,07:23,219.5,5.8,6.8,7.8,0.0
2026,9,19,7,24,07:24,223.4,5.3,6.2,7.4,0.0
2026,9,19,7,26,07:26,217.1,5.4,6.5,7.7,0.0
2026,9,19,7,28,07:28,218.2,6.2,6.9,8.0,0.0
2026,9,19,7,29,07:29,222.4,5.5,6.5,8.0,0.0
2026,9,19,7,31,07:31,218.2,6.7,8.4,11.0,0.0
2026,9,19,7,33,07:33,217.9,5.8,7.4,8.1,0.0
2026,9,19,7,34,07:34,220.6,5.0,7.1,8.2,0.0
2026,9,19,7,36,07:36,221.3,5.3,7.0,8.9,0.0
2026,9,19,7,38,07:38,219.9,5.4,6.8,8.0,0.0
2026,9,19,7,39,07:39,218.2,5.9,7.3,9.1,0.0
2026,9,19,7,41,07:41,219.8,5.9,6.9,8.0,0.0
2026,9,19,7,43,07:43,219.8,4.7,6.1,7.5,0.0
2026,9,19,7,44,07:44,216.0,4.5,5.9,6.7,0.0
2026,9,19,7,47,07:46,217.7,5.2,6.5,8.3,0.0
2026,9,19,7,48,07:48,215.8,5.6,7.3,8.5,0.0
2026,9,19,7,49,07:49,217.0,5.8,7.0,9.2,0.0
2026,9,19,7,52,07:51,217.9,5.9,7.4,8.9,0.0
2026,9,19,7,53,07:53,224.1,5.2,6.4,7.7,0.0
2026,9,19,7,54,07:54,218.1,5.5,7.0,8.3,0.0
2026,9,19,7,56,07:56,223.3,5.1,7.3,8.7,0.0
2026,9,19,7,58,07:58,217.8,5.8,7.1,8.1,0.0
2026,9,19,7,59,07:59,221.5,6.4,7.8,9.4,0.0
2026,9,19,8,2,08:02,217.7,6.2,8.0,9.7,0.0
2026,9,19,8,3,08:03,220.8,6.7,8.5,9.9,0.0
2026,9,19,8,4,08:04,223.8,6.5,8.1,9.4,0.0
2026,9,19,8,6,08:06,216.0,7.3,8.7,9.8,0.0
2026,9,19,8,8,08:08,220.1,6.5,7.8,9.4,0.0
2026,9,19,8,9,08:09,217.3,6.0,8.6,10.3,0.0
2026,9,19,8,11,08:11,211.6,6.5,7.5,8.6,0.0
2026,9,19,8,13,08:13,212.6,6.8,8.6,10.5,0.0
2026,9,19,8,14,08:14,219.6,6.6,8.1,9.2,0.0
2026,9,19,8,16,08:16,216.8,6.3,7.8,9.4,0.0
2026,9,19,8,18,08:18,222.6,7.0,8.0,10.4,0.0
2026,9,19,8,19,08:19,221.5,6.8,8.3,9.7,0.0
2026,9,19,8,21,08:21,212.4,6.9,8.9,10.5,0.0
2026,9,19,8,23,08:23,219.1,6.3,8.1,9.8,0.0
2026,9,19,8,24,08:24,222.5,7.3,8.7,10.0,0.0
2026,9,19,8,27,08:27,220.8,7.3,10.2,13.4,0.0
2026,9,19,8,28,08:28,215.5,6.8,8.5,10.5,0.0
2026,9,19,8,29,08:29,230.3,6.6,8.4,9.8,0.0
2026,9,19,8,32,08:31,221.9,6.4,8.5,10.7,0.0
2026,9,19,8,33,08:33,226.5,5.6,7.7,9.5,0.0
2026,9,19,8,34,08:34,219.0,5.9,7.6,9.8,0.0
2026,9,19,8,37,08:36,215.9,7.5,8.9,11.0,0.0
2026,9,19,8,38,08:38,225.5,6.3,7.8,10.1,0.0
2026,9,19,8,39,08:39,227.1,5.2,7.3,9.6,0.0
2026,9,19,8,42,08:41,225.7,5.6,6.3,7.4,0.0
2026,9,19,8,43,08:43,220.9,4.9,6.6,8.2,0.0
2026,9,19,8,44,08:44,227.0,4.6,5.9,7.4,0.0
2026,9,19,8,46,08:46,229.7,4.5,6.1,8.1,0.0
2026,9,19,8,48,08:48,224.0,4.2,5.2,6.2,0.0
2026,9,19,8,49,08:49,226.2,3.8,5.5,6.8,0.0
2026,9,19,8,52,08:51,229.7,4.3,6.3,8.3,0.0
2026,9,19,8,53,08:53,222.1,5.2,6.3,7.2,0.0
2026,9,19,8,54,08:54,220.3,4.7,6.8,8.9,0.0
2026,9,19,8,57,08:57,219.5,4.4,6.3,8.5,0.0
2026,9,19,8,58,08:58,221.4,4.5,5.6,7.9,0.0
2026,9,19,8,59,08:59,221.4,3.9,4.7,6.0,0.0
2026,9,19,9,1,09:01,223.0,6.0,7.8,10.1,0.0
2026,9,19,9,3,09:03,212.3,6.0,7.9,9.8,0.0
2026,9,19,9,4,09:04,222.5,4.4,5.7,7.3,0.0
2026,9,19,9,6,09:06,220.1,5.4,6.4,7.3,0.0
2026,9,19,9,8,09:08,221.0,4.9,6.3,7.8,0.0
2026,9,19,9,9,09:09,225.9,4.6,5.7,6.7,0.0
2026,9,19,9,12,09:11,223.3,4.5,5.7,6.7,0.0
2026,9,19,9,13,09:13,224.9,4.9,6.0,6.8,0.0
2026,9,19,9,14,09:14,220.8,5.3,6.3,7.1,0.0
2026,9,19,9,17,09:16,230.0,4.9,6.0,7.4,0.0
2026,9,19,9,18,09:18,214.3,4.4,5.5,6.9,0.0
2026,9,19,9,19,09:19,219.6,5.6,6.8,8.2,0.0
2026,9,19,9,21,09:21,227.7,3.3,4.2,5.1,0.0
2026,9,19,9,23,09:23,221.3,4.9,7.0,11.1,0.0
2026,9,19,9,24,09:24,229.5,4.2,5.8,8.0,0.0
2026,9,19,9,26,09:26,227.9,5.2,7.4,9.2,0.0
2026,9,19,9,28,09:28,219.7,5.1,6.3,8.0,0.0
2026,9,19,9,29,09:29,220.2,5.6,6.8,7.9,0.0
2026,9,19,9,31,09:31,227.8,4.9,7.2,10.0,0.0
2026,9,19,9,33,09:33,227.6,5.0,6.5,8.5,0.0
2026,9,19,9,34,09:34,225.0,5.3,6.8,8.4,0.0
2026,9,19,9,36,09:36,221.2,5.3,6.6,7.8,0.0
2026,9,19,9,38,09:38,221.3,4.8,6.1,7.3,0.0
2026,9,19,9,39,09:39,219.1,5.2,7.0,9.7,0.0
2026,9,19,9,41,09:41,218.0,6.5,7.6,9.1,0.0
2026,9,19,9,43,09:43,217.5,5.8,7.1,8.5,0.0
2026,9,19,9,44,09:44,225.6,5.7,7.0,8.5,0.0
2026,9,19,9,46,09:46,214.6,6.2,7.4,8.6,0.0
2026,9,19,9,48,09:48,211.9,6.8,8.5,10.7,0.0
2026,9,19,9,49,09:49,216.6,7.1,8.3,11.0,0.0
2026,9,19,9,52,09:52,216.1,5.8,8.8,11.2,0.0
2026,9,19,9,53,09:53,220.4,7.2,9.0,11.2,0.0
2026,9,19,9,54,09:54,224.5,7.1,8.6,10.0,0.0
2026,9,19,9,56,09:56,221.2,7.2,8.5,10.1,0.0
2026,9,19,9,58,09:58,222.5,6.3,7.4,9.1,0.0
2026,9,19,9,59,09:59,218.5,6.0,7.0,8.1,0.0
2026,9,19,10,1,10:01,219.2,6.4,8.1,9.8,0.0
2026,9,19,10,3,10:03,223.3,6.1,8.0,9.8,0.0
2026,9,19,10,4,10:04,218.9,6.1,7.4,9.4,0.0
2026,9,19,10,6,10:06,222.1,6.4,7.8,9.1,0.0
2026,9,19,10,8,10:08,222.4,8.5,9.8,11.7,0.0
2026,9,19,10,9,10:09,221.6,6.9,8.5,10.0,0.0
2026,9,19,10,11,10:11,215.9,7.3,9.7,11.6,0.0
2026,9,19,10,13,10:13,214.0,7.3,9.5,11.0,0.0
2026,9,19,10,14,10:14,217.0,6.5,8.5,10.9,0.0
2026,9,19,10,16,10:16,220.8,7.0,8.7,10.4,0.0
2026,9,19,10,18,10:18,218.9,7.4,9.1,11.7,0.0
2026,9,19,10,19,10:19,220.0,6.4,8.0,9.7,0.0
2026,9,19,10,22,10:22,218.1,7.1,9.8,12.2,0.0
2026,9,19,10,23,10:23,219.8,6.6,8.3,9.5,0.0
2026,9,19,10,24,10:24,217.8,7.4,9.3,11.1,0.0
2026,9,19,10,26,10:26,212.1,7.5,9.1,10.7,0.0
2026,9,19,10,28,10:28,219.8,6.8,8.3,10.4,0.0
2026,9,19,10,29,10:29,227.8,6.5,8.0,9.8,0.0
2026,9,19,10,31,10:31,225.2,6.5,8.4,10.3,0.0
2026,9,19,10,33,10:33,213.6,6.4,8.6,9.8,0.0
2026,9,19,10,34,10:34,217.7,6.2,8.3,9.7,0.0
2026,9,19,10,37,10:36,225.2,6.6,8.9,10.7,0.0
2026,9,19,10,38,10:38,217.6,6.6,8.9,11.1,0.0
2026,9,19,10,39,10:39,226.4,6.6,8.4,10.5,0.0
2026,9,19,10,41,10:41,228.5,7.3,8.5,10.0,0.0
2026,9,19,10,43,10:43,213.5,6.5,9.0,11.7,0.0
2026,9,19,10,44,10:44,218.4,8.2,10.1,12.6,0.0
2026,9,19,10,46,10:46,210.5,7.4,9.1,11.2,0.0
2026,9,19,10,48,10:48,220.2,7.4,10.1,12.9,0.0
2026,9,19,10,49,10:49,223.8,8.1,9.9,11.1,0.0
2026,9,19,10,51,10:51,221.9,7.8,9.1,11.1,0.0
2026,9,19,10,53,10:53,228.8,6.9,9.8,12.3,0.0
2026,9,19,10,54,10:54,227.6,6.8,8.5,10.5,0.0
2026,9,19,10,57,10:56,219.2,8.0,9.8,13.3,0.0
2026,9,19,10,58,10:58,222.0,8.1,10.4,12.2,0.0
2026,9,19,10,59,10:59,213.6,7.1,9.7,12.3,0.0
2026,9,19,11,1,11:01,225.8,7.1,9.6,11.5,0.0
2026,9,19,11,3,11:03,224.2,7.5,9.1,10.9,0.0
2026,9,19,11,4,11:04,219.9,6.9,9.1,12.0,0.0
2026,9,19,11,6,11:06,218.8,7.8,9.2,10.9,0.0
2026,9,19,11,8,11:08,214.8,7.5,10.1,13.1,0.0
2026,9,19,11,9,11:09,223.8,7.9,10.1,13.3,0.0
2026,9,19,11,11,11:11,216.3,7.8,9.7,11.6,0.0
2026,9,19,11,13,11:13,224.8,7.0,9.1,11.6,0.0
2026,9,19,11,14,11:14,218.8,6.7,9.8,12.9,0.0
2026,9,19,11,17,11:16,227.6,7.3,9.0,11.7,0.0
2026,9,19,11,18,11:18,216.3,6.7,8.6,10.4,0.0
2026,9,19,11,19,11:19,217.9,7.8,9.8,11.5,0.0
2026,9,19,11,21,11:21,213.3,9.0,10.8,13.3,0.0
2026,9,19,11,23,11:23,220.6,8.0,10.1,12.0,0.0
2026,9,19,11,24,11:24,212.5,8.6,10.8,13.3,0.0
2026,9,19,11,26,11:26,221.9,8.0,10.8,12.2,0.0
2026,9,19,11,28,11:28,224.6,7.9,9.4,11.6,0.0
2026,9,19,11,29,11:29,221.9,7.0,9.7,12.3,0.0
2026,9,19,11,32,11:32,225.7,7.7,10.1,12.3,0.0
2026,9,19,11,33,11:33,219.8,6.9,8.3,9.7,0.0
2026,9,19,11,34,11:34,229.6,6.4,8.6,11.7,0.0
2026,9,19,11,37,11:37,217.5,7.0,10.0,12.6,0.0
2026,9,19,11,38,11:38,218.7,8.5,10.0,11.9,0.0
2026,9,19,11,39,11:39,226.5,7.2,9.4,12.2,0.0
2026,9,19,11,41,11:41,230.6,7.0,9.1,11.2,0.0
2026,9,19,11,43,11:43,222.7,6.2,8.0,9.7,0.0
2026,9,19,11,44,11:44,232.3,6.0,8.0,10.2,0.0
2026,9,19,11,46,11:46,220.4,5.1,7.2,9.5,0.0
2026,9,19,11,48,11:48,220.8,6.2,8.7,11.2,0.0
2026,9,19,11,49,11:49,217.3,8.5,10.2,11.9,0.0
2026,9,19,11,51,11:51,218.9,7.5,8.9,10.3,0.0
2026,9,19,11,53,11:53,231.4,6.0,8.5,10.1,0.0
2026,9,19,11,54,11:54,217.5,6.9,8.7,10.4,0.0
2026,9,19,11,57,11:57,213.7,7.2,10.4,13.1,0.0
2026,9,19,11,58,11:58,222.1,8.8,10.8,13.1,0.0
2026,9,19,11,59,11:59,233.1,5.9,8.1,10.4,0.0
2026,9,19,12,2,12:02,222.3,6.8,9.8,12.0,0.0
2026,9,19,12,3,12:03,226.6,7.9,10.1,12.5,0.0
2026,9,19,12,4,12:04,229.9,6.3,8.1,10.4,0.0
2026,9,19,12,6,12:06,235.3,6.7,8.4,11.6,0.0
2026,9,19,12,8,12:08,223.4,7.8,10.5,12.9,0.0
2026,9,19,12,9,12:09,223.0,8.5,10.2,11.7,0.0
2026,9,19,12,11,12:11,218.9,5.5,8.2,9.9,0.0
2026,9,19,12,13,12:13,215.8,8.8,10.4,12.3,0.0
2026,9,19,12,14,12:14,218.1,6.7,8.9,10.4,0.0
2026,9,19,12,17,12:16,222.8,6.8,8.1,9.5,0.0
2026,9,19,12,18,12:18,220.0,7.2,9.1,10.9,0.0
2026,9,19,12,19,12:19,216.8,8.4,10.0,13.3,0.0
2026,9,19,12,22,12:21,221.7,6.1,8.1,11.0,0.0
2026,9,19,12,23,12:23,223.0,6.8,8.5,10.8,0.0
2026,9,19,12,24,12:24,220.3,8.5,10.5,12.6,0.0
2026,9,19,12,26,12:26,221.1,7.0,8.8,11.4,0.0
2026,9,19,12,28,12:28,226.6,5.9,8.3,11.2,0.0
2026,9,19,12,29,12:29,223.8,6.5,8.6,10.3,0.0
2026,9,19,12,31,12:31,223.5,6.6,8.6,10.7,0.0
2026,9,19,12,33,12:33,221.1,7.5,8.9,10.8,0.0
2026,9,19,12,34,12:34,219.3,7.0,8.4,10.0,0.0
2026,9,19,12,36,12:36,229.7,7.2,9.3,11.6,0.0
2026,9,19,12,38,12:38,217.1,6.3,8.0,11.1,0.0
2026,9,19,12,39,12:39,221.6,7.9,9.5,10.9,0.0
2026,9,19,12,41,12:41,215.3,7.0,8.5,11.0,0.0
2026,9,19,12,43,12:43,222.4,8.0,9.9,11.7,0.0
2026,9,19,12,44,12:44,225.4,7.7,9.7,11.6,0.0
2026,9,19,12,47,12:46,220.0,7.0,8.7,10.4,0.0
2026,9,19,12,48,12:48,219.4,6.1,8.5,11.6,0.0
2026,9,19,12,49,12:49,218.7,7.2,8.8,10.4,0.0
2026,9,19,12,52,12:51,219.8,7.4,9.1,11.7,0.0
2026,9,19,12,53,12:53,227.7,6.9,8.6,10.3,0.0
2026,9,19,12,54,12:54,224.8,7.1,8.6,10.4,0.0
2026,9,19,12,57,12:56,214.9,7.3,10.1,13.1,0.0
2026,9,19,12,58,12:58,225.8,7.8,9.9,11.4,0.0
2026,9,19,12,59,12:59,223.6,7.2,9.5,11.5,0.0
2026,9,19,13,1,13:01,225.3,7.3,10.1,12.8,0.0
2026,9,19,13,3,13:03,222.1,6.7,9.2,11.2,0.0
2026,9,19,13,4,13:04,223.4,8.0,10.1,13.3,0.0
2026,9,19,13,6,13:06,215.5,6.8,9.6,11.7,0.0
2026,9,19,13,8,13:08,222.5,6.2,9.2,12.2,0.0
2026,9,19,13,9,13:09,222.8,8.0,9.7,12.2,0.0
2026,9,19,13,11,13:11,215.6,6.3,9.8,13.6,0.0
2026,9,19,13,13,13:13,227.0,6.7,9.8,12.8,0.0
2026,9,19,13,14,13:14,218.6,6.9,9.6,11.9,0.0
2026,9,19,13,16,13:16,221.8,8.0,11.0,15.2,0.0
2026,9,19,13,18,13:18,223.3,7.5,9.7,12.6,0.0
2026,9,19,13,19,13:19,226.4,6.9,9.7,12.2,0.0
2026,9,19,13,21,13:21,225.8,6.9,8.8,10.9,0.0
2026,9,19,13,23,13:23,223.8,6.8,8.8,10.8,0.0
2026,9,19,13,24,13:24,223.4,6.8,10.5,13.8,0.0
2026,9,19,13,26,13:26,229.7,7.8,9.8,12.8,0.0
2026,9,19,13,28,13:28,219.0,6.9,9.0,11.4,0.0
2026,9,19,13,29,13:29,220.9,7.5,9.4,11.2,0.0
2026,9,19,13,32,13:32,229.1,6.8,8.8,10.9,0.0
2026,9,19,13,33,13:33,219.6,7.8,10.3,14.0,0.0
2026,9,19,13,34,13:34,228.2,6.9,9.4,11.9,0.0
2026,9,19,13,36,13:36,223.4,6.8,8.8,11.9,0.0
2026,9,19,13,38,13:38,221.8,7.1,9.0,10.4,0.0
2026,9,19,13,39,13:39,224.5,6.7,9.0,12.3,0.0
2026,9,19,13,41,13:41,223.3,6.7,8.1,9.9,0.0
2026,9,19,13,43,13:43,217.6,7.2,10.1,12.6,0.0
2026,9,19,13,44,13:44,224.2,7.7,9.2,11.6,0.0
2026,9,19,13,47,13:46,227.4,6.7,8.8,11.1,0.0
2026,9,19,13,48,13:48,222.4,9.1,11.0,13.4,0.0
2026,9,19,13,49,13:49,220.9,7.5,9.4,12.5,0.0
2026,9,19,13,52,13:51,234.7,8.0,10.0,12.6,0.0
2026,9,19,13,53,13:53,226.8,8.7,10.3,13.1,0.0
2026,9,19,13,54,13:54,219.7,8.3,10.7,13.8,0.0
2026,9,19,13,57,13:56,219.2,8.8,10.5,12.6,0.0
2026,9,19,13,58,13:58,229.0,7.4,10.5,12.9,0.0
2026,9,19,13,59,13:59,220.4,7.2,9.2,10.8,0.0
2026,9,19,14,1,14:01,223.6,8.1,10.4,12.3,0.0
2026,9,19,14,3,14:03,224.0,8.8,11.2,13.3,0.0
2026,9,19,14,4,14:04,218.2,8.7,11.0,14.0,0.0
2026,9,19,14,6,14:06,225.0,7.8,9.6,12.6,0.0
2026,9,19,14,8,14:08,224.1,5.9,8.7,12.2,0.0
2026,9,19,14,9,14:09,226.3,7.2,9.7,12.0,0.0
2026,9,19,14,11,14:11,222.5,7.0,9.4,11.6,0.0
2026,9,19,14,13,14:13,216.3,9.2,10.9,13.3,0.0
2026,9,19,14,14,14:14,228.3,7.8,10.4,12.6,0.0
2026,9,19,14,17,14:17,214.0,8.6,9.8,11.2,0.0
2026,9,19,14,18,14:18,212.7,6.3,9.0,11.0,0.0
2026,9,19,14,19,14:19,214.8,7.2,10.0,11.9,0.0
2026,9,19,14,21,14:21,217.8,8.8,10.3,12.3,0.0
2026,9,19,14,23,14:23,224.2,7.0,10.4,14.6,0.0
2026,9,19,14,24,14:24,220.7,9.1,10.7,12.8,0.0
2026,9,19,14,27,14:26,216.4,7.3,10.7,15.0,0.0
2026,9,19,14,28,14:28,217.1,8.2,9.7,12.0,0.0
2026,9,19,14,29,14:29,219.4,7.4,9.5,11.4,0.0
2026,9,19,14,31,14:31,222.2,8.3,10.3,13.4,0.0
2026,9,19,14,33,14:33,218.3,9.1,11.6,15.2,0.0
2026,9,19,14,34,14:34,223.5,8.1,10.4,13.1,0.0
2026,9,19,14,36,14:36,222.8,8.8,11.6,14.4,0.0
2026,9,19,14,38,14:38,219.2,7.5,9.8,13.6,0.0
2026,9,19,14,39,14:39,222.7,7.3,10.1,12.0,0.0
2026,9,19,14,41,14:41,227.7,7.1,9.1,11.4,0.0
2026,9,19,14,43,14:43,222.1,5.6,7.8,9.6,0.0
2026,9,19,14,44,14:44,227.0,6.0,8.3,10.7,0.0
2026,9,19,14,47,14:47,233.5,6.0,8.0,10.0,0.0
2026,9,19,14,48,14:48,235.8,3.8,6.5,9.2,0.0
2026,9,19,14,49,14:49,227.5,4.8,6.3,8.2,0.0
2026,9,19,14,52,14:52,223.2,6.0,8.0,9.8,0.0
2026,9,19,14,53,14:53,224.3,6.8,9.8,12.5,0.0
2026,9,19,14,54,14:54,232.2,6.1,9.1,12.5,0.0
2026,9,19,14,56,14:56,217.3,6.8,8.8,12.0,0.0
2026,9,19,14,58,14:58,213.1,7.9,9.0,10.4,0.0
2026,9,19,14,59,14:59,212.7,6.9,8.9,10.5,0.0
2026,9,19,15,2,15:01,214.8,8.2,9.9,11.9,0.0
2026,9,19,15,3,15:03,216.5,8.0,9.6,11.4,0.0
2026,9,19,15,4,15:04,218.2,7.8,10.2,12.6,0.0
2026,9,19,15,7,15:06,216.2,8.8,10.9,12.8,0.0
2026,9,19,15,8,15:08,214.1,7.4,10.4,13.8,0.0
2026,9,19,15,9,15:09,209.9,9.8,12.9,15.4,0.0
2026,9,19,15,11,15:11,216.3,8.1,11.1,14.8,0.0
2026,9,19,15,13,15:13,215.9,8.9,11.7,15.0,0.0
2026,9,19,15,14,15:14,216.3,8.1,10.3,13.4,0.0
2026,9,19,15,16,15:16,224.2,8.6,10.8,13.4,0.0
2026,9,19,15,18,15:18,219.2,7.2,9.1,11.4,0.0
2026,9,19,15,19,15:19,212.7,7.4,10.3,13.6,0.0
2026,9,19,15,21,15:21,219.3,8.6,10.7,12.8,0.0
2026,9,19,15,23,15:23,225.3,6.8,8.8,10.8,0.0
2026,9,19,15,24,15:24,216.4,6.7,8.1,10.7,0.0
2026,9,19,15,27,15:26,215.2,7.3,9.2,11.1,0.0
2026,9,19,15,28,15:28,220.0,7.7,9.8,12.3,0.0
2026,9,19,15,29,15:29,219.2,8.0,9.8,12.3,0.0
2026,9,19,15,32,15:31,216.3,9.0,11.0,12.5,0.0
2026,9,19,15,33,15:33,213.2,7.3,9.6,12.0,0.0
2026,9,19,15,34,15:34,210.6,8.5,9.8,11.7,0.0
2026,9,19,15,36,15:36,214.3,7.0,8.7,9.8,0.0
2026,9,19,15,38,15:38,214.1,6.7,9.2,11.9,0.0
2026,9,19,15,39,15:39,210.0,8.6,10.9,13.4,0.0
2026,9,19,15,41,15:41,209.8,7.4,9.5,11.0,0.0
2026,9,19,15,43,15:43,213.9,8.2,10.3,12.6,0.0
2026,9,19,15,44,15:44,210.2,8.1,10.8,13.1,0.0
2026,9,19,15,46,15:46,212.0,8.2,10.0,12.8,0.0
2026,9,19,15,48,15:48,210.9,7.5,9.2,11.6,0.0
2026,9,19,15,49,15:49,205.6,8.8,11.1,13.1,0.0
2026,9,19,15,51,15:51,205.4,9.4,10.8,12.8,0.0
2026,9,19,15,53,15:53,207.6,9.1,11.1,12.8,0.0
2026,9,19,15,54,15:54,207.1,8.0,10.3,12.6,0.0
2026,9,19,15,56,15:56,211.3,8.6,9.8,11.4,0.0
2026,9,19,15,58,15:58,208.1,6.9,8.7,9.9,0.0
2026,9,19,15,59,15:59,207.9,7.4,8.8,10.4,0.0
2026,9,19,16,1,16:01,206.9,7.8,9.6,11.0,0.0
2026,9,19,16,3,16:03,207.0,7.6,9.3,10.9,0.0
2026,9,19,16,4,16:04,206.6,8.0,9.6,11.6,0.0
2026,9,19,16,6,16:06,208.7,8.4,9.9,11.4,0.0
2026,9,19,16,8,16:08,207.0,8.2,10.0,12.5,0.0
2026,9,19,16,9,16:09,207.7,7.8,9.4,11.6,0.0
2026,9,19,16,11,16:11,210.0,7.2,8.8,10.2,0.0
2026,9,19,16,13,16:13,211.6,7.7,9.1,10.5,0.0
2026,9,19,16,14,16:14,214.0,7.1,9.4,11.6,0.0
2026,9,19,16,17,16:16,209.1,7.1,9.1,10.3,0.0
2026,9,19,16,18,16:18,205.9,6.7,8.1,9.3,0.0
2026,9,19,16,19,16:19,200.5,6.6,8.2,9.9,0.0
2026,9,19,16,21,16:21,207.9,7.4,8.5,9.2,0.0
2026,9,19,16,23,16:23,206.0,6.4,8.1,10.7,0.0
2026,9,19,16,24,16:24,200.4,8.1,9.7,11.5,0.0
2026,9,19,16,26,16:26,203.0,6.8,8.2,9.7,0.0
2026,9,19,16,28,16:28,201.2,8.6,10.2,12.2,0.0
2026,9,19,16,29,16:29,204.9,8.9,10.3,11.5,0.0
2026,9,19,16,31,16:31,212.3,6.7,8.0,9.7,0.0
2026,9,19,16,33,16:33,214.2,7.7,10.3,12.2,0.0
2026,9,19,16,34,16:34,211.3,8.8,10.8,13.1,0.0
2026,9,19,16,36,16:36,210.2,8.9,11.4,15.2,0.0
2026,9,19,16,38,16:38,217.1,8.3,10.3,12.6,0.0
2026,9,19,16,39,16:39,213.8,9.2,10.9,12.5,0.0
2026,9,19,16,42,16:41,212.9,8.3,10.4,12.5,0.0
2026,9,19,16,43,16:43,218.2,7.0,9.7,12.9,0.0
2026,9,19,16,44,16:44,220.0,7.4,9.9,12.2,0.0
2026,9,19,16,47,16:46,228.1,6.6,9.3,12.9,0.0
2026,9,19,16,48,16:48,217.0,6.8,9.4,11.5,0.0
2026,9,19,16,49,16:49,211.5,7.8,9.2,10.2,0.0
2026,9,19,16,52,16:52,214.4,7.1,9.1,10.3,0.0
2026,9,19,16,53,16:53,213.4,6.6,8.5,10.2,0.0
2026,9,19,16,54,16:54,210.3,7.0,8.8,11.4,0.0
2026,9,19,16,57,16:56,216.1,7.1,9.0,11.4,0.0
2026,9,19,16,58,16:58,217.1,8.0,9.3,11.0,0.0
2026,9,19,16,59,16:59,216.2,6.7,8.3,9.7,0.0
2026,9,19,17,1,17:01,217.6,7.1,8.8,10.2,0.0
2026,9,19,17,3,17:03,221.2,7.7,9.5,11.1,0.0
2026,9,19,17,4,17:04,215.2,6.2,8.3,9.6,0.0
2026,9,19,17,6,17:06,209.6,7.5,9.1,10.8,0.0
2026,9,19,17,8,17:08,215.7,6.6,7.8,9.7,0.0
2026,9,19,17,9,17:09,216.0,6.5,7.9,9.8,0.0
2026,9,19,17,11,17:11,220.0,5.9,8.3,10.7,0.0
2026,9,19,17,13,17:13,215.7,7.2,8.9,10.9,0.0
2026,9,19,17,14,17:14,218.2,7.4,9.1,11.4,0.0
2026,9,19,17,17,17:16,215.0,6.6,9.1,11.0,0.0
2026,9,19,17,18,17:18,213.0,8.8,10.1,11.7,0.0
2026,9,19,17,19,17:19,212.5,7.5,9.2,10.7,0.0
2026,9,19,17,21,17:21,209.2,6.8,9.6,11.6,0.0
2026,9,19,17,23,17:23,211.1,6.6,8.5,10.2,0.0
2026,9,19,17,24,17:24,209.4,7.6,9.3,11.4,0.0
2026,9,19,17,26,17:26,209.7,7.8,9.7,12.3,0.0
2026,9,19,17,28,17:28,208.5,7.6,11.0,12.9,0.0
2026,9,19,17,29,17:29,209.7,9.8,11.4,12.5,0.0
2026,9,19,17,31,17:31,214.0,7.1,9.2,11.1,0.0
2026,9,19,17,33,17:33,209.6,7.2,9.2,11.0,0.0
2026,9,19,17,34,17:34,208.1,7.2,9.6,12.6,0.0
2026,9,19,17,36,17:36,206.2,7.0,9.0,11.6,0.0
2026,9,19,17,38,17:38,208.7,8.0,9.2,11.2,0.0
2026,9,19,17,39,17:39,214.3,7.7,9.0,10.7,0.0
2026,9,19,17,41,17:41,207.0,7.0,8.8,10.2,0.0
2026,9,19,17,43,17:43,207.3,7.2,9.4,11.6,0.0
2026,9,19,17,44,17:44,210.9,7.8,9.3,10.7,0.0
2026,9,19,17,46,17:46,207.2,6.7,8.6,9.9,0.0
2026,9,19,17,48,17:48,209.7,7.7,9.4,10.7,0.0
2026,9,19,17,49,17:49,209.8,7.3,9.1,10.9,0.0
2026,9,19,17,51,17:51,221.6,7.2,8.8,11.1,0.0
2026,9,19,17,53,17:53,212.0,7.7,9.8,12.2,0.0
2026,9,19,17,54,17:54,213.6,8.2,9.6,11.5,0.0
2026,9,19,17,57,17:56,217.9,6.8,9.5,12.6,0.0
2026,9,19,17,58,17:58,210.8,8.0,10.9,12.9,0.0
2026,9,19,17,59,17:59,212.4,7.8,9.9,11.6,0.0
2026,9,19,18,2,18:02,208.3,7.8,9.4,11.5,0.0
2026,9,19,18,3,18:03,214.3,7.4,9.6,11.4,0.0
2026,9,19,18,4,18:04,219.1,8.6,10.2,12.2,0.0
2026,9,19,18,6,18:06,211.5,7.7,9.6,11.9,0.0
2026,9,19,18,8,18:08,219.0,7.4,9.5,11.7,0.0
2026,9,19,18,9,18:09,219.0,7.4,8.9,10.8,0.0
2026,9,19,18,11,18:11,216.7,7.8,9.1,10.8,0.0
2026,9,19,18,13,18:13,211.5,6.8,8.8,10.5,0.0
2026,9,19,18,14,18:14,212.1,7.5,9.9,12.8,0.0
2026,9,19,18,16,18:16,213.6,7.2,9.3,11.2,0.0
2026,9,19,18,18,18:18,212.5,8.0,9.8,11.6,0.0
2026,9,19,18,19,18:19,217.0,6.6,8.2,10.1,0.0
2026,9,19,18,21,18:21,214.9,7.0,9.4,11.6,0.0
2026,9,19,18,23,18:23,208.6,7.5,8.9,10.4,0.0
2026,9,19,18,24,18:24,213.2,7.4,8.9,10.3,0.0
2026,9,19,18,26,18:26,210.8,6.2,8.7,10.7,0.0
2026,9,19,18,28,18:28,208.3,7.5,8.8,10.1,0.0
2026,9,19,18,29,18:29,213.8,6.9,8.8,10.3,0.0
2026,9,19,18,31,18:31,211.3,7.7,9.1,11.1,0.0
2026,9,19,18,33,18:33,209.1,7.5,9.1,11.1,0.0
2026,9,19,18,34,18:34,214.8,6.1,8.6,10.1,0.0
2026,9,19,18,36,18:36,210.9,7.4,8.9,10.8,0.0
2026,9,19,18,38,18:38,207.3,7.4,8.5,9.7,0.0
2026,9,19,18,39,18:39,201.7,7.3,9.3,11.4,0.0
2026,9,19,18,42,18:42,210.5,8.3,11.0,13.4,0.0
2026,9,19,18,43,18:43,217.0,8.1,10.0,11.9,0.0
2026,9,19,18,44,18:44,211.2,7.8,10.0,12.8,0.0
2026,9,19,18,47,18:46,208.6,8.1,9.8,12.0,0.0
2026,9,19,18,48,18:48,212.3,6.9,8.9,10.8,0.0
2026,9,19,18,49,18:49,210.5,7.0,8.5,10.4,0.0
2026,9,19,18,51,18:51,207.8,7.5,9.0,10.8,0.0
2026,9,19,18,53,18:53,205.9,7.4,9.1,10.5,0.0
2026,9,19,18,54,18:54,204.5,6.7,8.0,9.3,0.0
2026,9,19,18,56,18:56,198.4,7.3,8.3,9.1,0.0
2026,9,19,18,58,18:58,203.2,7.3,8.5,9.5,0.0
2026,9,19,18,59,18:59,199.7,6.5,7.9,9.0,0.0
2026,9,19,19,1,19:01,205.9,6.8,8.5,10.1,0.0
2026,9,19,19,3,19:03,202.9,8.2,9.3,10.8,0.0
2026,9,19,19,4,19:04,201.0,7.5,9.0,10.1,0.0
2026,9,19,19,7,19:07,192.4,7.3,8.5,9.6,0.0
2026,9,19,19,8,19:08,196.7,7.3,9.1,10.0,0.0
2026,9,19,19,9,19:09,197.9,7.5,8.5,9.8,0.0
2026,9,19,19,11,19:11,202.5,6.9,8.3,9.3,0.0
2026,9,19,19,13,19:13,201.6,6.6,7.8,8.9,0.0
2026,9,19,19,14,19:14,196.0,6.8,8.0,9.4,0.0
2026,9,19,19,16,19:16,199.9,6.7,8.1,9.7,0.0
2026,9,19,19,18,19:18,199.7,6.6,7.6,8.7,0.0
2026,9,19,19,19,19:19,192.3,7.3,8.7,10.3,0.0
2026,9,19,19,21,19:21,199.7,7.1,8.4,9.8,0.0
2026,9,19,19,23,19:23,200.2,7.5,8.6,10.1,0.0
2026,9,19,19,24,19:24,207.8,7.0,8.1,9.4,0.0
2026,9,19,19,27,19:27,204.5,7.1,8.8,10.9,0.0
2026,9,19,19,28,19:28,203.0,6.8,8.5,10.2,0.0
2026,9,19,19,29,19:29,201.1,6.3,7.6,8.8,0.0
2026,9,19,19,32,19:32,201.1,6.7,8.1,9.2,0.0
2026,9,19,19,33,19:33,199.9,6.4,7.7,9.2,0.0
2026,9,19,19,34,19:34,201.9,6.8,7.8,9.1,0.0
2026,9,19,19,36,19:36,198.5,7.1,8.6,10.4,0.0
2026,9,19,19,38,19:38,202.2,7.3,9.0,11.7,0.0
2026,9,19,19,39,19:39,200.7,8.8,9.8,12.0,0.0
2026,9,19,19,41,19:41,201.0,8.2,9.7,11.2,0.0
2026,9,19,19,43,19:43,206.3,8.4,10.4,12.8,0.0
2026,9,19,19,44,19:44,203.5,8.7,10.3,12.3,0.0
2026,9,19,19,47,19:47,204.6,9.8,11.4,13.6,0.0
2026,9,19,19,48,19:48,205.8,9.1,10.8,13.1,0.0
2026,9,19,19,49,19:49,204.5,9.7,11.5,13.4,0.0
2026,9,19,19,52,19:51,196.8,8.8,10.8,12.2,0.0
2026,9,19,19,53,19:53,200.0,9.2,11.4,13.1,0.0
2026,9,19,19,54,19:54,205.2,9.3,11.1,13.8,0.0
2026,9,19,19,57,19:57,203.1,9.1,10.7,12.8,0.0
2026,9,19,19,58,19:58,202.5,9.0,10.5,11.9,0.0
2026,9,19,19,59,19:59,205.9,7.9,10.0,12.0,0.0
2026,9,19,20,2,20:01,198.0,8.7,9.8,11.2,0.0
2026,9,19,20,3,20:03,199.4,8.8,10.2,11.9,0.0
2026,9,19,20,4,20:04,203.7,8.1,9.8,11.5,0.0
2026,9,19,20,6,20:06,194.7,8.2,9.7,10.9,0.0
2026,9,19,20,8,20:08,198.0,7.7,8.5,10.1,0.0
2026,9,19,20,9,20:09,196.8,7.5,8.8,9.8,0.0
2026,9,19,20,11,20:11,197.8,7.8,9.5,11.5,0.0
2026,9,19,20,13,20:13,196.3,8.5,10.0,11.6,0.0
2026,9,19,20,14,20:14,198.1,8.7,10.8,12.9,0.0
2026,9,19,20,17,20:16,198.5,8.8,10.0,11.6,0.0
2026,9,19,20,18,20:18,201.2,7.7,9.1,11.0,0.0
2026,9,19,20,19,20:19,196.2,7.4,9.8,11.0,0.0
2026,9,19,20,21,20:21,198.5,7.7,9.7,11.4,0.0
2026,9,19,20,23,20:23,201.1,7.7,9.2,10.8,0.0
2026,9,19,20,24,20:24,202.3,8.8,10.2,11.6,0.0
2026,9,19,20,26,20:26,201.2,8.0,10.1,12.6,0.0
2026,9,19,20,28,20:28,198.0,9.2,11.1,13.1,0.0
2026,9,19,20,29,20:29,201.3,8.8,10.7,12.5,0.0
2026,9,19,20,31,20:31,199.9,8.8,11.1,13.8,0.0
2026,9,19,20,33,20:33,207.8,10.0,11.5,13.4,0.0
2026,9,19,20,34,20:34,206.1,8.7,10.7,12.8,0.0
2026,9,19,20,36,20:36,199.5,8.1,9.8,11.0,0.0
2026,9,19,20,38,20:38,202.0,7.4,9.9,11.4,0.0
2026,9,19,20,39,20:39,203.1,7.9,10.4,12.6,0.0
2026,9,19,20,42,20:42,202.1,7.9,9.7,10.9,0.0
2026,9,19,20,43,20:43,202.0,7.8,9.5,11.0,0.0
2026,9,19,20,44,20:44,199.6,8.5,9.9,12.3,0.0
2026,9,19,20,46,20:46,204.4,7.5,9.8,12.0,0.0
2026,9,19,20,48,20:48,194.1,8.4,9.8,11.5,0.0
2026,9,19,20,49,20:49,196.9,8.1,9.8,11.4,0.0
2026,9,19,20,51,20:51,201.4,7.7,9.8,11.7,0.0
2026,9,19,20,53,20:53,201.1,8.3,9.7,12.2,0.0
2026,9,19,20,54,20:54,204.2,7.5,9.5,11.0,0.0
2026,9,19,20,56,20:56,198.6,8.4,10.0,11.7,0.0
2026,9,19,20,58,20:58,198.8,7.9,9.5,10.9,0.0
2026,9,19,20,59,20:59,192.4,8.6,10.1,11.5,0.0
2026,9,19,21,2,21:02,195.1,8.0,9.8,11.0,0.0
2026,9,19,21,3,21:03,190.2,7.7,9.1,10.4,0.0
2026,9,19,21,4,21:04,195.4,8.3,9.5,10.7,0.0
2026,9,19,21,7,21:06,202.1,8.5,9.8,11.0,0.0
2026,9,19,21,8,21:08,200.5,7.5,9.3,10.7,0.0
2026,9,19,21,9,21:09,195.7,7.8,9.2,10.8,0.0
2026,9,19,21,11,21:11,197.8,7.1,8.8,10.2,0.0
2026,9,19,21,13,21:13,196.3,8.1,9.6,10.7,0.0
2026,9,19,21,14,21:14,201.3,7.7,9.3,11.4,0.0
2026,9,19,21,17,21:16,202.1,7.7,9.5,10.8,0.0
2026,9,19,21,18,21:18,199.2,8.0,9.3,10.8,0.0
2026,9,19,21,19,21:19,199.4,7.4,9.2,10.9,0.0
2026,9,19,21,22,21:22,202.8,8.1,9.3,11.4,0.0
2026,9,19,21,23,21:23,204.3,8.1,9.6,11.6,0.0
2026,9,19,21,24,21:24,201.6,7.1,9.8,11.4,0.0
2026,9,19,21,26,21:26,208.5,9.2,11.2,13.1,0.0
2026,9,19,21,28,21:28,197.5,8.8,10.7,12.8,0.0
2026,9,19,21,29,21:29,200.8,9.0,10.3,12.0,0.0
2026,9,19,21,32,21:31,193.6,8.4,11.5,14.2,0.0
2026,9,19,21,33,21:33,207.3,8.5,10.2,11.9,0.0
2026,9,19,21,34,21:34,200.7,7.3,9.4,10.9,0.0
2026,9,19,21,37,21:37,194.9,7.2,9.5,11.0,0.0
2026,9,19,21,38,21:38,201.1,9.5,10.4,11.5,0.0
2026,9,19,21,39,21:39,196.8,9.5,10.9,12.2,0.0
2026,9,19,21,42,21:41,195.4,9.1,10.3,12.5,0.0
2026,9,19,21,43,21:43,199.9,9.5,10.8,12.3,0.0
2026,9,19,21,44,21:44,200.3,8.1,9.8,11.5,0.0
2026,9,19,21,47,21:47,198.2,8.9,10.5,11.5,0.0
2026,9,19,21,48,21:48,199.0,8.8,9.8,10.9,0.0
2026,9,19,21,49,21:49,199.1,8.6,9.9,11.5,0.0
2026,9,19,21,52,21:52,194.6,8.2,9.7,11.0,0.0
2026,9,19,21,53,21:53,193.4,9.2,10.4,11.9,0.0
2026,9,19,21,54,21:54,195.1,9.1,10.3,11.7,0.0
2026,9,19,21,56,21:56,194.8,8.3,10.3,11.7,0.0
2026,9,19,21,58,21:58,197.5,7.7,9.3,10.9,0.0
2026,9,19,21,59,21:59,194.4,7.7,8.8,10.0,0.0
2026,9,19,22,1,22:01,196.5,7.7,9.8,11.2,0.0
2026,9,19,22,3,22:03,198.0,7.7,9.1,11.1,0.0
2026,9,19,22,4,22:04,200.1,6.5,8.8,11.1,0.0
2026,9,19,22,6,22:06,198.8,7.6,9.3,10.8,0.0
2026,9,19,22,8,22:08,191.9,6.5,7.6,8.7,0.0
2026,9,19,22,9,22:09,196.7,6.6,8.6,11.6,0.0
2026,9,19,22,12,22:11,191.9,8.5,10.9,12.5,0.0
2026,9,19,22,13,22:13,196.5,8.7,10.7,12.8,0.0
2026,9,19,22,14,22:14,202.8,8.2,10.7,11.6,0.0
2026,9,19,22,16,22:16,200.7,8.8,10.5,12.3,0.0
2026,9,19,22,18,22:18,200.0,9.2,10.8,12.6,0.0
2026,9,19,22,19,22:19,199.1,9.2,10.2,11.4,0.0
2026,9,19,22,21,22:21,195.0,7.8,9.5,10.8,0.0
2026,9,19,22,23,22:23,195.1,8.0,9.4,11.0,0.0
2026,9,19,22,24,22:24,207.3,8.3,9.9,12.3,0.0
2026,9,19,22,26,22:26,197.0,9.7,11.5,13.6,0.0
2026,9,19,22,28,22:28,199.1,8.8,10.1,11.6,0.0
2026,9,19,22,29,22:29,199.8,7.7,9.1,10.4,0.0
2026,9,19,22,31,22:31,200.2,7.2,8.9,10.1,0.0
2026,9,19,22,33,22:33,197.7,7.1,8.3,9.6,0.0
2026,9,19,22,34,22:34,196.1,7.5,8.2,9.3,0.0
2026,9,19,22,36,22:36,197.4,7.6,8.6,9.9,0.0
2026,9,19,22,38,22:38,197.6,6.8,8.1,9.1,0.0
2026,9,19,22,39,22:39,196.9,6.7,8.0,9.2,0.0
2026,9,19,22,42,22:41,196.8,7.0,8.4,9.5,0.0
2026,9,19,22,43,22:43,190.1,7.4,9.5,10.9,0.0
2026,9,19,22,44,22:44,197.3,8.8,10.2,12.5,0.0
2026,9,19,22,46,22:46,196.0,9.8,11.5,13.4,0.0
2026,9,19,22,48,22:48,195.8,8.3,9.8,11.6,0.0
2026,9,19,22,49,22:49,195.2,8.8,10.4,12.5,0.0
2026,9,19,22,51,22:51,196.5,9.1,10.8,12.9,0.0
2026,9,19,22,53,22:53,200.1,8.4,10.2,12.3,0.0
2026,9,19,22,54,22:54,190.3,9.7,11.5,12.8,0.0
2026,9,19,22,56,22:56,194.2,10.1,12.0,14.2,0.0
2026,9,19,22,58,22:58,199.0,9.6,11.7,14.6,0.0
2026,9,19,22,59,22:59,192.4,9.1,11.5,12.9,0.0
2026,9,19,23,1,23:01,191.1,9.1,11.4,13.3,0.0
2026,9,19,23,3,23:03,193.8,9.6,11.7,13.4,0.0
2026,9,19,23,4,23:04,193.2,9.4,11.6,13.6,0.0
2026,9,19,23,7,23:06,199.8,9.7,11.4,13.8,0.0
2026,9,19,23,8,23:08,190.1,9.4,11.6,13.4,0.0
2026,9,19,23,9,23:09,194.3,9.4,11.0,12.8,0.0
2026,9,19,23,11,23:11,196.9,9.9,11.9,13.8,0.0
2026,9,19,23,13,23:13,193.8,10.1,12.3,14.6,0.0
2026,9,19,23,14,23:14,199.6,10.2,12.3,14.2,0.0
2026,9,19,23,17,23:16,195.8,9.4,12.2,15.4,0.0
2026,9,19,23,18,23:18,198.9,10.2,12.6,16.2,0.0
2026,9,19,23,19,23:19,200.0,10.7,12.8,15.9,0.0
2026,9,19,23,21,23:21,195.0,9.1,11.6,14.8,0.0
2026,9,19,23,23,23:23,198.5,9.2,11.1,12.9,0.0
2026,9,19,23,24,23:24,194.6,10.0,11.5,13.3,0.0
2026,9,19,23,27,23:26,194.7,9.5,11.4,14.4,0.0
2026,9,19,23,28,23:28,200.3,9.4,11.1,12.8,0.0
2026,9,19,23,29,23:29,195.2,10.0,11.7,13.6,0.0
2026,9,19,23,32,23:31,193.3,8.4,10.4,12.3,0.0
2026,9,19,23,33,23:33,200.4,9.8,11.9,13.8,0.0
2026,9,19,23,34,23:34,201.6,9.9,11.6,13.4,0.0
2026,9,19,23,37,23:37,199.2,9.8,11.9,14.8,0.0
2026,9,19,23,38,23:38,201.7,9.9,12.3,14.4,0.0
2026,9,19,23,39,23:39,200.6,10.1,12.2,14.8,0.0
2026,9,19,23,41,23:41,203.7,9.6,11.4,13.6,0.0
2026,9,19,23,43,23:43,199.4,9.6,11.6,13.6,0.0
2026,9,19,23,44,23:44,194.8,9.1,11.5,13.4,0.0
2026,9,19,23,47,23:46,195.9,10.2,12.0,15.2,0.0
2026,9,19,23,48,23:48,198.8,9.8,12.3,14.2,0.0
2026,9,19,23,49,23:49,201.5,10.0,11.9,14.0,0.0
2026,9,19,23,52,23:51,201.1,9.2,11.4,13.8,0.0
2026,9,19,23,53,23:53,200.8,8.2,10.5,12.0,0.0
2026,9,19,23,54,23:54,200.5,7.7,9.7,11.5,0.0
2026,9,19,23,56,23:56,195.2,8.7,10.2,11.9,0.0
2026,9,19,23,58,23:58,198.7,8.6,10.4,11.7,0.0
2026,9,19,23,59,23:59,200.9,8.1,10.0,11.6,0.0
