# Helsinki Laru (dlarah.org Lauttasaari) 2026-10-06 Suomen aikaa — lähteen Laru_2026-279.txt sellaisenaan
# vuosi kk pv kirjoitus-h kirjoitus-min hh:mm suunta min ka max lämpötila (asemalla ei mittaria)
2026,10,6,0,1,00:01,211.6,9.0,11.9,14.4,0.0
2026,10,6,0,3,00:03,209.8,9.8,12.0,14.4,0.0
2026,10,6,0,4,00:04,210.8,9.1,11.2,13.6,0.0
2026,10,6,0,7,00:06,211.6,10.8,13.3,15.7,0.0
2026,10,6,0,8,00:08,211.0,8.6,10.8,13.3,0.0
2026,10,6,0,9,00:09,207.9,10.2,12.5,14.6,0.0
2026,10,6,0,12,00:11,213.5,10.3,13.1,15.2,0.0
2026,10,6,0,13,00:13,211.7,10.2,12.3,14.0,0.0
2026,10,6,0,14,00:14,211.3,9.8,12.2,15.2,0.0
2026,10,6,0,17,00:16,211.3,10.7,13.1,17.2,0.0
2026,10,6,0,18,00:18,214.6,8.7,12.0,15.9,0.0
2026,10,6,0,19,00:19,209.6,11.0,13.4,16.2,0.0
2026,10,6,0,21,00:21,210.0,10.0,13.6,15.9,0.0
2026,10,6,0,23,00:23,212.5,10.2,13.3,15.0,0.0
2026,10,6,0,24,00:24,211.5,9.8,11.9,14.2,0.0
2026,10,6,0,27,00:26,209.5,9.3,13.1,16.7,0.0
2026,10,6,0,28,00:28,207.3,9.2,11.9,14.6,0.0
2026,10,6,0,29,00:29,208.0,11.2,12.5,14.2,0.0
2026,10,6,0,31,00:31,210.7,10.8,12.9,16.2,0.0
2026,10,6,0,33,00:33,211.0,10.5,12.8,15.2,0.0
2026,10,6,0,34,00:34,213.0,11.1,13.8,15.9,0.0
2026,10,6,0,37,00:36,209.4,9.6,12.0,14.0,0.0
2026,10,6,0,38,00:37,212.8,10.1,12.8,15.7,0.0
2026,10,6,0,39,00:39,215.0,9.0,11.5,14.2,0.0
2026,10,6,0,41,00:41,212.7,10.2,12.6,14.8,0.0
2026,10,6,0,43,00:43,212.7,10.7,12.2,14.8,0.0
2026,10,6,0,44,00:44,213.5,9.0,11.2,13.6,0.0
2026,10,6,0,46,00:46,211.8,9.1,11.2,13.1,0.0
2026,10,6,0,48,00:48,217.5,8.9,10.8,13.1,0.0
2026,10,6,0,49,00:49,219.9,8.8,10.8,14.4,0.0
2026,10,6,0,51,00:51,210.6,9.2,11.9,15.9,0.0
2026,10,6,0,53,00:52,222.4,8.7,11.5,15.4,0.0
2026,10,6,0,54,00:54,218.3,9.8,12.0,14.2,0.0
2026,10,6,0,56,00:56,222.2,8.4,11.5,13.8,0.0
2026,10,6,0,58,00:58,216.7,9.4,12.2,14.6,0.0
2026,10,6,0,59,00:59,216.8,9.5,11.4,14.0,0.0
2026,10,6,1,1,01:01,217.6,9.8,12.8,17.5,0.0
2026,10,6,1,3,01:03,227.7,9.1,12.3,15.2,0.0
2026,10,6,1,4,01:04,222.3,8.4,11.4,14.2,0.0
2026,10,6,1,6,01:06,228.7,7.2,10.9,14.0,0.0
2026,10,6,1,8,01:08,222.0,9.7,12.3,15.4,0.0
2026,10,6,1,9,01:09,229.6,8.5,10.8,13.8,0.0
2026,10,6,1,11,01:11,221.1,9.2,12.2,15.4,0.0
2026,10,6,1,13,01:13,225.3,7.0,9.5,12.2,0.0
2026,10,6,1,14,01:14,225.5,7.0,9.4,12.5,0.0
2026,10,6,1,17,01:16,223.0,9.4,11.1,13.8,0.0
2026,10,6,1,18,01:18,227.2,6.0,8.9,11.7,0.0
2026,10,6,1,19,01:19,225.0,8.8,10.3,12.3,0.0
2026,10,6,1,22,01:21,224.2,8.0,10.4,14.4,0.0
2026,10,6,1,23,01:23,231.3,7.5,9.3,11.6,0.0
2026,10,6,1,24,01:24,221.7,8.1,10.2,14.8,0.0
2026,10,6,1,26,01:26,220.1,9.7,12.0,14.0,0.0
2026,10,6,1,28,01:28,225.1,9.6,12.6,17.5,0.0
2026,10,6,1,29,01:29,228.7,7.6,10.9,13.4,0.0
2026,10,6,1,32,01:31,226.2,9.2,12.5,15.0,0.0
2026,10,6,1,33,01:33,226.6,8.1,11.0,13.4,0.0
2026,10,6,1,34,01:34,223.0,8.0,9.7,11.7,0.0
2026,10,6,1,36,01:36,224.8,7.5,10.8,14.2,0.0
2026,10,6,1,38,01:38,225.0,9.1,11.7,14.6,0.0
2026,10,6,1,39,01:39,228.5,8.7,11.1,13.8,0.0
2026,10,6,1,41,01:41,224.8,7.6,9.9,11.9,0.0
2026,10,6,1,43,01:43,232.3,8.7,10.3,13.3,0.0
2026,10,6,1,44,01:44,223.3,9.8,12.5,14.8,0.0
2026,10,6,1,47,01:46,217.5,7.5,10.3,12.6,0.0
2026,10,6,1,48,01:48,220.8,8.5,12.6,16.9,0.0
2026,10,6,1,49,01:49,229.6,7.7,11.2,14.6,0.0
2026,10,6,1,52,01:51,222.8,10.0,13.1,16.7,0.0
2026,10,6,1,53,01:53,223.3,8.8,11.4,16.2,0.0
2026,10,6,1,54,01:54,224.4,9.0,11.4,14.4,0.0
2026,10,6,1,57,01:56,224.1,8.0,11.0,14.4,0.0
2026,10,6,1,58,01:58,225.1,6.2,9.8,12.2,0.0
2026,10,6,1,59,01:59,226.2,7.3,9.2,11.5,0.0
2026,10,6,2,1,02:01,225.9,8.5,11.0,13.1,0.0
2026,10,6,2,3,02:03,221.5,8.6,11.0,14.8,0.0
2026,10,6,2,4,02:04,228.2,7.4,10.3,13.1,0.0
2026,10,6,2,6,02:06,225.5,8.9,10.2,12.3,0.0
2026,10,6,2,8,02:08,231.9,7.6,9.9,12.0,0.0
2026,10,6,2,9,02:09,222.8,7.8,10.8,13.1,0.0
2026,10,6,2,11,02:11,228.2,8.5,11.1,13.3,0.0
2026,10,6,2,13,02:13,226.0,7.7,10.1,13.3,0.0
2026,10,6,2,14,02:14,228.1,7.4,10.4,13.1,0.0
2026,10,6,2,16,02:16,220.8,9.4,11.6,15.0,0.0
2026,10,6,2,18,02:18,218.5,8.8,11.4,14.2,0.0
2026,10,6,2,19,02:19,219.8,7.8,10.4,14.4,0.0
2026,10,6,2,21,02:21,222.7,7.4,8.9,11.4,0.0
2026,10,6,2,23,02:23,226.7,8.0,9.8,11.7,0.0
2026,10,6,2,24,02:24,214.5,8.8,10.1,13.1,0.0
2026,10,6,2,27,02:26,223.0,7.8,9.5,11.2,0.0
2026,10,6,2,28,02:28,226.5,7.7,9.9,11.7,0.0
2026,10,6,2,29,02:29,222.9,7.5,9.2,11.9,0.0
2026,10,6,2,31,02:31,222.9,6.9,9.1,11.5,0.0
2026,10,6,2,33,02:33,219.6,9.4,11.5,13.4,0.0
2026,10,6,2,34,02:34,215.7,7.5,10.1,11.9,0.0
2026,10,6,2,36,02:36,216.1,8.1,9.8,11.6,0.0
2026,10,6,2,38,02:38,218.3,7.4,9.7,11.4,0.0
2026,10,6,2,39,02:39,220.0,8.3,10.7,12.9,0.0
2026,10,6,2,41,02:41,219.7,7.4,9.8,12.2,0.0
2026,10,6,2,43,02:43,224.5,8.4,10.3,12.5,0.0
2026,10,6,2,44,02:44,222.8,8.3,10.5,14.6,0.0
2026,10,6,2,46,02:46,217.3,9.1,10.5,12.0,0.0
2026,10,6,2,48,02:48,222.6,7.0,10.7,14.6,0.0
2026,10,6,2,49,02:49,217.7,7.5,10.0,12.3,0.0
2026,10,6,2,51,02:51,221.6,7.5,9.3,12.8,0.0
2026,10,6,2,53,02:53,223.5,7.5,9.9,12.6,0.0
2026,10,6,2,54,02:54,221.3,8.0,9.7,11.9,0.0
2026,10,6,2,57,02:56,224.3,8.3,10.5,12.2,0.0
2026,10,6,2,58,02:58,223.1,8.2,9.8,13.1,0.0
2026,10,6,2,59,02:59,219.3,7.2,9.0,11.0,0.0
2026,10,6,3,2,03:01,219.5,8.4,9.9,12.0,0.0
2026,10,6,3,3,03:03,229.8,6.5,9.6,12.6,0.0
2026,10,6,3,4,03:04,218.7,6.9,9.6,12.8,0.0
2026,10,6,3,6,03:06,218.2,7.9,9.4,11.9,0.0
2026,10,6,3,8,03:08,223.7,7.7,9.8,12.0,0.0
2026,10,6,3,9,03:09,218.9,8.5,9.8,11.9,0.0
2026,10,6,3,11,03:11,219.7,6.9,9.1,11.2,0.0
2026,10,6,3,13,03:13,219.8,6.9,9.0,10.7,0.0
2026,10,6,3,14,03:14,219.7,7.5,9.1,10.5,0.0
2026,10,6,3,17,03:16,221.6,7.8,9.6,12.2,0.0
2026,10,6,3,18,03:18,221.9,6.1,8.6,10.0,0.0
2026,10,6,3,19,03:19,222.9,6.6,9.1,11.1,0.0
2026,10,6,3,21,03:21,219.9,8.5,9.8,12.5,0.0
2026,10,6,3,23,03:23,218.3,7.5,8.8,10.2,0.0
2026,10,6,3,24,03:24,221.5,7.2,8.9,10.3,0.0
2026,10,6,3,26,03:26,223.6,7.0,9.4,11.1,0.0
2026,10,6,3,28,03:28,216.7,8.2,9.8,11.5,0.0
2026,10,6,3,29,03:29,218.7,6.1,8.7,12.2,0.0
2026,10,6,3,32,03:31,221.9,5.4,7.9,9.7,0.0
2026,10,6,3,33,03:33,231.4,5.6,7.7,10.1,0.0
2026,10,6,3,34,03:34,226.6,6.9,8.9,10.9,0.0
2026,10,6,3,37,03:36,223.1,7.0,8.4,11.0,0.0
2026,10,6,3,38,03:38,229.0,7.7,9.7,11.6,0.0
2026,10,6,3,39,03:39,232.2,7.0,9.9,12.9,0.0
2026,10,6,3,41,03:41,223.8,6.7,9.2,11.1,0.0
2026,10,6,3,43,03:43,225.9,6.2,8.2,10.2,0.0
2026,10,6,3,44,03:44,220.3,6.8,8.9,11.9,0.0
2026,10,6,3,47,03:46,225.4,7.2,8.5,9.9,0.0
2026,10,6,3,48,03:48,220.6,7.4,9.0,11.1,0.0
2026,10,6,3,49,03:49,223.5,8.4,9.7,11.2,0.0
2026,10,6,3,51,03:51,226.8,5.9,7.5,9.1,0.0
2026,10,6,3,53,03:53,230.2,5.2,8.1,10.4,0.0
2026,10,6,3,54,03:54,231.3,5.0,8.5,11.2,0.0
2026,10,6,3,56,03:56,225.7,4.9,7.6,10.7,0.0
2026,10,6,3,58,03:58,226.9,7.7,9.7,11.6,0.0
2026,10,6,3,59,03:59,228.5,7.2,8.5,10.7,0.0
2026,10,6,4,1,04:01,226.9,7.7,9.6,11.9,0.0
2026,10,6,4,3,04:03,219.1,5.1,7.6,9.2,0.0
2026,10,6,4,4,04:04,221.4,4.2,7.9,10.8,0.0
2026,10,6,4,6,04:06,228.3,5.8,7.6,9.8,0.0
2026,10,6,4,8,04:08,222.2,6.3,8.7,11.5,0.0
2026,10,6,4,9,04:09,227.5,6.5,8.0,9.7,0.0
2026,10,6,4,11,04:11,224.2,7.5,9.2,10.8,0.0
2026,10,6,4,13,04:13,221.6,6.2,8.2,9.7,0.0
2026,10,6,4,14,04:14,223.6,6.4,8.6,10.8,0.0
2026,10,6,4,16,04:16,225.1,6.0,8.3,9.8,0.0
2026,10,6,4,18,04:18,222.6,6.3,7.8,9.3,0.0
2026,10,6,4,19,04:19,223.4,6.5,8.0,9.7,0.0
2026,10,6,4,21,04:21,224.8,6.2,8.8,10.4,0.0
2026,10,6,4,23,04:23,227.1,6.2,8.0,9.3,0.0
2026,10,6,4,24,04:24,225.2,6.2,7.2,9.3,0.0
2026,10,6,4,27,04:26,223.1,6.5,7.7,9.8,0.0
2026,10,6,4,28,04:28,228.2,6.8,8.5,11.0,0.0
2026,10,6,4,29,04:29,223.1,6.9,8.3,10.0,0.0
2026,10,6,4,32,04:31,223.9,5.5,7.9,9.7,0.0
2026,10,6,4,33,04:33,224.4,5.8,8.1,12.0,0.0
2026,10,6,4,34,04:34,224.8,5.6,8.8,12.5,0.0
2026,10,6,4,36,04:36,228.9,6.1,8.1,9.4,0.0
2026,10,6,4,38,04:38,237.2,5.4,6.6,8.1,0.0
2026,10,6,4,39,04:38,237.2,5.4,6.6,8.1,0.0
2026,10,6,4,42,04:41,232.7,5.8,7.2,8.8,0.0
2026,10,6,4,43,04:43,229.8,5.5,7.1,8.8,0.0
2026,10,6,4,44,04:44,227.9,4.6,6.4,8.5,0.0
2026,10,6,4,46,04:46,224.3,6.2,9.0,11.7,0.0
2026,10,6,4,48,04:48,230.7,5.2,6.5,8.2,0.0
2026,10,6,4,49,04:49,236.1,4.2,6.4,8.5,0.0
2026,10,6,4,52,04:51,236.5,3.3,6.8,8.8,0.0
2026,10,6,4,53,04:53,224.0,5.4,7.2,9.2,0.0
2026,10,6,4,54,04:54,230.8,6.1,7.7,9.0,0.0
2026,10,6,4,57,04:56,235.4,4.7,5.7,7.2,0.0
2026,10,6,4,58,04:58,226.0,5.9,7.6,10.3,0.0
2026,10,6,4,59,04:59,234.9,4.7,6.3,8.4,0.0
2026,10,6,5,1,05:01,233.6,3.7,5.8,8.0,0.0
2026,10,6,5,3,05:03,227.7,4.6,6.1,7.7,0.0
2026,10,6,5,4,05:04,225.6,2.8,5.6,7.1,0.0
2026,10,6,5,6,05:06,227.3,5.1,6.7,8.0,0.0
2026,10,6,5,8,05:08,228.8,4.5,6.8,9.3,0.0
2026,10,6,5,9,05:09,226.8,4.8,6.3,7.5,0.0
2026,10,6,5,12,05:11,224.5,6.1,7.5,9.8,0.0
2026,10,6,5,13,05:13,230.4,4.7,6.7,9.5,0.0
2026,10,6,5,14,05:14,230.8,5.6,6.9,8.5,0.0
2026,10,6,5,16,05:16,227.9,5.2,7.2,8.8,0.0
2026,10,6,5,18,05:18,233.6,4.9,6.7,8.8,0.0
2026,10,6,5,19,05:19,230.9,5.7,8.0,11.0,0.0
2026,10,6,5,21,05:21,235.4,5.3,7.4,9.5,0.0
2026,10,6,5,23,05:23,234.2,5.1,7.3,9.8,0.0
2026,10,6,5,24,05:24,227.8,5.0,7.7,10.5,0.0
2026,10,6,5,27,05:26,240.4,4.4,6.5,8.1,0.0
2026,10,6,5,28,05:28,224.8,5.2,6.3,7.6,0.0
2026,10,6,5,30,05:29,232.0,4.9,6.8,8.8,0.0
2026,10,6,5,32,05:31,231.9,5.9,7.3,8.8,0.0
2026,10,6,5,33,05:33,227.2,4.9,6.6,8.0,0.0
2026,10,6,5,34,05:34,233.8,4.8,6.5,7.7,0.0
2026,10,6,5,37,05:36,230.4,4.8,6.7,8.3,0.0
2026,10,6,5,38,05:38,230.3,5.6,7.1,8.7,0.0
2026,10,6,5,39,05:39,226.2,5.1,7.0,8.4,0.0
2026,10,6,5,41,05:41,232.6,4.6,5.8,7.4,0.0
2026,10,6,5,43,05:43,231.2,3.9,6.5,8.0,0.0
2026,10,6,5,44,05:44,229.9,5.5,7.1,9.4,0.0
2026,10,6,5,46,05:46,227.2,5.3,7.0,8.1,0.0
2026,10,6,5,48,05:48,232.8,5.6,7.5,9.9,0.0
2026,10,6,5,49,05:49,233.6,4.6,6.1,8.2,0.0
2026,10,6,5,51,05:51,230.5,5.3,7.0,8.4,0.0
2026,10,6,5,53,05:53,236.4,5.0,5.8,7.4,0.0
2026,10,6,5,54,05:54,230.5,4.3,6.2,8.1,0.0
2026,10,6,5,56,05:56,232.2,5.9,7.9,10.3,0.0
2026,10,6,5,58,05:58,237.1,4.1,6.2,8.6,0.0
2026,10,6,5,59,05:59,238.1,5.4,7.4,10.2,0.0
2026,10,6,6,1,06:01,233.3,5.7,6.8,8.3,0.0
2026,10,6,6,3,06:03,236.4,4.3,5.6,7.0,0.0
2026,10,6,6,4,06:04,231.5,4.4,5.7,6.8,0.0
2026,10,6,6,7,06:06,238.9,4.3,5.7,7.4,0.0
2026,10,6,6,8,06:08,238.8,4.8,6.3,7.7,0.0
2026,10,6,6,9,06:09,243.2,5.0,6.8,8.4,0.0
2026,10,6,6,11,06:11,235.1,3.7,6.5,8.3,0.0
2026,10,6,6,13,06:13,237.4,3.6,5.6,7.5,0.0
2026,10,6,6,14,06:14,238.0,3.7,6.0,7.6,0.0
2026,10,6,6,16,06:16,241.7,4.2,5.6,8.0,0.0
2026,10,6,6,18,06:18,228.7,4.3,5.8,7.3,0.0
2026,10,6,6,19,06:19,238.9,4.0,5.6,7.2,0.0
2026,10,6,6,21,06:21,241.1,3.7,5.7,7.5,0.0
2026,10,6,6,23,06:23,239.9,3.6,6.1,8.5,0.0
2026,10,6,6,24,06:24,245.1,3.8,5.6,7.3,0.0
2026,10,6,6,26,06:26,236.7,4.9,7.0,9.0,0.0
2026,10,6,6,28,06:28,239.9,3.6,5.4,7.1,0.0
2026,10,6,6,29,06:29,243.7,4.7,6.1,7.6,0.0
2026,10,6,6,31,06:31,243.8,2.9,4.5,6.2,0.0
2026,10,6,6,33,06:33,240.9,4.4,6.1,8.5,0.0
2026,10,6,6,34,06:34,233.0,3.1,5.5,7.7,0.0
2026,10,6,6,37,06:36,251.5,3.4,5.1,7.5,0.0
2026,10,6,6,38,06:38,245.4,4.3,5.7,7.3,0.0
2026,10,6,6,39,06:39,244.3,4.6,7.1,9.8,0.0
2026,10,6,6,42,06:41,253.1,4.8,6.4,8.3,0.0
2026,10,6,6,43,06:43,236.0,3.2,5.1,7.0,0.0
2026,10,6,6,44,06:44,240.5,2.7,5.1,7.4,0.0
2026,10,6,6,47,06:46,239.7,4.8,6.1,9.5,0.0
2026,10,6,6,48,06:48,236.4,3.2,5.2,7.5,0.0
2026,10,6,6,49,06:49,248.9,4.1,5.7,7.6,0.0
2026,10,6,6,52,06:51,250.4,4.3,6.7,8.5,0.0
2026,10,6,6,53,06:53,242.4,4.4,6.2,7.8,0.0
2026,10,6,6,54,06:54,243.6,3.2,5.8,7.8,0.0
2026,10,6,6,56,06:56,240.0,3.5,5.8,7.2,0.0
2026,10,6,6,58,06:58,237.9,4.2,6.8,8.7,0.0
2026,10,6,6,59,06:59,239.8,3.4,5.6,8.0,0.0
2026,10,6,7,1,07:01,245.8,4.2,6.2,8.8,0.0
2026,10,6,7,3,07:03,240.1,4.2,5.8,7.1,0.0
2026,10,6,7,4,07:04,237.9,4.1,5.8,7.4,0.0
2026,10,6,7,6,07:06,239.7,4.2,6.3,8.2,0.0
2026,10,6,7,8,07:08,249.5,4.6,7.2,10.4,0.0
2026,10,6,7,9,07:09,245.2,4.1,7.1,9.7,0.0
2026,10,6,7,11,07:11,240.1,4.0,6.5,9.0,0.0
2026,10,6,7,13,07:13,249.8,4.7,6.8,8.5,0.0
2026,10,6,7,14,07:14,242.7,4.5,5.9,7.5,0.0
2026,10,6,7,16,07:16,245.4,4.4,5.9,7.1,0.0
2026,10,6,7,18,07:18,254.9,2.9,5.1,7.1,0.0
2026,10,6,7,19,07:19,237.5,2.3,4.6,7.7,0.0
2026,10,6,7,21,07:21,248.8,4.1,5.9,8.0,0.0
2026,10,6,7,23,07:23,242.7,3.4,5.8,7.5,0.0
2026,10,6,7,24,07:24,236.6,4.5,7.5,11.2,0.0
2026,10,6,7,27,07:26,255.7,2.8,5.5,8.1,0.0
2026,10,6,7,28,07:28,243.7,3.9,5.6,7.4,0.0
2026,10,6,7,29,07:29,244.0,4.0,6.2,8.2,0.0
2026,10,6,7,31,07:31,238.1,3.7,5.1,6.7,0.0
2026,10,6,7,33,07:33,239.6,5.2,6.8,8.7,0.0
2026,10,6,7,34,07:34,246.3,4.2,6.1,8.3,0.0
2026,10,6,7,37,07:36,257.1,2.6,4.9,8.1,0.0
2026,10,6,7,38,07:38,239.6,4.7,6.1,7.4,0.0
2026,10,6,7,39,07:39,249.3,3.0,4.6,7.1,0.0
2026,10,6,7,41,07:41,247.5,3.0,6.4,9.4,0.0
2026,10,6,7,43,07:43,244.3,4.5,5.6,7.1,0.0
2026,10,6,7,44,07:44,256.0,3.9,5.5,7.4,0.0
2026,10,6,7,47,07:46,261.9,3.9,6.1,8.4,0.0
2026,10,6,7,48,07:48,249.7,3.2,4.8,6.6,0.0
2026,10,6,7,49,07:49,257.1,3.9,6.8,10.0,0.0
2026,10,6,7,51,07:51,251.3,3.1,5.0,7.7,0.0
2026,10,6,7,53,07:53,259.4,2.9,5.9,8.6,0.0
2026,10,6,7,54,07:54,262.3,3.0,5.3,7.7,0.0
2026,10,6,7,56,07:56,254.0,2.6,5.9,9.5,0.0
2026,10,6,7,58,07:58,251.8,3.9,5.2,7.9,0.0
2026,10,6,7,59,07:59,254.1,3.1,5.5,7.2,0.0
2026,10,6,8,1,08:01,247.7,2.9,4.4,5.8,0.0
2026,10,6,8,3,08:03,246.5,3.5,5.1,7.1,0.0
2026,10,6,8,4,08:04,248.8,3.8,5.8,7.7,0.0
2026,10,6,8,6,08:06,257.2,3.4,4.9,7.3,0.0
2026,10,6,8,8,08:08,255.7,3.2,4.8,7.5,0.0
2026,10,6,8,9,08:09,253.1,2.8,5.2,6.8,0.0
2026,10,6,8,11,08:11,259.1,3.2,4.6,6.6,0.0
2026,10,6,8,13,08:13,252.9,3.1,4.5,6.4,0.0
2026,10,6,8,14,08:14,246.0,3.4,4.6,7.3,0.0
2026,10,6,8,16,08:16,258.3,3.0,4.8,7.3,0.0
2026,10,6,8,18,08:18,259.6,3.5,4.8,6.0,0.0
2026,10,6,8,19,08:19,258.4,3.5,5.2,7.7,0.0
2026,10,6,8,21,08:21,249.8,3.3,4.9,6.3,0.0
2026,10,6,8,23,08:23,252.4,2.6,5.2,7.9,0.0
2026,10,6,8,24,08:24,255.8,3.0,5.1,6.5,0.0
2026,10,6,8,26,08:26,256.2,2.9,5.7,8.0,0.0
2026,10,6,8,28,08:28,262.6,2.9,5.1,6.5,0.0
2026,10,6,8,29,08:29,249.0,3.5,4.5,6.3,0.0
2026,10,6,8,31,08:31,249.6,2.7,4.7,6.5,0.0
2026,10,6,8,33,08:33,245.3,2.8,4.0,5.6,0.0
2026,10,6,8,34,08:34,256.9,2.7,3.8,5.5,0.0
2026,10,6,8,37,08:36,243.7,2.8,4.2,5.8,0.0
2026,10,6,8,38,08:38,244.9,2.6,4.5,5.8,0.0
2026,10,6,8,39,08:39,253.6,2.9,4.7,8.3,0.0
2026,10,6,8,41,08:41,249.2,2.5,3.7,4.9,0.0
2026,10,6,8,43,08:43,261.3,3.1,4.5,5.6,0.0
2026,10,6,8,44,08:44,254.7,2.6,4.6,6.3,0.0
2026,10,6,8,46,08:46,247.0,2.4,4.5,6.2,0.0
2026,10,6,8,48,08:48,247.7,3.0,4.3,5.9,0.0
2026,10,6,8,49,08:49,260.4,2.9,4.8,6.1,0.0
2026,10,6,8,51,08:51,260.1,1.6,4.4,6.5,0.0
2026,10,6,8,53,08:53,258.2,2.9,5.1,7.0,0.0
2026,10,6,8,54,08:54,251.8,3.2,5.2,7.5,0.0
2026,10,6,8,56,08:56,264.1,4.7,5.7,7.3,0.0
2026,10,6,8,58,08:58,245.6,3.2,4.3,5.8,0.0
2026,10,6,8,59,08:59,255.4,2.3,4.7,6.7,0.0
2026,10,6,9,1,09:01,263.2,2.8,4.2,5.7,0.0
2026,10,6,9,3,09:03,245.9,2.6,4.2,7.3,0.0
2026,10,6,9,4,09:04,259.4,3.5,4.9,7.3,0.0
2026,10,6,9,7,09:06,262.1,4.3,6.2,9.2,0.0
2026,10,6,9,8,09:08,259.4,3.6,4.6,6.7,0.0
2026,10,6,9,9,09:09,262.2,2.2,3.9,5.8,0.0
2026,10,6,9,11,09:11,258.2,3.8,5.7,7.7,0.0
2026,10,6,9,13,09:13,251.2,0.8,3.8,5.8,0.0
2026,10,6,9,14,09:14,252.9,3.3,6.5,9.5,0.0
2026,10,6,9,17,09:16,265.4,5.0,6.1,7.3,0.0
2026,10,6,9,18,09:18,264.7,4.1,5.7,8.3,0.0
2026,10,6,9,19,09:19,264.3,4.1,5.8,8.5,0.0
2026,10,6,9,21,09:21,262.8,3.0,5.7,8.1,0.0
2026,10,6,9,23,09:23,262.4,3.4,5.2,8.5,0.0
2026,10,6,9,24,09:24,262.4,3.9,5.7,7.7,0.0
2026,10,6,9,26,09:26,266.3,2.7,4.6,6.3,0.0
2026,10,6,9,28,09:28,267.6,3.9,6.1,9.1,0.0
2026,10,6,9,29,09:29,263.6,3.9,5.2,7.4,0.0
2026,10,6,9,32,09:31,267.9,3.7,5.3,7.7,0.0
2026,10,6,9,33,09:33,260.7,3.6,4.9,6.8,0.0
2026,10,6,9,34,09:34,272.7,4.3,5.9,6.9,0.0
2026,10,6,9,36,09:36,271.1,5.2,6.6,8.2,0.0
2026,10,6,9,38,09:38,257.9,4.7,6.5,9.0,0.0
2026,10,6,9,39,09:39,263.2,2.7,6.1,8.0,0.0
2026,10,6,9,41,09:41,264.5,4.8,6.5,8.0,0.0
2026,10,6,9,43,09:43,261.4,4.1,5.8,8.6,0.0
2026,10,6,9,44,09:44,256.7,3.7,5.4,6.8,0.0
2026,10,6,9,47,09:46,260.4,4.6,5.9,7.6,0.0
2026,10,6,9,48,09:48,260.8,4.0,6.0,8.9,0.0
2026,10,6,9,49,09:49,261.9,5.7,7.1,8.8,0.0
2026,10,6,9,51,09:51,264.9,3.7,5.9,8.7,0.0
2026,10,6,9,53,09:53,266.5,3.2,5.0,7.2,0.0
2026,10,6,9,54,09:54,260.2,2.1,5.9,8.5,0.0
2026,10,6,9,56,09:56,269.1,4.7,7.3,9.4,0.0
2026,10,6,9,58,09:58,264.3,5.2,6.3,7.4,0.0
2026,10,6,9,59,09:59,266.6,4.2,5.8,8.3,0.0
2026,10,6,10,1,10:01,270.2,3.9,6.2,8.5,0.0
2026,10,6,10,3,10:03,260.5,3.8,5.1,6.2,0.0
2026,10,6,10,4,10:04,256.0,2.2,4.3,6.0,0.0
2026,10,6,10,6,10:06,264.8,3.8,6.5,9.1,0.0
2026,10,6,10,8,10:08,262.1,4.4,7.3,11.1,0.0
2026,10,6,10,9,10:09,265.2,4.5,7.5,11.4,0.0
2026,10,6,10,11,10:11,266.0,5.6,9.5,11.6,0.0
2026,10,6,10,13,10:13,277.4,5.5,6.9,8.8,0.0
2026,10,6,10,14,10:14,267.7,5.4,7.3,9.9,0.0
2026,10,6,10,16,10:16,255.6,3.6,5.6,7.8,0.0
2026,10,6,10,18,10:18,253.8,5.4,7.0,8.9,0.0
2026,10,6,10,19,10:19,267.3,4.6,6.3,8.1,0.0
2026,10,6,10,21,10:21,274.9,5.3,6.4,7.9,0.0
2026,10,6,10,23,10:23,272.1,4.9,7.8,10.5,0.0
2026,10,6,10,24,10:24,270.0,4.6,7.0,10.8,0.0
2026,10,6,10,27,10:26,263.1,4.3,5.5,6.4,0.0
2026,10,6,10,28,10:28,263.4,4.3,6.3,8.4,0.0
2026,10,6,10,29,10:29,257.7,3.9,8.0,11.2,0.0
2026,10,6,10,32,10:31,271.5,5.1,6.8,8.3,0.0
2026,10,6,10,33,10:33,268.7,4.4,5.6,7.5,0.0
2026,10,6,10,34,10:34,266.4,2.5,4.5,6.6,0.0
2026,10,6,10,36,10:36,261.9,4.3,5.6,7.3,0.0
2026,10,6,10,38,10:38,260.8,3.9,5.8,7.8,0.0
2026,10,6,10,39,10:39,262.3,4.3,6.5,9.1,0.0
2026,10,6,10,41,10:41,257.6,4.3,6.3,7.7,0.0
2026,10,6,10,43,10:43,260.5,4.4,7.2,10.4,0.0
2026,10,6,10,44,10:44,270.3,5.2,8.4,10.8,0.0
2026,10,6,10,47,10:46,269.6,4.6,6.6,9.2,0.0
2026,10,6,10,48,10:48,255.6,5.2,7.1,9.0,0.0
2026,10,6,10,49,10:49,257.2,6.0,8.0,10.0,0.0
2026,10,6,10,52,10:51,272.2,5.0,8.1,10.1,0.0
2026,10,6,10,53,10:53,256.9,3.8,6.6,9.1,0.0
2026,10,6,10,54,10:54,266.4,3.9,5.1,7.2,0.0
2026,10,6,10,56,10:56,254.2,3.5,4.7,5.9,0.0
2026,10,6,10,58,10:58,265.5,6.3,8.5,10.9,0.0
2026,10,6,10,59,10:59,264.5,5.3,7.3,9.7,0.0
2026,10,6,11,1,11:01,262.1,5.2,7.7,10.5,0.0
2026,10,6,11,3,11:03,266.8,4.1,6.6,9.1,0.0
2026,10,6,11,4,11:04,261.6,4.6,6.5,8.4,0.0
2026,10,6,11,7,11:06,264.6,5.9,7.6,11.1,0.0
2026,10,6,11,8,11:08,262.6,4.6,5.7,9.6,0.0
2026,10,6,11,9,11:09,263.3,4.5,7.2,10.3,0.0
2026,10,6,11,12,11:11,262.3,3.9,6.8,9.1,0.0
2026,10,6,11,13,11:13,266.2,6.0,7.8,11.4,0.0
2026,10,6,11,14,11:14,258.2,4.2,6.6,8.5,0.0
2026,10,6,11,17,11:16,255.0,4.9,8.5,12.8,0.0
2026,10,6,11,18,11:18,262.8,4.1,7.3,11.5,0.0
2026,10,6,11,19,11:19,267.5,5.2,6.9,9.0,0.0
2026,10,6,11,21,11:21,266.0,5.9,8.0,9.9,0.0
2026,10,6,11,23,11:23,271.2,5.0,7.9,10.9,0.0
2026,10,6,11,24,11:24,269.0,4.0,5.8,7.8,0.0
2026,10,6,11,27,11:26,263.3,5.8,7.8,11.5,0.0
2026,10,6,11,28,11:28,273.1,6.3,7.8,10.5,0.0
2026,10,6,11,29,11:29,280.4,4.2,6.2,8.8,0.0
2026,10,6,11,32,11:31,270.2,4.2,5.8,8.0,0.0
2026,10,6,11,33,11:33,250.2,5.1,9.1,14.0,0.0
2026,10,6,11,34,11:34,271.8,4.7,6.9,11.1,0.0
2026,10,6,11,36,11:35,268.4,7.1,8.9,11.4,0.0
2026,10,6,11,38,11:38,267.1,6.7,9.8,13.1,0.0
2026,10,6,11,39,11:39,263.2,4.1,7.1,9.4,0.0
2026,10,6,11,41,11:41,271.1,5.0,7.0,9.5,0.0
2026,10,6,11,43,11:43,256.5,3.3,8.9,11.5,0.0
2026,10,6,11,44,11:44,267.3,6.5,9.3,12.6,0.0
2026,10,6,11,46,11:46,264.0,5.2,8.2,10.5,0.0
2026,10,6,11,48,11:48,264.5,5.8,7.1,9.1,0.0
2026,10,6,11,49,11:49,272.6,4.4,6.9,9.1,0.0
2026,10,6,11,51,11:51,269.9,5.4,8.2,14.8,0.0
2026,10,6,11,53,11:53,275.7,5.1,7.0,10.1,0.0
2026,10,6,11,54,11:54,272.4,6.2,8.7,10.8,0.0
2026,10,6,11,56,11:56,278.5,5.9,8.1,10.1,0.0
2026,10,6,11,58,11:58,256.1,5.4,7.5,10.5,0.0
2026,10,6,11,59,11:59,270.0,3.3,7.1,11.6,0.0
2026,10,6,12,1,12:01,259.6,3.9,6.8,11.9,0.0
2026,10,6,12,3,12:03,268.1,4.3,7.2,12.2,0.0
2026,10,6,12,4,12:04,274.8,5.9,9.1,10.7,0.0
2026,10,6,12,6,12:06,264.0,5.6,8.3,11.7,0.0
2026,10,6,12,8,12:07,257.4,5.9,8.9,11.2,0.0
2026,10,6,12,9,12:09,271.4,5.5,7.2,9.4,0.0
2026,10,6,12,11,12:10,261.3,5.8,7.4,8.9,0.0
2026,10,6,12,13,12:12,266.4,5.6,8.1,11.5,0.0
2026,10,6,12,14,12:14,264.7,3.8,7.5,10.7,0.0
2026,10,6,12,16,12:16,256.7,4.8,7.5,10.1,0.0
2026,10,6,12,18,12:17,277.1,4.2,6.7,10.0,0.0
2026,10,6,12,19,12:18,261.4,2.7,5.6,7.8,0.0
2026,10,6,12,21,12:20,267.5,4.9,7.1,9.8,0.0
2026,10,6,12,23,12:22,275.3,4.3,7.2,9.5,0.0
2026,10,6,12,24,12:24,267.7,4.5,5.7,7.3,0.0
2026,10,6,12,27,12:26,273.5,5.4,8.0,10.8,0.0
2026,10,6,12,28,12:27,268.4,3.2,5.3,8.2,0.0
2026,10,6,12,29,12:28,238.6,3.3,6.0,12.5,0.0
2026,10,6,12,31,12:31,261.8,4.2,8.5,14.0,0.0
2026,10,6,12,33,12:32,257.1,7.5,10.4,14.2,0.0
2026,10,6,12,34,12:33,270.0,6.5,9.8,14.8,0.0
2026,10,6,12,36,12:36,267.9,5.3,8.4,13.6,0.0
2026,10,6,12,38,12:37,262.1,5.0,8.3,12.0,0.0
2026,10,6,12,39,12:38,262.4,4.7,7.0,9.8,0.0
2026,10,6,12,41,12:41,278.7,3.9,5.7,8.3,0.0
2026,10,6,12,43,12:42,273.8,4.3,6.4,8.7,0.0
2026,10,6,12,44,12:43,270.2,5.6,8.1,10.3,0.0
2026,10,6,12,46,12:46,264.8,4.2,6.3,8.5,0.0
2026,10,6,12,48,12:47,278.0,5.4,6.8,8.4,0.0
2026,10,6,12,49,12:48,285.2,4.9,6.2,8.2,0.0
2026,10,6,12,51,12:50,272.5,5.9,8.1,10.7,0.0
2026,10,6,12,53,12:52,276.0,5.0,6.6,9.1,0.0
2026,10,6,12,54,12:53,270.0,3.3,6.9,9.5,0.0
2026,10,6,12,57,12:56,270.2,5.4,7.1,9.1,0.0
2026,10,6,12,58,12:57,257.4,4.8,7.6,9.8,0.0
2026,10,6,12,59,12:58,263.4,6.4,8.6,10.7,0.0
2026,10,6,13,1,13:00,267.7,6.5,8.6,10.9,0.0
2026,10,6,13,3,13:02,260.6,5.5,8.6,12.2,0.0
2026,10,6,13,4,13:03,258.8,6.5,9.4,12.9,0.0
2026,10,6,13,6,13:05,263.1,4.6,8.1,11.5,0.0
2026,10,6,13,8,13:07,270.1,5.8,7.5,9.8,0.0
2026,10,6,13,9,13:08,272.1,5.3,7.4,10.0,0.0
2026,10,6,13,11,13:10,267.3,5.1,6.3,7.5,0.0
2026,10,6,13,13,13:12,269.6,4.6,6.5,8.8,0.0
2026,10,6,13,14,13:13,272.5,5.4,6.6,8.2,0.0
2026,10,6,13,16,13:15,264.5,5.7,8.0,11.0,0.0
2026,10,6,13,18,13:17,275.4,5.1,7.4,11.0,0.0
2026,10,6,13,19,13:19,268.0,5.8,7.7,9.5,0.0
2026,10,6,13,21,13:20,259.7,5.6,8.0,10.9,0.0
2026,10,6,13,23,13:22,267.1,6.0,8.0,11.0,0.0
2026,10,6,13,24,13:24,251.5,4.2,5.7,7.4,0.0
2026,10,6,13,26,13:25,244.2,4.0,7.1,10.3,0.0
2026,10,6,13,28,13:27,246.9,3.9,6.0,8.3,0.0
2026,10,6,13,29,13:28,245.4,4.1,6.7,10.3,0.0
2026,10,6,13,31,13:30,256.7,4.3,8.1,11.1,0.0
2026,10,6,13,33,13:32,248.3,5.0,7.4,11.1,0.0
2026,10,6,13,34,13:33,255.1,5.8,7.6,11.5,0.0
2026,10,6,13,36,13:36,261.9,5.5,8.3,12.8,0.0
2026,10,6,13,38,13:37,259.9,6.0,8.5,10.9,0.0
2026,10,6,13,39,13:39,256.1,5.5,8.0,12.8,0.0
2026,10,6,13,41,13:41,249.1,4.9,7.2,9.9,0.0
2026,10,6,13,43,13:42,251.4,4.9,8.4,11.5,0.0
2026,10,6,13,44,13:43,267.3,6.6,9.8,13.1,0.0
2026,10,6,13,46,13:46,254.2,5.4,8.3,10.8,0.0
2026,10,6,13,48,13:47,259.2,5.5,8.6,11.5,0.0
2026,10,6,13,49,13:48,253.7,5.2,9.5,12.9,0.0
2026,10,6,13,52,13:51,267.5,7.7,9.8,14.0,0.0
2026,10,6,13,53,13:52,244.0,6.4,9.1,12.2,0.0
2026,10,6,13,54,13:53,254.7,5.4,7.8,11.2,0.0
2026,10,6,13,56,13:55,266.0,5.7,8.0,12.9,0.0
2026,10,6,13,58,13:57,268.0,5.9,8.8,11.7,0.0
2026,10,6,13,59,13:59,259.4,5.9,8.5,11.6,0.0
2026,10,6,14,1,14:01,256.4,2.2,6.5,10.2,0.0
2026,10,6,14,3,14:02,265.1,4.5,7.6,11.7,0.0
2026,10,6,14,4,14:04,255.3,5.0,7.5,9.7,0.0
2026,10,6,14,7,14:06,253.6,6.0,8.5,11.5,0.0
2026,10,6,14,8,14:07,258.0,6.2,8.4,10.8,0.0
2026,10,6,14,9,14:08,260.0,5.1,7.2,10.9,0.0
2026,10,6,14,11,14:11,249.6,4.0,6.8,9.2,0.0
2026,10,6,14,13,14:12,270.5,5.9,7.9,9.6,0.0
2026,10,6,14,14,14:13,273.9,5.8,7.4,9.2,0.0
2026,10,6,14,16,14:15,245.2,5.4,8.3,11.1,0.0
2026,10,6,14,18,14:17,270.2,5.1,6.5,8.0,0.0
2026,10,6,14,19,14:18,255.8,6.0,8.2,11.7,0.0
2026,10,6,14,21,14:20,264.5,7.6,9.9,13.6,0.0
2026,10,6,14,23,14:22,255.4,5.7,9.2,12.9,0.0
2026,10,6,14,24,14:24,261.3,4.6,8.3,11.1,0.0
2026,10,6,14,27,14:26,258.3,5.2,8.5,13.8,0.0
2026,10,6,14,28,14:27,275.0,7.1,9.8,14.8,0.0
2026,10,6,14,29,14:29,273.9,7.5,11.0,13.8,0.0
2026,10,6,14,32,14:31,271.7,6.7,10.4,17.5,0.0
2026,10,6,14,33,14:32,267.3,5.9,11.2,14.6,0.0
2026,10,6,14,34,14:33,277.1,6.5,8.5,11.4,0.0
2026,10,6,14,36,14:35,263.1,5.7,7.4,9.4,0.0
2026,10,6,14,38,14:37,257.9,5.9,8.6,11.6,0.0
2026,10,6,14,39,14:38,262.9,6.9,8.7,11.4,0.0
2026,10,6,14,41,14:40,281.1,4.6,7.9,13.6,0.0
2026,10,6,14,43,14:42,267.7,4.0,6.1,8.8,0.0
2026,10,6,14,44,14:43,270.2,4.0,6.6,9.3,0.0
2026,10,6,14,47,14:46,268.0,6.5,9.6,13.6,0.0
2026,10,6,14,48,14:47,263.7,4.6,7.8,9.5,0.0
2026,10,6,14,49,14:48,263.9,4.9,6.8,10.2,0.0
2026,10,6,14,51,14:50,257.1,4.2,6.5,8.3,0.0
2026,10,6,14,53,14:52,265.2,4.9,7.0,9.2,0.0
2026,10,6,14,54,14:53,273.7,4.3,6.0,7.9,0.0
2026,10,6,14,57,14:56,270.9,5.8,7.2,8.5,0.0
2026,10,6,14,58,14:57,262.6,4.4,6.5,8.5,0.0
2026,10,6,14,59,14:58,265.3,4.7,6.9,10.1,0.0
2026,10,6,15,2,15:01,272.4,4.6,6.0,8.0,0.0
2026,10,6,15,3,15:02,266.1,3.3,5.2,7.2,0.0
2026,10,6,15,4,15:03,263.3,2.8,5.9,7.3,0.0
2026,10,6,15,7,15:06,270.6,4.7,6.3,8.1,0.0
2026,10,6,15,8,15:07,261.1,3.9,6.8,10.5,0.0
2026,10,6,15,9,15:08,257.6,5.0,6.9,10.2,0.0
2026,10,6,15,11,15:10,246.2,5.7,8.2,10.8,0.0
2026,10,6,15,13,15:12,263.6,6.1,9.4,12.2,0.0
2026,10,6,15,14,15:13,246.4,4.2,7.3,9.9,0.0
2026,10,6,15,17,15:16,263.2,5.8,8.8,12.0,0.0
2026,10,6,15,18,15:17,251.0,4.9,7.7,12.2,0.0
2026,10,6,15,19,15:18,255.5,4.7,7.7,10.9,0.0
2026,10,6,15,21,15:20,268.3,4.3,6.1,8.6,0.0
2026,10,6,15,23,15:22,287.3,4.7,6.7,9.6,0.0
2026,10,6,15,24,15:23,270.1,4.0,6.9,9.7,0.0
2026,10,6,15,26,15:25,272.3,7.4,8.9,11.4,0.0
2026,10,6,15,28,15:27,259.2,4.2,6.1,7.7,0.0
2026,10,6,15,29,15:28,259.2,3.9,7.2,9.0,0.0
2026,10,6,15,32,15:31,282.2,4.6,7.7,10.7,0.0
2026,10,6,15,33,15:32,281.4,5.6,8.8,14.0,0.0
2026,10,6,15,34,15:33,274.6,3.9,5.8,7.4,0.0
2026,10,6,15,36,15:35,272.0,4.2,5.7,7.5,0.0
2026,10,6,15,38,15:37,271.4,5.1,7.1,10.3,0.0
2026,10,6,15,39,15:38,274.5,5.0,6.3,8.5,0.0
2026,10,6,15,41,15:40,268.8,3.6,5.5,9.1,0.0
2026,10,6,15,43,15:42,274.1,4.1,5.4,7.4,0.0
2026,10,6,15,44,15:43,280.4,4.3,5.7,8.5,0.0
2026,10,6,15,46,15:46,262.9,4.2,7.0,11.2,0.0
2026,10,6,15,48,15:48,278.7,5.6,7.0,9.9,0.0
2026,10,6,15,49,15:49,280.0,4.4,6.2,9.2,0.0
2026,10,6,15,52,15:51,279.5,5.0,6.9,9.4,0.0
2026,10,6,15,53,15:53,261.8,4.2,6.5,9.2,0.0
2026,10,6,15,54,15:54,252.1,4.6,6.2,8.3,0.0
2026,10,6,15,56,15:56,260.6,4.3,6.5,8.1,0.0
2026,10,6,15,58,15:58,252.5,4.0,7.2,11.4,0.0
2026,10,6,15,59,15:59,266.3,5.2,7.8,11.1,0.0
2026,10,6,16,1,16:01,245.9,5.0,6.8,8.8,0.0
2026,10,6,16,3,16:03,275.6,4.9,6.0,7.7,0.0
2026,10,6,16,4,16:04,266.2,4.4,6.5,8.8,0.0
2026,10,6,16,6,16:06,272.0,4.7,6.0,7.5,0.0
2026,10,6,16,8,16:08,269.5,3.2,4.9,7.3,0.0
2026,10,6,16,9,16:09,267.9,3.4,5.4,7.8,0.0
2026,10,6,16,11,16:11,266.2,5.1,7.3,10.2,0.0
2026,10,6,16,13,16:13,266.7,3.5,5.6,7.8,0.0
2026,10,6,16,14,16:14,268.0,5.4,6.3,7.8,0.0
2026,10,6,16,17,16:17,272.0,5.0,8.1,11.6,0.0
2026,10,6,16,18,16:18,276.0,5.5,7.6,10.5,0.0
2026,10,6,16,19,16:19,271.6,5.1,6.3,8.4,0.0
2026,10,6,16,21,16:21,276.2,4.6,7.3,9.7,0.0
2026,10,6,16,23,16:23,271.6,4.3,6.3,8.5,0.0
2026,10,6,16,24,16:24,268.5,5.5,7.0,9.1,0.0
2026,10,6,16,26,16:26,275.7,4.5,6.6,8.6,0.0
2026,10,6,16,28,16:28,266.9,5.6,7.6,9.3,0.0
2026,10,6,16,29,16:29,262.9,5.0,7.0,10.2,0.0
2026,10,6,16,32,16:31,271.0,3.1,5.0,6.5,0.0
2026,10,6,16,33,16:33,253.5,4.7,7.1,9.8,0.0
2026,10,6,16,34,16:34,256.5,4.7,8.5,13.8,0.0
2026,10,6,16,36,16:36,254.3,6.3,8.4,11.1,0.0
2026,10,6,16,38,16:38,271.1,5.2,7.5,9.3,0.0
2026,10,6,16,39,16:39,255.7,5.2,7.8,10.9,0.0
2026,10,6,16,41,16:41,272.2,5.5,8.1,10.7,0.0
2026,10,6,16,43,16:43,259.3,4.4,6.8,9.7,0.0
2026,10,6,16,44,16:44,260.7,4.0,8.0,12.6,0.0
2026,10,6,16,46,16:46,260.1,6.1,8.8,10.7,0.0
2026,10,6,16,48,16:48,261.1,6.1,8.4,11.9,0.0
2026,10,6,16,49,16:49,267.4,5.6,9.0,11.6,0.0
2026,10,6,16,51,16:51,269.4,6.5,9.9,14.6,0.0
2026,10,6,16,53,16:53,265.1,6.3,9.8,14.2,0.0
2026,10,6,16,54,16:54,264.7,5.9,9.2,12.8,0.0
2026,10,6,16,56,16:56,262.7,5.4,7.0,8.9,0.0
2026,10,6,16,58,16:58,265.6,2.7,5.9,8.0,0.0
2026,10,6,16,59,16:59,267.2,5.3,7.2,12.2,0.0
2026,10,6,17,1,17:01,269.8,7.2,9.2,11.7,0.0
2026,10,6,17,3,17:03,261.8,5.0,7.0,9.6,0.0
2026,10,6,17,4,17:04,268.1,5.5,7.1,8.9,0.0
2026,10,6,17,6,17:06,259.7,5.7,7.7,9.8,0.0
2026,10,6,17,8,17:08,272.6,5.8,7.9,10.9,0.0
2026,10,6,17,9,17:09,263.0,6.9,10.5,15.0,0.0
2026,10,6,17,12,17:11,257.2,5.5,8.1,10.9,0.0
2026,10,6,17,13,17:13,265.4,6.6,9.7,11.6,0.0
2026,10,6,17,14,17:14,258.1,5.9,8.1,10.0,0.0
2026,10,6,17,16,17:16,269.8,6.5,8.3,11.5,0.0
2026,10,6,17,18,17:18,275.6,6.6,8.8,13.1,0.0
2026,10,6,17,19,17:19,271.5,5.1,7.6,10.4,0.0
2026,10,6,17,21,17:21,256.2,5.6,8.7,11.2,0.0
2026,10,6,17,23,17:23,266.8,6.0,8.1,10.9,0.0
2026,10,6,17,24,17:24,272.1,7.0,9.0,12.2,0.0
2026,10,6,17,26,17:26,271.2,8.4,10.4,13.4,0.0
2026,10,6,17,28,17:28,263.9,6.7,9.7,15.7,0.0
2026,10,6,17,29,17:29,255.7,6.3,9.7,12.9,0.0
2026,10,6,17,31,17:31,266.6,6.8,8.8,12.0,0.0
2026,10,6,17,33,17:33,275.6,4.3,7.8,12.3,0.0
2026,10,6,17,34,17:34,271.7,5.4,7.5,10.9,0.0
2026,10,6,17,36,17:36,271.7,4.9,8.7,9.3,0.0
2026,10,6,17,38,17:38,268.5,5.2,7.5,9.7,0.0
2026,10,6,17,39,17:39,268.9,5.5,7.7,10.2,0.0
2026,10,6,17,41,17:41,267.6,4.8,7.1,8.8,0.0
2026,10,6,17,43,17:43,270.2,5.1,7.6,11.5,0.0
2026,10,6,17,44,17:44,260.4,5.6,7.3,9.8,0.0
2026,10,6,17,46,17:46,271.6,4.2,5.4,6.9,0.0
2026,10,6,17,48,17:48,267.3,4.3,7.5,12.6,0.0
2026,10,6,17,49,17:49,261.6,7.1,9.6,12.6,0.0
2026,10,6,17,51,17:51,273.0,3.9,6.6,10.7,0.0
2026,10,6,17,53,17:53,274.3,5.6,8.1,10.5,0.0
2026,10,6,17,54,17:54,269.1,6.8,10.3,13.6,0.0
2026,10,6,17,57,17:56,266.7,4.2,6.0,8.5,0.0
2026,10,6,17,58,17:58,257.9,4.9,6.8,8.8,0.0
2026,10,6,17,59,17:59,274.6,5.8,8.2,10.1,0.0
2026,10,6,18,1,18:01,268.8,4.5,6.0,7.2,0.0
2026,10,6,18,3,18:03,263.2,5.1,6.6,8.3,0.0
2026,10,6,18,4,18:04,271.7,2.8,4.8,7.0,0.0
2026,10,6,18,6,18:06,272.2,4.0,5.9,7.7,0.0
2026,10,6,18,8,18:08,260.9,4.9,7.3,10.9,0.0
2026,10,6,18,9,18:09,266.0,5.7,7.6,10.0,0.0
2026,10,6,18,11,18:11,279.9,3.8,6.3,10.4,0.0
2026,10,6,18,13,18:13,262.8,4.7,7.6,12.6,0.0
2026,10,6,18,14,18:14,262.4,4.1,6.0,8.4,0.0
2026,10,6,18,16,18:16,266.7,4.6,6.5,8.1,0.0
2026,10,6,18,18,18:18,272.6,4.6,6.5,8.8,0.0
2026,10,6,18,19,18:19,266.2,4.5,6.5,9.4,0.0
2026,10,6,18,21,18:21,271.0,4.3,6.0,7.4,0.0
2026,10,6,18,23,18:23,275.8,5.7,7.4,10.5,0.0
2026,10,6,18,24,18:24,272.0,4.7,6.9,8.9,0.0
2026,10,6,18,27,18:26,265.7,4.3,6.1,7.3,0.0
2026,10,6,18,28,18:28,272.4,4.5,6.3,8.2,0.0
2026,10,6,18,29,18:29,266.8,3.9,5.8,7.8,0.0
2026,10,6,18,32,18:31,263.6,2.9,4.5,7.5,0.0
2026,10,6,18,33,18:33,276.4,3.7,5.1,6.4,0.0
2026,10,6,18,34,18:34,255.9,2.5,4.5,5.8,0.0
2026,10,6,18,36,18:36,266.8,3.9,5.5,7.1,0.0
2026,10,6,18,38,18:38,264.3,3.0,4.1,5.8,0.0
2026,10,6,18,39,18:39,264.3,2.8,4.9,7.2,0.0
2026,10,6,18,42,18:41,262.7,3.4,5.5,7.8,0.0
2026,10,6,18,43,18:43,266.4,3.6,5.5,7.9,0.0
2026,10,6,18,44,18:44,264.0,4.0,5.7,7.7,0.0
2026,10,6,18,46,18:46,266.7,4.4,6.6,8.8,0.0
2026,10,6,18,48,18:48,262.2,3.8,5.3,6.5,0.0
2026,10,6,18,49,18:49,261.4,4.5,5.9,7.6,0.0
2026,10,6,18,52,18:51,272.4,4.3,7.2,8.8,0.0
2026,10,6,18,53,18:53,275.6,4.6,5.9,8.0,0.0
2026,10,6,18,54,18:54,265.3,4.1,5.4,6.5,0.0
2026,10,6,18,56,18:56,251.4,4.6,6.5,8.4,0.0
2026,10,6,18,58,18:58,257.1,3.6,6.4,10.1,0.0
2026,10,6,18,59,18:59,266.7,5.6,6.9,9.1,0.0
2026,10,6,19,1,19:01,267.0,4.5,5.9,8.0,0.0
2026,10,6,19,3,19:03,272.1,3.3,6.2,8.6,0.0
2026,10,6,19,4,19:04,269.6,5.2,6.8,9.2,0.0
2026,10,6,19,7,19:06,273.7,4.6,6.0,8.0,0.0
2026,10,6,19,8,19:08,268.0,3.8,5.6,8.0,0.0
2026,10,6,19,9,19:09,266.3,3.9,5.6,8.0,0.0
2026,10,6,19,11,19:11,263.6,3.5,5.3,6.7,0.0
2026,10,6,19,13,19:13,270.1,4.1,5.5,7.3,0.0
2026,10,6,19,14,19:14,265.1,3.0,5.1,7.3,0.0
2026,10,6,19,16,19:16,262.0,4.2,6.4,9.0,0.0
2026,10,6,19,18,19:18,269.2,4.5,5.5,6.3,0.0
2026,10,6,19,19,19:19,269.1,3.8,4.8,5.7,0.0
2026,10,6,19,21,19:21,265.2,4.3,5.3,6.2,0.0
2026,10,6,19,23,19:23,265.3,4.2,5.8,7.8,0.0
2026,10,6,19,24,19:24,267.4,4.3,6.9,8.7,0.0
2026,10,6,19,26,19:26,269.1,4.1,5.3,7.4,0.0
2026,10,6,19,28,19:28,267.3,4.0,5.2,6.1,0.0
2026,10,6,19,29,19:29,263.0,3.7,5.0,6.4,0.0
2026,10,6,19,31,19:31,266.8,4.9,6.0,7.3,0.0
2026,10,6,19,33,19:33,265.2,4.3,5.0,5.8,0.0
2026,10,6,19,34,19:34,263.2,4.4,6.2,8.5,0.0
2026,10,6,19,36,19:36,251.9,3.4,5.7,7.1,0.0
2026,10,6,19,38,19:38,262.0,3.3,4.4,5.8,0.0
2026,10,6,19,39,19:39,263.4,4.7,6.2,8.0,0.0
2026,10,6,19,41,19:41,270.1,3.7,4.6,5.9,0.0
2026,10,6,19,43,19:43,261.0,3.9,5.2,6.1,0.0
2026,10,6,19,44,19:44,265.1,3.3,5.3,7.8,0.0
2026,10,6,19,47,19:46,267.6,3.9,5.4,7.1,0.0
2026,10,6,19,48,19:48,261.5,3.5,5.1,7.1,0.0
2026,10,6,19,49,19:49,261.5,4.7,6.3,9.1,0.0
2026,10,6,19,51,19:51,267.2,4.1,5.2,6.3,0.0
2026,10,6,19,53,19:53,255.9,3.2,4.5,7.3,0.0
2026,10,6,19,54,19:54,265.3,3.6,5.3,6.7,0.0
2026,10,6,19,57,19:56,258.5,3.4,4.9,8.8,0.0
2026,10,6,19,58,19:58,253.8,3.9,4.9,6.4,0.0
2026,10,6,19,59,19:59,248.9,2.6,4.3,6.5,0.0
2026,10,6,20,1,20:01,251.0,3.5,4.7,7.1,0.0
2026,10,6,20,3,20:03,253.9,3.0,4.1,6.7,0.0
2026,10,6,20,4,20:04,243.3,1.5,4.4,7.0,0.0
2026,10,6,20,7,20:06,258.5,3.4,4.9,6.8,0.0
2026,10,6,20,8,20:08,261.4,3.3,5.3,6.6,0.0
2026,10,6,20,9,20:09,253.8,4.1,5.1,6.8,0.0
2026,10,6,20,12,20:11,265.7,3.4,4.7,6.2,0.0
2026,10,6,20,13,20:13,238.5,3.5,4.4,5.5,0.0
2026,10,6,20,14,20:14,260.8,3.0,4.3,5.4,0.0
2026,10,6,20,17,20:16,255.1,3.3,5.1,7.0,0.0
2026,10,6,20,18,20:18,266.5,2.6,5.0,7.2,0.0
2026,10,6,20,19,20:19,253.2,2.7,4.0,5.4,0.0
2026,10,6,20,22,20:21,247.0,2.5,4.3,6.0,0.0
2026,10,6,20,23,20:23,253.0,4.1,6.1,9.3,0.0
2026,10,6,20,24,20:24,242.8,2.8,4.7,8.1,0.0
2026,10,6,20,26,20:26,254.2,2.8,4.8,6.8,0.0
2026,10,6,20,28,20:28,251.9,2.4,4.6,6.9,0.0
2026,10,6,20,29,20:29,255.5,3.4,5.2,6.8,0.0
2026,10,6,20,32,20:31,248.9,3.0,4.1,6.3,0.0
2026,10,6,20,33,20:33,248.5,3.2,4.3,5.4,0.0
2026,10,6,20,34,20:34,241.3,2.7,4.1,5.4,0.0
2026,10,6,20,36,20:36,262.8,2.5,5.1,7.5,0.0
2026,10,6,20,38,20:38,245.8,2.3,4.4,5.6,0.0
2026,10,6,20,39,20:39,257.0,3.1,4.6,5.8,0.0
2026,10,6,20,41,20:41,254.2,2.8,4.3,5.9,0.0
2026,10,6,20,43,20:43,252.4,2.7,4.5,5.9,0.0
2026,10,6,20,44,20:44,261.7,2.7,4.1,5.7,0.0
2026,10,6,20,47,20:46,255.3,3.3,5.3,7.1,0.0
2026,10,6,20,48,20:48,252.6,1.7,4.3,6.5,0.0
2026,10,6,20,49,20:49,249.1,3.0,5.0,6.5,0.0
2026,10,6,20,52,20:51,249.5,2.9,4.3,6.1,0.0
2026,10,6,20,53,20:53,254.6,3.6,4.8,6.5,0.0
2026,10,6,20,54,20:54,256.5,2.8,4.6,6.7,0.0
2026,10,6,20,56,20:56,246.8,3.3,4.6,6.3,0.0
2026,10,6,20,58,20:58,249.0,4.1,5.2,7.0,0.0
2026,10,6,20,59,20:59,253.7,2.8,4.4,6.3,0.0
2026,10,6,21,2,21:01,243.9,4.2,5.7,7.5,0.0
2026,10,6,21,3,21:03,250.1,4.0,5.6,6.8,0.0
2026,10,6,21,4,21:04,241.5,2.9,4.9,7.1,0.0
2026,10,6,21,7,21:06,254.0,3.7,5.6,7.5,0.0
2026,10,6,21,8,21:08,250.7,3.6,4.9,6.4,0.0
2026,10,6,21,9,21:09,241.8,3.2,4.7,6.4,0.0
2026,10,6,21,11,21:11,238.0,3.7,4.9,5.6,0.0
2026,10,6,21,13,21:13,243.0,3.1,4.6,6.4,0.0
2026,10,6,21,14,21:14,241.5,3.6,4.8,6.6,0.0
2026,10,6,21,17,21:16,243.1,3.7,5.2,6.8,0.0
2026,10,6,21,18,21:18,239.1,3.5,4.8,6.5,0.0
2026,10,6,21,19,21:19,242.8,3.6,5.7,8.1,0.0
2026,10,6,21,22,21:21,244.9,3.0,4.9,6.5,0.0
2026,10,6,21,23,21:23,244.9,2.1,4.3,6.4,0.0
2026,10,6,21,24,21:24,250.7,2.1,5.1,7.7,0.0
2026,10,6,21,26,21:26,244.9,3.3,5.0,6.7,0.0
2026,10,6,21,28,21:28,248.7,2.8,4.6,6.0,0.0
2026,10,6,21,29,21:29,259.0,2.8,3.9,6.2,0.0
2026,10,6,21,31,21:31,254.3,3.0,4.6,6.4,0.0
2026,10,6,21,33,21:33,246.0,2.8,4.6,6.0,0.0
2026,10,6,21,34,21:34,254.2,2.2,4.2,5.8,0.0
2026,10,6,21,37,21:36,253.6,2.7,4.4,6.2,0.0
2026,10,6,21,38,21:38,255.4,3.6,5.1,7.6,0.0
2026,10,6,21,39,21:39,249.3,2.6,4.6,6.6,0.0
2026,10,6,21,41,21:41,246.8,2.9,5.0,7.7,0.0
2026,10,6,21,43,21:43,255.9,3.2,4.6,6.6,0.0
2026,10,6,21,44,21:44,255.8,3.1,4.1,6.5,0.0
2026,10,6,21,46,21:46,241.4,3.4,4.3,6.2,0.0
2026,10,6,21,48,21:48,243.8,4.2,5.3,6.5,0.0
2026,10,6,21,49,21:49,237.8,3.5,4.7,5.6,0.0
2026,10,6,21,51,21:51,259.2,2.4,3.8,5.0,0.0
2026,10,6,21,53,21:53,242.1,3.0,4.8,6.3,0.0
2026,10,6,21,54,21:54,240.5,3.2,4.6,6.3,0.0
2026,10,6,21,56,21:56,241.8,3.7,4.8,6.3,0.0
2026,10,6,21,58,21:58,239.2,2.0,4.3,5.8,0.0
2026,10,6,21,59,21:59,244.5,2.8,4.1,5.8,0.0
2026,10,6,22,1,22:01,242.1,2.6,4.1,5.8,0.0
2026,10,6,22,3,22:03,240.3,3.7,4.9,6.4,0.0
2026,10,6,22,4,22:04,240.6,2.8,4.1,5.5,0.0
2026,10,6,22,7,22:06,250.9,2.7,4.3,5.4,0.0
2026,10,6,22,8,22:08,244.1,2.9,4.1,5.3,0.0
2026,10,6,22,9,22:09,237.3,3.3,4.3,5.6,0.0
2026,10,6,22,11,22:11,247.5,2.8,4.4,6.0,0.0
2026,10,6,22,13,22:13,251.7,3.0,4.4,6.5,0.0
2026,10,6,22,14,22:14,262.3,3.0,5.4,7.1,0.0
2026,10,6,22,17,22:16,246.0,1.7,3.3,5.1,0.0
2026,10,6,22,18,22:18,249.4,2.6,3.6,5.8,0.0
2026,10,6,22,19,22:19,246.0,3.5,5.4,7.1,0.0
2026,10,6,22,21,22:21,249.7,2.4,4.4,6.2,0.0
2026,10,6,22,23,22:23,244.6,2.9,4.2,6.0,0.0
2026,10,6,22,24,22:24,240.8,2.6,3.9,5.6,0.0
2026,10,6,22,26,22:26,247.8,3.2,4.8,6.4,0.0
2026,10,6,22,28,22:28,248.5,2.0,4.4,5.9,0.0
2026,10,6,22,29,22:29,235.6,3.0,4.1,5.5,0.0
2026,10,6,22,31,22:31,248.1,2.5,3.8,5.2,0.0
2026,10,6,22,33,22:33,243.1,3.5,4.9,6.2,0.0
2026,10,6,22,34,22:34,243.0,2.9,4.4,6.7,0.0
2026,10,6,22,36,22:36,245.5,2.8,4.3,5.4,0.0
2026,10,6,22,38,22:38,243.8,3.4,5.0,6.5,0.0
2026,10,6,22,39,22:39,241.7,2.7,3.7,4.9,0.0
2026,10,6,22,41,22:41,250.9,3.0,4.6,6.4,0.0
2026,10,6,22,43,22:43,247.4,3.5,4.5,5.6,0.0
2026,10,6,22,44,22:44,240.1,3.0,4.7,7.2,0.0
2026,10,6,22,46,22:46,247.5,2.7,4.3,5.9,0.0
2026,10,6,22,48,22:48,233.0,2.6,4.3,5.1,0.0
2026,10,6,22,49,22:49,240.9,1.9,3.4,5.4,0.0
2026,10,6,22,51,22:51,241.3,3.3,4.3,5.3,0.0
2026,10,6,22,53,22:53,242.8,2.0,4.3,6.3,0.0
2026,10,6,22,54,22:54,257.3,2.8,3.6,5.1,0.0
2026,10,6,22,56,22:56,235.3,2.6,4.1,6.0,0.0
2026,10,6,22,58,22:58,245.4,3.5,4.9,7.0,0.0
2026,10,6,22,59,22:59,242.1,3.1,4.1,5.7,0.0
2026,10,6,23,1,23:01,236.3,2.8,3.9,5.4,0.0
2026,10,6,23,3,23:03,237.1,4.0,5.1,6.3,0.0
2026,10,6,23,4,23:04,245.0,3.4,4.3,5.8,0.0
2026,10,6,23,6,23:06,244.3,3.6,4.9,6.0,0.0
2026,10,6,23,8,23:08,245.4,3.5,4.6,6.3,0.0
2026,10,6,23,9,23:09,247.1,3.0,4.2,5.4,0.0
2026,10,6,23,12,23:11,230.2,3.7,5.4,6.9,0.0
2026,10,6,23,13,23:13,236.7,4.2,5.6,7.1,0.0
2026,10,6,23,14,23:14,237.6,3.6,5.2,6.6,0.0
2026,10,6,23,17,23:16,233.5,3.8,5.6,7.0,0.0
2026,10,6,23,18,23:18,238.1,4.3,5.2,5.9,0.0
2026,10,6,23,19,23:19,247.8,2.6,4.8,6.0,0.0
2026,10,6,23,22,23:21,243.4,3.1,4.6,5.8,0.0
2026,10,6,23,23,23:23,243.2,3.5,4.6,5.7,0.0
2026,10,6,23,24,23:24,243.8,3.0,4.3,5.7,0.0
2026,10,6,23,27,23:26,245.1,3.2,4.4,5.8,0.0
2026,10,6,23,28,23:28,239.4,3.0,4.2,5.9,0.0
2026,10,6,23,29,23:29,251.2,2.7,4.1,5.2,0.0
2026,10,6,23,32,23:31,234.3,2.3,3.7,4.9,0.0
2026,10,6,23,33,23:33,240.8,2.2,3.9,6.0,0.0
2026,10,6,23,34,23:34,240.4,2.6,3.9,5.1,0.0
2026,10,6,23,36,23:36,249.3,3.6,4.7,6.0,0.0
2026,10,6,23,38,23:38,239.9,2.5,3.9,5.1,0.0
2026,10,6,23,39,23:39,246.5,2.6,4.6,6.8,0.0
2026,10,6,23,41,23:41,244.8,2.5,3.8,5.7,0.0
2026,10,6,23,43,23:43,252.7,2.4,3.9,5.2,0.0
2026,10,6,23,44,23:44,243.8,2.3,3.4,5.1,0.0
2026,10,6,23,46,23:46,238.3,3.9,5.3,7.0,0.0
2026,10,6,23,48,23:48,237.8,2.8,4.1,5.6,0.0
2026,10,6,23,49,23:49,243.8,1.6,4.0,5.4,0.0
2026,10,6,23,51,23:51,239.8,2.7,4.0,5.1,0.0
2026,10,6,23,53,23:53,243.0,2.8,4.0,5.0,0.0
2026,10,6,23,54,23:54,245.9,2.8,3.5,4.7,0.0
2026,10,6,23,56,23:56,242.0,3.3,4.2,5.6,0.0
2026,10,6,23,58,23:58,245.5,3.0,4.3,6.1,0.0
2026,10,6,23,59,23:59,242.1,2.6,4.3,5.9,0.0
