# Helsinki Laru (dlarah.org Lauttasaari) 2026-09-20 Suomen aikaa — lähteen Laru_2026-263.txt sellaisenaan
# vuosi kk pv kirjoitus-h kirjoitus-min hh:mm suunta min ka max lämpötila (asemalla ei mittaria)
2026,9,20,0,1,00:01,198.7,9.8,11.0,12.3,0.0
2026,9,20,0,3,00:03,193.3,9.2,10.5,12.3,0.0
2026,9,20,0,4,00:04,190.1,9.2,11.6,13.8,0.0
2026,9,20,0,6,00:06,187.8,9.2,10.9,13.1,0.0
2026,9,20,0,8,00:08,190.0,10.2,12.2,14.0,0.0
2026,9,20,0,9,00:09,189.6,9.6,12.2,14.6,0.0
2026,9,20,0,11,00:11,188.0,9.0,10.9,12.5,0.0
2026,9,20,0,13,00:13,189.5,9.7,11.6,13.4,0.0
2026,9,20,0,14,00:14,189.2,10.2,11.9,14.0,0.0
2026,9,20,0,16,00:16,190.5,8.5,11.2,14.0,0.0
2026,9,20,0,18,00:18,188.6,9.4,11.1,13.6,0.0
2026,9,20,0,19,00:19,190.9,9.2,10.8,12.3,0.0
2026,9,20,0,21,00:21,190.8,9.8,11.6,13.4,0.0
2026,9,20,0,23,00:23,189.5,9.6,11.1,13.3,0.0
2026,9,20,0,24,00:24,187.2,9.1,11.0,12.8,0.0
2026,9,20,0,26,00:26,184.4,9.3,11.1,12.6,0.0
2026,9,20,0,28,00:28,188.3,9.4,11.2,12.9,0.0
2026,9,20,0,29,00:29,189.9,7.8,10.1,12.0,0.0
2026,9,20,0,32,00:32,191.2,8.7,10.1,11.7,0.0
2026,9,20,0,33,00:33,185.1,8.8,10.8,12.5,0.0
2026,9,20,0,34,00:34,190.1,10.1,12.3,14.6,0.0
2026,9,20,0,37,00:36,188.4,10.1,11.6,14.2,0.0
2026,9,20,0,38,00:38,185.7,9.9,11.9,13.8,0.0
2026,9,20,0,39,00:39,186.2,9.9,11.9,14.4,0.0
2026,9,20,0,41,00:41,187.3,9.8,11.6,13.8,0.0
2026,9,20,0,43,00:43,188.2,9.1,11.4,13.1,0.0
2026,9,20,0,44,00:44,184.4,9.4,11.6,14.2,0.0
2026,9,20,0,47,00:47,183.9,9.8,11.5,13.3,0.0
2026,9,20,0,48,00:48,191.4,9.0,11.5,14.2,0.0
2026,9,20,0,49,00:49,189.1,9.7,12.2,13.8,0.0
2026,9,20,0,51,00:51,187.5,9.9,11.9,14.0,0.0
2026,9,20,0,53,00:53,189.7,11.5,13.1,15.2,0.0
2026,9,20,0,54,00:54,188.9,10.9,13.1,15.4,0.0
2026,9,20,0,57,00:56,194.3,9.5,11.7,14.0,0.0
2026,9,20,0,58,00:58,191.6,9.8,12.0,14.6,0.0
2026,9,20,0,59,00:59,195.3,10.2,12.5,14.8,0.0
2026,9,20,1,1,01:01,193.8,8.4,11.5,13.3,0.0
2026,9,20,1,3,01:03,189.8,9.0,10.4,12.2,0.0
2026,9,20,1,4,01:04,190.1,9.1,10.4,12.0,0.0
2026,9,20,1,7,01:06,190.1,9.3,10.8,12.8,0.0
2026,9,20,1,8,01:08,185.7,8.7,10.3,12.0,0.0
2026,9,20,1,9,01:09,189.2,8.5,9.8,11.2,0.0
2026,9,20,1,11,01:11,187.6,9.2,11.0,13.6,0.0
2026,9,20,1,13,01:13,189.7,9.0,10.9,14.6,0.0
2026,9,20,1,14,01:14,192.8,10.1,11.5,14.2,0.0
2026,9,20,1,17,01:16,182.6,8.8,11.1,13.1,0.0
2026,9,20,1,18,01:18,189.0,8.7,11.1,14.0,0.0
2026,9,20,1,19,01:19,184.4,9.2,11.1,13.3,0.0
2026,9,20,1,21,01:21,187.6,9.2,10.9,12.2,0.0
2026,9,20,1,23,01:23,188.0,9.7,11.2,12.9,0.0
2026,9,20,1,24,01:24,187.9,10.3,12.3,14.4,0.0
2026,9,20,1,26,01:26,186.6,10.4,12.0,13.8,0.0
2026,9,20,1,28,01:28,186.8,9.4,13.1,15.4,0.0
2026,9,20,1,29,01:29,192.0,9.4,12.5,15.0,0.0
2026,9,20,1,31,01:31,191.0,10.4,12.5,14.8,0.0
2026,9,20,1,33,01:33,195.1,9.4,12.6,16.4,0.0
2026,9,20,1,34,01:34,197.3,10.9,12.6,15.7,0.0
2026,9,20,1,37,01:37,191.5,10.2,11.7,13.6,0.0
2026,9,20,1,38,01:38,188.9,9.5,11.6,14.2,0.0
2026,9,20,1,39,01:39,190.1,9.6,11.9,14.0,0.0
2026,9,20,1,42,01:42,188.3,9.6,11.5,12.9,0.0
2026,9,20,1,43,01:43,184.0,8.5,10.4,12.0,0.0
2026,9,20,1,44,01:44,187.0,9.1,11.4,13.6,0.0
2026,9,20,1,47,01:46,187.6,9.1,11.1,12.8,0.0
2026,9,20,1,48,01:48,191.3,9.3,11.7,14.0,0.0
2026,9,20,1,49,01:49,191.0,9.8,12.0,14.6,0.0
2026,9,20,1,51,01:51,193.2,10.3,13.4,16.7,0.0
2026,9,20,1,53,01:53,193.8,12.2,14.4,16.7,0.0
2026,9,20,1,54,01:54,197.1,11.2,14.4,16.9,0.0
2026,9,20,1,56,01:56,194.8,11.2,13.8,17.2,0.0
2026,9,20,1,58,01:58,191.5,11.9,14.6,17.5,0.0
2026,9,20,1,59,01:59,188.1,10.1,14.0,17.8,0.0
2026,9,20,2,2,02:01,192.4,11.4,13.6,16.4,0.0
2026,9,20,2,3,02:03,193.6,11.4,15.7,19.5,0.0
2026,9,20,2,4,02:04,191.9,11.7,14.6,16.9,0.0
2026,9,20,2,7,02:07,195.9,10.1,13.6,16.4,0.0
2026,9,20,2,8,02:08,192.5,11.1,14.4,17.8,0.0
2026,9,20,2,9,02:09,195.7,11.0,13.4,16.4,0.0
2026,9,20,2,11,02:11,195.9,10.8,14.4,16.9,0.0
2026,9,20,2,13,02:13,195.6,11.6,13.8,17.2,0.0
2026,9,20,2,14,02:14,197.7,10.8,13.8,15.7,0.0
2026,9,20,2,16,02:16,196.9,10.9,13.8,18.1,0.0
2026,9,20,2,18,02:18,193.1,10.0,13.6,16.7,0.0
2026,9,20,2,19,02:19,195.6,10.9,13.6,15.9,0.0
2026,9,20,2,22,02:21,193.1,10.5,13.4,16.7,0.0
2026,9,20,2,23,02:23,195.1,10.8,13.1,16.2,0.0
2026,9,20,2,24,02:24,191.1,10.9,13.3,15.9,0.0
2026,9,20,2,27,02:27,189.9,11.2,13.8,16.9,0.0
2026,9,20,2,28,02:28,191.4,11.1,14.0,17.8,0.0
2026,9,20,2,29,02:29,189.6,12.3,14.6,17.8,0.0
2026,9,20,2,32,02:32,195.3,11.7,13.8,17.2,0.0
2026,9,20,2,33,02:33,196.1,11.2,14.2,17.8,0.0
2026,9,20,2,34,02:34,194.4,10.5,13.1,16.2,0.0
2026,9,20,2,37,02:36,194.7,11.6,14.2,17.2,0.0
2026,9,20,2,38,02:38,194.7,11.5,14.2,16.9,0.0
2026,9,20,2,39,02:39,195.0,12.2,14.4,16.4,0.0
2026,9,20,2,42,02:42,190.2,11.7,14.6,16.9,0.0
2026,9,20,2,43,02:43,192.7,11.1,13.8,16.7,0.0
2026,9,20,2,44,02:44,191.4,11.5,14.2,16.4,0.0
2026,9,20,2,47,02:47,192.1,11.5,13.4,16.2,0.0
2026,9,20,2,48,02:48,185.0,10.8,13.6,17.8,0.0
2026,9,20,2,49,02:49,189.7,12.5,15.2,17.8,0.0
2026,9,20,2,51,02:51,190.8,10.7,13.6,16.7,0.0
2026,9,20,2,53,02:53,194.3,11.1,13.8,15.9,0.0
2026,9,20,2,54,02:54,193.1,13.1,15.0,17.5,0.0
2026,9,20,2,57,02:57,194.8,11.5,15.0,18.5,0.0
2026,9,20,2,58,02:58,192.6,11.0,14.0,17.2,0.0
2026,9,20,2,59,02:59,195.6,11.5,13.8,16.2,0.0
2026,9,20,3,1,03:01,193.1,11.5,14.4,16.9,0.0
2026,9,20,3,3,03:03,194.0,10.2,12.6,15.4,0.0
2026,9,20,3,4,03:04,190.2,12.5,14.8,16.4,0.0
2026,9,20,3,6,03:06,195.6,12.0,13.8,15.9,0.0
2026,9,20,3,8,03:08,189.9,11.6,14.0,15.9,0.0
2026,9,20,3,9,03:09,196.7,11.4,14.0,15.9,0.0
2026,9,20,3,11,03:11,193.8,10.7,14.0,17.8,0.0
2026,9,20,3,13,03:13,195.4,11.2,14.6,18.5,0.0
2026,9,20,3,14,03:14,188.8,11.6,13.4,15.9,0.0
2026,9,20,3,16,03:16,196.4,10.2,13.3,16.4,0.0
2026,9,20,3,18,03:18,196.9,11.0,14.6,19.1,0.0
2026,9,20,3,19,03:19,189.4,12.2,14.4,17.8,0.0
2026,9,20,3,22,03:21,195.4,12.9,15.7,18.5,0.0
2026,9,20,3,23,03:23,193.8,11.9,14.8,18.1,0.0
2026,9,20,3,24,03:24,191.0,10.7,13.8,16.4,0.0
2026,9,20,3,26,03:26,195.9,12.5,15.4,18.8,0.0
2026,9,20,3,28,03:28,195.9,10.8,14.2,17.2,0.0
2026,9,20,3,29,03:29,191.5,12.5,15.7,20.7,0.0
2026,9,20,3,32,03:32,197.7,11.2,14.2,17.8,0.0
2026,9,20,3,33,03:33,198.1,11.1,13.8,17.2,0.0
2026,9,20,3,34,03:34,196.6,12.3,15.0,19.1,0.0
2026,9,20,3,37,03:36,194.5,11.4,14.8,17.5,0.0
2026,9,20,3,38,03:38,196.5,12.3,15.2,17.8,0.0
2026,9,20,3,39,03:39,199.9,10.9,14.6,19.9,0.0
2026,9,20,3,41,03:41,201.7,11.9,14.6,17.8,0.0
2026,9,20,3,43,03:43,205.5,10.0,12.6,15.9,0.0
2026,9,20,3,44,03:44,201.2,10.2,13.8,17.8,0.0
2026,9,20,3,47,03:46,207.0,10.1,12.6,15.2,0.0
2026,9,20,3,48,03:48,194.8,12.0,15.9,22.0,0.0
2026,9,20,3,49,03:49,198.4,12.8,16.2,20.7,0.0
2026,9,20,3,51,03:51,197.8,11.2,14.4,17.2,0.0
2026,9,20,3,53,03:53,201.7,10.7,12.6,15.0,0.0
2026,9,20,3,54,03:54,200.9,11.0,13.8,16.4,0.0
2026,9,20,3,57,03:56,207.1,13.1,16.2,20.7,0.0
2026,9,20,3,58,03:58,202.2,12.3,15.4,18.5,0.0
2026,9,20,3,59,03:59,206.0,11.4,14.4,17.2,0.0
2026,9,20,4,1,04:01,205.1,10.3,12.9,15.0,0.0
2026,9,20,4,3,04:03,209.7,11.0,14.4,16.7,0.0
2026,9,20,4,4,04:04,207.9,11.6,13.6,16.2,0.0
2026,9,20,4,6,04:06,204.0,10.4,13.1,16.2,0.0
2026,9,20,4,8,04:08,207.9,9.9,12.9,16.4,0.0
2026,9,20,4,9,04:09,205.7,11.0,13.6,15.7,0.0
2026,9,20,4,11,04:11,206.3,9.7,12.3,15.9,0.0
2026,9,20,4,13,04:13,212.7,9.9,12.8,15.4,0.0
2026,9,20,4,14,04:14,209.2,9.3,12.2,14.8,0.0
2026,9,20,4,17,04:17,213.1,10.3,12.6,14.8,0.0
2026,9,20,4,18,04:18,219.2,10.1,12.3,15.0,0.0
2026,9,20,4,19,04:19,219.7,9.4,12.2,14.8,0.0
2026,9,20,4,21,04:21,217.2,10.5,13.1,15.9,0.0
2026,9,20,4,23,04:23,215.6,9.4,12.8,15.2,0.0
2026,9,20,4,24,04:24,215.6,9.1,12.3,15.4,0.0
2026,9,20,4,26,04:26,219.3,9.7,11.7,15.2,0.0
2026,9,20,4,28,04:28,225.7,9.2,12.0,15.2,0.0
2026,9,20,4,29,04:29,221.3,11.4,14.8,18.8,0.0
2026,9,20,4,31,04:31,217.8,10.5,13.1,16.9,0.0
2026,9,20,4,33,04:33,215.7,10.9,13.4,16.4,0.0
2026,9,20,4,34,04:34,216.4,9.9,12.6,15.2,0.0
2026,9,20,4,37,04:36,217.3,9.2,11.7,15.0,0.0
2026,9,20,4,38,04:38,216.3,10.0,12.2,16.2,0.0
2026,9,20,4,39,04:39,220.5,9.8,12.5,15.0,0.0
2026,9,20,4,41,04:41,216.4,9.4,11.1,15.0,0.0
2026,9,20,4,43,04:43,218.3,9.9,12.6,15.7,0.0
2026,9,20,4,44,04:44,221.7,8.7,11.6,13.6,0.0
2026,9,20,4,47,04:46,215.0,11.9,13.4,15.4,0.0
2026,9,20,4,48,04:48,217.7,10.4,12.9,15.2,0.0
2026,9,20,4,49,04:49,217.9,9.6,12.5,15.0,0.0
2026,9,20,4,51,04:51,217.9,10.4,12.6,16.9,0.0
2026,9,20,4,53,04:53,215.1,10.2,13.4,16.9,0.0
2026,9,20,4,54,04:54,214.1,9.4,12.3,15.7,0.0
2026,9,20,4,56,04:56,215.3,11.4,14.4,17.2,0.0
2026,9,20,4,58,04:58,223.2,12.2,14.8,17.8,0.0
2026,9,20,4,59,04:59,216.2,10.3,14.0,16.9,0.0
2026,9,20,5,2,05:01,214.7,8.8,13.1,18.1,0.0
2026,9,20,5,3,05:03,217.8,9.6,13.6,16.7,0.0
2026,9,20,5,4,05:04,219.3,10.7,14.2,18.5,0.0
2026,9,20,5,7,05:06,217.8,11.7,14.6,17.8,0.0
2026,9,20,5,8,05:08,218.1,9.7,14.8,19.5,0.0
2026,9,20,5,9,05:09,220.0,8.8,11.6,15.4,0.0
2026,9,20,5,11,05:11,219.0,8.0,11.0,13.4,0.0
2026,9,20,5,13,05:13,214.0,8.9,12.9,17.5,0.0
2026,9,20,5,14,05:14,220.5,9.4,12.6,16.2,0.0
2026,9,20,5,16,05:16,217.8,7.5,11.4,13.3,0.0
2026,9,20,5,18,05:18,219.4,9.8,11.4,13.8,0.0
2026,9,20,5,19,05:19,220.7,7.8,10.7,13.4,0.0
2026,9,20,5,22,05:21,222.1,8.7,10.9,14.6,0.0
2026,9,20,5,23,05:23,230.3,9.0,10.8,12.5,0.0
2026,9,20,5,24,05:24,227.8,8.0,10.0,13.3,0.0
2026,9,20,5,26,05:26,223.2,7.0,9.1,11.6,0.0
2026,9,20,5,28,05:28,225.6,7.7,9.8,13.3,0.0
2026,9,20,5,29,05:29,219.0,6.7,8.9,10.3,0.0
2026,9,20,5,31,05:31,223.1,9.5,10.9,14.0,0.0
2026,9,20,5,33,05:33,224.3,5.8,8.5,11.0,0.0
2026,9,20,5,34,05:34,228.4,5.3,7.4,9.3,0.0
2026,9,20,5,36,05:36,229.8,5.9,8.1,10.9,0.0
2026,9,20,5,38,05:38,221.1,7.1,8.9,11.1,0.0
2026,9,20,5,39,05:39,223.6,7.3,8.6,10.8,0.0
2026,9,20,5,41,05:41,216.4,7.0,8.1,9.7,0.0
2026,9,20,5,43,05:43,218.0,5.7,7.3,8.7,0.0
2026,9,20,5,44,05:44,213.7,7.2,8.7,10.5,0.0
2026,9,20,5,46,05:46,216.7,7.5,9.2,11.6,0.0
2026,9,20,5,48,05:48,210.0,7.3,8.8,10.8,0.0
2026,9,20,5,49,05:49,217.8,6.7,8.3,9.9,0.0
2026,9,20,5,51,05:51,219.8,6.7,9.1,10.5,0.0
2026,9,20,5,53,05:53,219.4,6.1,7.6,9.2,0.0
2026,9,20,5,54,05:54,219.3,6.0,8.3,10.2,0.0
2026,9,20,5,56,05:56,222.4,5.8,8.0,9.9,0.0
2026,9,20,5,58,05:58,221.6,6.7,8.6,10.8,0.0
2026,9,20,5,59,05:59,216.4,6.3,7.7,8.7,0.0
2026,9,20,6,2,06:01,216.4,6.9,8.0,9.9,0.0
2026,9,20,6,3,06:03,218.4,6.3,7.5,8.9,0.0
2026,9,20,6,4,06:04,220.8,6.7,8.2,10.1,0.0
2026,9,20,6,7,06:06,216.5,6.9,8.3,9.5,0.0
2026,9,20,6,8,06:08,217.8,6.8,8.3,9.8,0.0
2026,9,20,6,9,06:09,218.2,5.6,7.0,8.2,0.0
2026,9,20,6,12,06:11,215.0,6.4,7.7,9.5,0.0
2026,9,20,6,13,06:13,216.2,7.5,8.4,9.3,0.0
2026,9,20,6,14,06:14,220.7,6.3,7.7,9.2,0.0
2026,9,20,6,16,06:16,218.8,6.9,8.1,9.7,0.0
2026,9,20,6,18,06:18,220.6,5.9,7.2,8.8,0.0
2026,9,20,6,19,06:19,220.4,5.0,6.2,7.4,0.0
2026,9,20,6,22,06:22,220.7,4.8,6.6,9.1,0.0
2026,9,20,6,23,06:23,225.7,6.6,8.9,10.4,0.0
2026,9,20,6,24,06:24,226.7,5.7,6.8,8.3,0.0
2026,9,20,6,26,06:26,231.3,5.3,7.0,8.1,0.0
2026,9,20,6,28,06:28,226.0,5.6,7.1,8.9,0.0
2026,9,20,6,29,06:29,225.2,6.1,7.1,8.9,0.0
2026,9,20,6,31,06:31,224.2,6.3,8.0,10.5,0.0
2026,9,20,6,33,06:33,220.6,6.2,7.3,8.7,0.0
2026,9,20,6,34,06:34,220.5,5.2,7.0,8.4,0.0
2026,9,20,6,36,06:36,223.2,5.1,6.7,7.7,0.0
2026,9,20,6,38,06:38,218.1,6.9,7.6,8.4,0.0
2026,9,20,6,39,06:39,218.2,6.0,7.2,8.0,0.0
2026,9,20,6,42,06:42,221.1,5.8,7.3,8.5,0.0
2026,9,20,6,43,06:43,228.6,4.7,6.8,8.5,0.0
2026,9,20,6,44,06:44,216.1,5.0,6.6,8.1,0.0
2026,9,20,6,47,06:46,219.2,6.5,8.1,9.3,0.0
2026,9,20,6,48,06:48,227.3,6.2,7.4,8.9,0.0
2026,9,20,6,49,06:49,228.7,5.1,6.7,8.0,0.0
2026,9,20,6,51,06:51,227.5,4.7,6.3,8.6,0.0
2026,9,20,6,53,06:53,227.6,4.8,6.5,8.1,0.0
2026,9,20,6,54,06:54,220.9,6.4,8.1,10.2,0.0
2026,9,20,6,56,06:56,225.6,6.4,7.4,8.8,0.0
2026,9,20,6,58,06:58,224.4,6.5,7.8,9.6,0.0
2026,9,20,6,59,06:59,229.1,4.9,7.4,9.8,0.0
2026,9,20,7,2,07:01,226.0,4.4,6.3,8.2,0.0
2026,9,20,7,3,07:03,228.4,6.1,7.7,8.8,0.0
2026,9,20,7,4,07:04,219.9,5.5,7.7,10.8,0.0
2026,9,20,7,6,07:06,225.5,4.7,6.8,8.5,0.0
2026,9,20,7,8,07:08,227.9,5.6,7.4,9.2,0.0
2026,9,20,7,9,07:09,224.2,4.8,6.3,8.8,0.0
2026,9,20,7,12,07:11,234.3,4.0,5.5,7.1,0.0
2026,9,20,7,13,07:13,230.8,4.4,6.8,9.1,0.0
2026,9,20,7,14,07:14,230.2,6.6,8.0,9.8,0.0
2026,9,20,7,16,07:16,230.6,4.6,5.7,6.6,0.0
2026,9,20,7,18,07:18,226.2,4.2,5.4,6.7,0.0
2026,9,20,7,19,07:19,239.2,4.2,5.6,7.8,0.0
2026,9,20,7,22,07:21,228.6,5.2,6.6,7.8,0.0
2026,9,20,7,23,07:23,233.0,4.7,5.9,7.3,0.0
2026,9,20,7,24,07:24,228.1,4.0,5.1,6.9,0.0
2026,9,20,7,27,07:26,222.7,5.9,7.1,9.2,0.0
2026,9,20,7,28,07:28,224.9,4.2,6.0,9.0,0.0
2026,9,20,7,29,07:29,231.1,4.8,7.2,10.5,0.0
2026,9,20,7,31,07:31,230.5,4.7,6.2,7.8,0.0
2026,9,20,7,33,07:33,235.7,4.3,5.6,6.9,0.0
2026,9,20,7,34,07:34,231.7,4.3,5.4,6.3,0.0
2026,9,20,7,36,07:36,226.8,4.5,6.1,7.9,0.0
2026,9,20,7,38,07:38,221.8,4.6,6.3,8.3,0.0
2026,9,20,7,39,07:39,218.8,4.5,6.8,9.1,0.0
2026,9,20,7,41,07:41,224.7,6.0,7.3,8.4,0.0
2026,9,20,7,43,07:43,228.3,4.2,5.6,7.5,0.0
2026,9,20,7,44,07:44,225.6,5.4,6.9,9.6,0.0
2026,9,20,7,46,07:46,239.6,5.4,6.7,7.7,0.0
2026,9,20,7,48,07:48,224.9,4.9,6.8,8.5,0.0
2026,9,20,7,49,07:49,231.6,5.6,6.8,9.2,0.0
2026,9,20,7,51,07:51,228.5,5.0,6.8,8.1,0.0
2026,9,20,7,53,07:53,228.6,4.0,6.2,8.0,0.0
2026,9,20,7,54,07:54,224.9,4.1,7.3,9.2,0.0
2026,9,20,7,57,07:57,221.0,4.6,6.7,8.4,0.0
2026,9,20,7,58,07:58,224.2,5.6,7.0,8.3,0.0
2026,9,20,7,59,07:59,224.1,5.9,7.4,9.4,0.0
2026,9,20,8,2,08:02,226.7,4.6,5.5,6.3,0.0
2026,9,20,8,3,08:03,233.4,4.8,5.9,7.0,0.0
2026,9,20,8,4,08:04,228.4,4.2,6.2,7.7,0.0
2026,9,20,8,6,08:06,230.1,6.2,7.4,8.5,0.0
2026,9,20,8,8,08:08,230.3,3.7,5.1,7.1,0.0
2026,9,20,8,9,08:09,227.9,4.2,5.6,6.7,0.0
2026,9,20,8,12,08:11,227.7,4.5,6.0,7.5,0.0
2026,9,20,8,13,08:13,230.8,5.0,5.9,7.4,0.0
2026,9,20,8,14,08:14,227.7,3.9,5.6,7.5,0.0
2026,9,20,8,16,08:16,222.8,5.0,6.3,8.8,0.0
2026,9,20,8,18,08:18,221.2,4.5,6.2,7.8,0.0
2026,9,20,8,19,08:19,224.9,5.0,6.0,7.5,0.0
2026,9,20,8,22,08:21,219.9,5.8,7.3,9.1,0.0
2026,9,20,8,23,08:23,229.0,4.8,6.5,8.1,0.0
2026,9,20,8,24,08:24,222.6,4.5,6.5,8.5,0.0
2026,9,20,8,27,08:26,226.0,5.7,7.0,8.5,0.0
2026,9,20,8,28,08:28,231.2,4.9,6.2,8.0,0.0
2026,9,20,8,29,08:29,226.3,4.1,5.5,6.9,0.0
2026,9,20,8,31,08:31,227.2,4.2,6.5,9.7,0.0
2026,9,20,8,33,08:33,224.8,5.6,6.6,8.1,0.0
2026,9,20,8,34,08:34,230.2,4.7,6.5,9.4,0.0
2026,9,20,8,37,08:36,224.0,5.4,6.6,7.8,0.0
2026,9,20,8,38,08:38,230.5,4.2,5.9,7.6,0.0
2026,9,20,8,39,08:39,222.3,4.1,5.8,8.8,0.0
2026,9,20,8,42,08:42,233.4,5.0,6.4,8.4,0.0
2026,9,20,8,43,08:43,225.1,4.7,6.6,9.1,0.0
2026,9,20,8,44,08:44,230.6,5.0,7.2,9.0,0.0
2026,9,20,8,46,08:46,236.9,3.9,5.6,7.2,0.0
2026,9,20,8,48,08:48,228.6,4.9,6.4,8.1,0.0
2026,9,20,8,49,08:49,230.0,4.9,6.0,7.7,0.0
2026,9,20,8,51,08:51,232.5,6.1,7.5,9.1,0.0
2026,9,20,8,53,08:53,227.8,4.7,6.3,8.1,0.0
2026,9,20,8,54,08:54,228.2,4.9,6.9,9.2,0.0
2026,9,20,8,56,08:56,228.2,4.9,6.1,8.0,0.0
2026,9,20,8,58,08:58,232.4,5.1,5.9,7.2,0.0
2026,9,20,8,59,08:59,223.4,4.3,5.3,7.2,0.0
2026,9,20,9,1,09:01,223.5,4.7,6.9,9.1,0.0
2026,9,20,9,3,09:03,224.6,5.6,6.8,7.8,0.0
2026,9,20,9,4,09:04,226.6,4.7,6.8,10.8,0.0
2026,9,20,9,6,09:06,227.6,5.9,7.2,9.2,0.0
2026,9,20,9,8,09:08,228.8,4.5,6.3,8.4,0.0
2026,9,20,9,9,09:09,229.3,4.9,6.1,7.6,0.0
2026,9,20,9,11,09:11,226.1,4.0,5.7,7.4,0.0
2026,9,20,9,13,09:13,232.9,3.8,6.0,8.2,0.0
2026,9,20,9,14,09:14,231.5,4.1,5.9,7.7,0.0
2026,9,20,9,16,09:16,231.1,3.6,5.2,7.1,0.0
2026,9,20,9,18,09:18,226.0,5.7,7.3,9.1,0.0
2026,9,20,9,19,09:19,226.7,4.4,6.3,8.4,0.0
2026,9,20,9,21,09:21,236.7,3.4,5.0,7.4,0.0
2026,9,20,9,23,09:23,245.3,4.7,6.9,9.2,0.0
2026,9,20,9,24,09:24,234.4,5.0,6.5,7.7,0.0
2026,9,20,9,26,09:26,237.4,4.0,6.0,8.6,0.0
2026,9,20,9,28,09:28,237.0,3.8,5.3,7.2,0.0
2026,9,20,9,29,09:29,236.0,4.4,6.1,8.0,0.0
2026,9,20,9,32,09:32,242.5,4.0,6.0,8.3,0.0
2026,9,20,9,33,09:33,237.3,4.3,6.8,8.9,0.0
2026,9,20,9,34,09:34,231.7,6.1,7.7,9.7,0.0
2026,9,20,9,37,09:37,238.6,4.5,6.2,8.3,0.0
2026,9,20,9,38,09:38,249.1,4.6,6.3,7.8,0.0
2026,9,20,9,39,09:39,230.8,5.4,7.3,9.0,0.0
2026,9,20,9,41,09:41,236.1,3.9,6.2,8.7,0.0
2026,9,20,9,43,09:43,234.3,4.2,6.6,8.6,0.0
2026,9,20,9,44,09:44,230.9,3.5,5.7,8.5,0.0
2026,9,20,9,46,09:46,232.0,4.5,7.1,9.7,0.0
2026,9,20,9,48,09:48,239.7,5.8,7.0,8.5,0.0
2026,9,20,9,49,09:49,243.0,5.4,6.9,8.8,0.0
2026,9,20,9,52,09:51,229.4,5.0,6.6,8.9,0.0
2026,9,20,9,53,09:53,239.6,5.3,7.0,9.1,0.0
2026,9,20,9,54,09:54,241.2,5.1,6.8,8.4,0.0
2026,9,20,9,56,09:56,230.7,3.8,5.3,6.5,0.0
2026,9,20,9,58,09:58,235.0,3.8,5.4,6.6,0.0
2026,9,20,9,59,09:59,239.2,3.8,5.3,6.4,0.0
2026,9,20,10,2,10:02,236.1,5.7,6.8,8.1,0.0
2026,9,20,10,3,10:03,234.5,4.2,5.8,7.3,0.0
2026,9,20,10,4,10:04,231.7,5.4,6.8,8.7,0.0
2026,9,20,10,6,10:06,222.2,4.8,7.8,9.8,0.0
2026,9,20,10,8,10:08,235.5,5.3,6.7,9.2,0.0
2026,9,20,10,9,10:09,242.6,4.9,6.0,7.3,0.0
2026,9,20,10,11,10:11,225.3,4.1,5.8,7.1,0.0
2026,9,20,10,13,10:13,230.4,4.1,5.2,7.3,0.0
2026,9,20,10,14,10:14,227.8,4.6,6.0,7.8,0.0
2026,9,20,10,16,10:16,238.5,5.2,6.4,8.8,0.0
2026,9,20,10,18,10:18,234.4,4.1,5.5,6.8,0.0
2026,9,20,10,19,10:19,232.0,3.6,5.4,7.0,0.0
2026,9,20,10,21,10:21,233.2,4.1,5.5,6.7,0.0
2026,9,20,10,23,10:23,233.0,5.6,6.8,8.2,0.0
2026,9,20,10,24,10:24,228.3,4.0,6.3,8.1,0.0
2026,9,20,10,27,10:26,240.1,4.4,5.4,6.5,0.0
2026,9,20,10,28,10:28,238.7,3.8,5.3,6.8,0.0
2026,9,20,10,29,10:29,232.6,3.0,4.5,5.6,0.0
2026,9,20,10,31,10:31,227.1,3.4,4.7,5.5,0.0
2026,9,20,10,33,10:33,230.5,3.1,4.6,5.9,0.0
2026,9,20,10,34,10:34,226.8,4.3,4.9,5.7,0.0
2026,9,20,10,37,10:36,230.1,3.5,4.9,6.3,0.0
2026,9,20,10,38,10:38,223.3,3.7,5.7,7.1,0.0
2026,9,20,10,39,10:39,227.2,4.4,6.0,7.7,0.0
2026,9,20,10,41,10:41,229.2,4.9,6.0,7.9,0.0
2026,9,20,10,43,10:43,230.7,4.8,6.8,8.5,0.0
2026,9,20,10,44,10:44,227.3,3.8,5.1,6.3,0.0
2026,9,20,10,46,10:46,230.6,5.6,6.6,8.0,0.0
2026,9,20,10,48,10:48,229.1,4.5,5.6,7.7,0.0
2026,9,20,10,49,10:49,225.0,5.2,6.8,8.2,0.0
2026,9,20,10,52,10:51,229.5,5.2,6.8,8.0,0.0
2026,9,20,10,53,10:53,240.6,3.4,5.0,6.4,0.0
2026,9,20,10,54,10:54,230.0,3.9,5.5,6.7,0.0
2026,9,20,10,57,10:56,225.1,4.9,5.7,7.3,0.0
2026,9,20,10,58,10:58,226.3,3.7,5.5,8.3,0.0
2026,9,20,10,59,10:59,223.6,5.8,6.8,9.1,0.0
2026,9,20,11,1,11:01,227.1,3.7,4.8,6.5,0.0
2026,9,20,11,3,11:03,228.0,3.1,4.3,5.5,0.0
2026,9,20,11,4,11:04,226.0,4.7,5.4,6.6,0.0
2026,9,20,11,7,11:06,235.5,3.9,5.2,6.5,0.0
2026,9,20,11,8,11:08,234.5,1.5,4.9,6.7,0.0
2026,9,20,11,9,11:09,220.1,5.0,6.3,8.3,0.0
2026,9,20,11,12,11:11,231.8,4.6,6.8,11.0,0.0
2026,9,20,11,13,11:13,228.5,5.0,6.2,8.3,0.0
2026,9,20,11,14,11:14,233.0,3.5,5.2,6.6,0.0
2026,9,20,11,16,11:16,227.6,4.1,6.2,7.2,0.0
2026,9,20,11,18,11:18,227.8,4.3,7.2,10.3,0.0
2026,9,20,11,19,11:19,216.6,6.0,8.4,11.2,0.0
2026,9,20,11,21,11:21,223.9,6.9,8.3,10.2,0.0
2026,9,20,11,23,11:23,228.5,6.1,7.4,9.9,0.0
2026,9,20,11,24,11:23,228.5,6.1,7.4,9.9,0.0
2026,9,20,11,26,11:26,221.1,3.9,6.3,8.5,0.0
2026,9,20,11,28,11:28,225.5,3.0,5.4,7.7,0.0
2026,9,20,11,29,11:29,224.6,4.2,5.5,6.8,0.0
2026,9,20,11,31,11:31,221.8,5.2,6.6,7.9,0.0
2026,9,20,11,33,11:33,221.1,5.5,6.5,7.6,0.0
2026,9,20,11,34,11:34,227.5,5.4,6.7,8.2,0.0
2026,9,20,11,36,11:36,220.1,6.8,8.0,10.1,0.0
2026,9,20,11,38,11:38,225.7,5.8,7.4,9.4,0.0
2026,9,20,11,39,11:39,230.2,4.1,5.9,7.3,0.0
2026,9,20,11,42,11:41,226.9,4.0,5.2,6.4,0.0
2026,9,20,11,43,11:43,230.4,6.0,7.0,9.0,0.0
2026,9,20,11,44,11:44,220.0,4.9,6.6,8.6,0.0
2026,9,20,11,46,11:46,225.3,5.5,7.8,11.0,0.0
2026,9,20,11,48,11:48,222.9,6.6,8.3,9.6,0.0
2026,9,20,11,49,11:49,216.7,6.2,7.6,9.1,0.0
2026,9,20,11,52,11:51,220.6,7.3,8.5,10.1,0.0
2026,9,20,11,53,11:53,225.9,5.7,7.5,9.1,0.0
2026,9,20,11,54,11:54,223.8,7.0,8.6,10.4,0.0
2026,9,20,11,56,11:56,227.7,4.4,6.0,7.8,0.0
2026,9,20,11,58,11:58,227.1,5.2,6.6,7.8,0.0
2026,9,20,11,59,11:59,211.4,6.7,8.6,11.0,0.0
2026,9,20,12,1,12:01,219.6,5.6,7.6,9.7,0.0
2026,9,20,12,3,12:03,221.3,6.6,8.0,10.4,0.0
2026,9,20,12,4,12:04,217.4,7.5,9.1,10.5,0.0
2026,9,20,12,7,12:06,212.5,6.6,7.5,8.4,0.0
2026,9,20,12,8,12:08,213.4,6.3,7.4,8.8,0.0
2026,9,20,12,9,12:09,215.3,6.4,7.3,8.5,0.0
2026,9,20,12,11,12:11,215.7,6.0,7.0,8.4,0.0
2026,9,20,12,13,12:13,209.6,7.2,8.9,10.7,0.0
2026,9,20,12,14,12:14,211.1,7.1,8.4,9.9,0.0
2026,9,20,12,17,12:17,213.2,6.7,8.4,10.9,0.0
2026,9,20,12,18,12:18,216.2,6.5,7.8,8.8,0.0
2026,9,20,12,19,12:19,214.5,6.9,9.4,10.8,0.0
2026,9,20,12,22,12:21,217.8,7.2,9.2,10.9,0.0
2026,9,20,12,23,12:23,210.7,8.4,10.0,11.4,0.0
2026,9,20,12,24,12:24,213.6,8.3,9.6,10.9,0.0
2026,9,20,12,26,12:26,213.3,6.8,7.9,9.1,0.0
2026,9,20,12,28,12:28,209.0,6.7,8.3,10.4,0.0
2026,9,20,12,29,12:29,212.0,6.8,8.3,9.8,0.0
2026,9,20,12,31,12:31,215.6,8.1,9.5,10.8,0.0
2026,9,20,12,33,12:33,216.9,8.0,9.5,11.7,0.0
2026,9,20,12,34,12:34,216.0,8.1,9.9,11.9,0.0
2026,9,20,12,36,12:36,215.0,6.4,8.5,10.2,0.0
2026,9,20,12,38,12:38,216.5,7.5,9.3,12.0,0.0
2026,9,20,12,39,12:39,214.7,8.7,10.3,12.3,0.0
2026,9,20,12,42,12:41,220.7,7.3,9.8,11.5,0.0
2026,9,20,12,43,12:43,213.1,7.1,8.5,10.4,0.0
2026,9,20,12,44,12:44,216.9,7.6,9.1,10.3,0.0
2026,9,20,12,46,12:46,216.5,6.9,9.1,11.4,0.0
2026,9,20,12,48,12:48,214.2,7.7,9.3,11.2,0.0
2026,9,20,12,49,12:49,215.5,8.0,9.3,10.9,0.0
2026,9,20,12,51,12:51,219.6,6.8,8.3,11.0,0.0
2026,9,20,12,53,12:53,222.5,6.4,8.1,10.4,0.0
2026,9,20,12,54,12:54,211.0,6.9,9.2,11.4,0.0
2026,9,20,12,56,12:56,217.3,7.1,8.9,10.5,0.0
2026,9,20,12,58,12:58,216.5,7.0,9.1,10.5,0.0
2026,9,20,12,59,12:59,216.9,7.2,8.4,9.7,0.0
2026,9,20,13,1,13:01,221.8,7.4,8.6,9.9,0.0
2026,9,20,13,3,13:03,230.2,6.6,8.0,9.8,0.0
2026,9,20,13,4,13:04,218.0,5.9,7.9,9.5,0.0
2026,9,20,13,7,13:07,216.2,6.8,8.6,10.3,0.0
2026,9,20,13,8,13:08,213.7,7.4,8.4,9.5,0.0
2026,9,20,13,9,13:09,213.3,6.4,8.6,10.5,0.0
2026,9,20,13,12,13:11,213.4,7.8,9.3,11.1,0.0
2026,9,20,13,13,13:13,211.1,8.3,9.8,11.5,0.0
2026,9,20,13,14,13:14,215.2,8.3,9.4,10.5,0.0
2026,9,20,13,16,13:16,215.3,8.2,9.8,11.1,0.0
2026,9,20,13,18,13:18,213.5,7.3,8.8,10.2,0.0
2026,9,20,13,19,13:19,215.5,6.8,8.0,9.9,0.0
2026,9,20,13,22,13:21,212.3,7.4,9.5,11.4,0.0
2026,9,20,13,23,13:23,211.5,8.1,9.8,11.7,0.0
2026,9,20,13,24,13:24,213.7,8.0,9.9,11.7,0.0
2026,9,20,13,26,13:26,224.9,7.2,9.8,11.6,0.0
2026,9,20,13,28,13:28,216.8,7.1,9.1,11.6,0.0
2026,9,20,13,29,13:29,212.9,7.2,9.4,11.0,0.0
2026,9,20,13,31,13:31,212.4,7.8,9.9,12.3,0.0
2026,9,20,13,33,13:33,213.8,8.1,10.2,12.5,0.0
2026,9,20,13,34,13:34,217.3,8.4,10.8,13.1,0.0
2026,9,20,13,36,13:36,217.6,8.0,10.4,12.9,0.0
2026,9,20,13,38,13:38,209.6,6.1,7.8,9.2,0.0
2026,9,20,13,39,13:39,215.4,6.6,7.8,9.0,0.0
2026,9,20,13,41,13:41,214.7,7.5,9.7,11.4,0.0
2026,9,20,13,43,13:43,213.3,7.8,9.7,11.2,0.0
2026,9,20,13,44,13:44,215.5,7.2,8.9,10.8,0.0
2026,9,20,13,46,13:46,214.1,6.6,9.4,10.8,0.0
2026,9,20,13,48,13:48,220.3,7.5,10.2,14.4,0.0
2026,9,20,13,49,13:49,215.1,8.9,11.1,13.6,0.0
2026,9,20,13,52,13:52,209.8,9.1,10.8,12.6,0.0
2026,9,20,13,53,13:53,219.8,8.3,10.1,12.0,0.0
2026,9,20,13,54,13:54,215.6,8.0,10.0,11.4,0.0
2026,9,20,13,57,13:56,212.4,7.5,9.3,11.6,0.0
2026,9,20,13,58,13:58,216.9,7.5,9.8,12.9,0.0
2026,9,20,13,59,13:59,217.6,8.5,10.2,13.6,0.0
2026,9,20,14,1,14:01,219.7,6.8,8.9,10.7,0.0
2026,9,20,14,3,14:03,220.8,8.1,10.1,12.2,0.0
2026,9,20,14,4,14:04,225.2,7.2,8.6,10.8,0.0
2026,9,20,14,6,14:06,218.9,6.4,8.6,10.4,0.0
2026,9,20,14,8,14:08,216.6,6.8,9.2,10.8,0.0
2026,9,20,14,9,14:09,215.0,7.3,8.7,10.5,0.0
2026,9,20,14,12,14:11,212.2,7.1,8.5,9.8,0.0
2026,9,20,14,13,14:13,210.4,7.1,8.6,11.1,0.0
2026,9,20,14,14,14:14,214.4,7.8,9.1,10.5,0.0
2026,9,20,14,17,14:17,208.0,8.0,9.3,10.9,0.0
2026,9,20,14,18,14:18,207.8,8.8,10.4,12.0,0.0
2026,9,20,14,19,14:19,206.7,7.8,9.6,11.0,0.0
2026,9,20,14,22,14:21,204.6,7.8,9.3,11.1,0.0
2026,9,20,14,23,14:23,209.0,7.8,9.6,11.1,0.0
2026,9,20,14,24,14:24,211.4,7.3,8.8,11.1,0.0
2026,9,20,14,26,14:26,210.7,8.1,9.6,11.4,0.0
2026,9,20,14,28,14:28,217.0,6.9,9.4,11.6,0.0
2026,9,20,14,29,14:29,209.6,7.5,9.1,10.8,0.0
2026,9,20,14,31,14:31,216.9,7.5,9.3,11.5,0.0
2026,9,20,14,33,14:33,216.5,6.6,8.0,10.7,0.0
2026,9,20,14,34,14:34,214.6,6.6,8.8,10.7,0.0
2026,9,20,14,37,14:37,213.8,7.7,9.4,11.5,0.0
2026,9,20,14,38,14:38,211.5,6.5,8.7,11.1,0.0
2026,9,20,14,39,14:39,211.0,7.2,8.6,10.5,0.0
2026,9,20,14,41,14:41,212.0,8.2,9.5,11.0,0.0
2026,9,20,14,43,14:43,216.6,6.9,9.8,11.9,0.0
2026,9,20,14,44,14:44,217.1,6.0,9.1,10.9,0.0
2026,9,20,14,47,14:47,215.5,7.7,9.6,11.4,0.0
2026,9,20,14,48,14:48,218.9,8.0,9.2,10.9,0.0
2026,9,20,14,49,14:49,214.2,6.9,8.6,10.4,0.0
2026,9,20,14,52,14:52,216.2,7.8,10.3,13.3,0.0
2026,9,20,14,53,14:53,210.5,8.8,10.8,12.6,0.0
2026,9,20,14,54,14:54,215.8,8.0,9.8,12.0,0.0
2026,9,20,14,56,14:56,214.3,7.4,9.1,11.0,0.0
2026,9,20,14,58,14:58,213.2,7.7,9.1,10.8,0.0
2026,9,20,14,59,14:59,210.6,7.6,9.1,10.7,0.0
2026,9,20,15,1,15:01,213.5,7.5,10.1,12.0,0.0
2026,9,20,15,3,15:03,211.6,9.9,12.0,14.2,0.0
2026,9,20,15,4,15:04,209.7,8.3,10.7,12.8,0.0
2026,9,20,15,6,15:06,218.2,8.1,9.9,12.2,0.0
2026,9,20,15,8,15:08,215.7,8.5,10.7,13.6,0.0
2026,9,20,15,9,15:09,217.2,6.9,9.2,11.0,0.0
2026,9,20,15,12,15:11,220.8,6.8,9.3,11.7,0.0
2026,9,20,15,13,15:13,224.7,7.3,8.8,10.3,0.0
2026,9,20,15,14,15:14,220.8,6.7,7.7,9.0,0.0
2026,9,20,15,17,15:16,221.8,6.5,8.8,11.1,0.0
2026,9,20,15,18,15:18,222.7,7.1,8.6,10.3,0.0
2026,9,20,15,19,15:19,214.7,7.1,8.6,10.4,0.0
2026,9,20,15,21,15:21,215.8,7.8,9.8,10.9,0.0
2026,9,20,15,23,15:23,212.2,7.7,9.5,12.2,0.0
2026,9,20,15,24,15:24,212.5,9.3,11.2,13.3,0.0
2026,9,20,15,26,15:26,212.2,7.5,9.2,11.5,0.0
2026,9,20,15,28,15:28,212.0,8.0,9.4,10.7,0.0
2026,9,20,15,29,15:29,209.4,7.5,9.1,10.8,0.0
2026,9,20,15,31,15:31,209.7,7.7,9.6,11.2,0.0
2026,9,20,15,33,15:33,214.6,7.5,10.1,14.2,0.0
2026,9,20,15,34,15:34,214.9,7.8,9.8,12.0,0.0
2026,9,20,15,36,15:36,211.2,8.0,9.2,10.7,0.0
2026,9,20,15,38,15:38,214.0,9.4,10.8,12.8,0.0
2026,9,20,15,39,15:39,214.1,8.8,9.9,11.1,0.0
2026,9,20,15,41,15:41,209.1,7.7,9.3,12.3,0.0
2026,9,20,15,43,15:43,214.4,8.5,9.8,11.9,0.0
2026,9,20,15,44,15:44,210.1,8.0,9.6,11.6,0.0
2026,9,20,15,47,15:46,222.2,7.7,9.5,11.1,0.0
2026,9,20,15,48,15:48,212.5,8.0,9.8,11.7,0.0
2026,9,20,15,49,15:49,224.2,6.7,8.8,10.4,0.0
2026,9,20,15,51,15:51,217.7,7.5,9.3,10.9,0.0
2026,9,20,15,53,15:53,217.1,7.0,8.3,9.8,0.0
2026,9,20,15,54,15:54,223.3,6.2,8.5,11.2,0.0
2026,9,20,15,56,15:56,213.2,7.5,8.8,10.3,0.0
2026,9,20,15,58,15:58,221.4,7.3,8.8,12.8,0.0
2026,9,20,15,59,15:59,217.7,9.2,11.4,14.0,0.0
2026,9,20,16,2,16:01,217.3,8.1,10.4,13.8,0.0
2026,9,20,16,3,16:03,224.4,7.9,9.8,11.9,0.0
2026,9,20,16,4,16:04,227.9,6.6,8.4,9.8,0.0
2026,9,20,16,6,16:06,222.5,8.1,10.5,12.9,0.0
2026,9,20,16,8,16:08,223.4,8.3,10.7,12.0,0.0
2026,9,20,16,9,16:09,224.5,7.5,9.0,11.1,0.0
2026,9,20,16,11,16:11,226.3,8.2,10.9,12.9,0.0
2026,9,20,16,13,16:13,216.4,8.3,10.8,12.8,0.0
2026,9,20,16,14,16:14,214.6,7.7,10.5,11.9,0.0
2026,9,20,16,17,16:16,217.0,7.7,9.8,11.7,0.0
2026,9,20,16,18,16:18,222.1,8.1,10.1,13.1,0.0
2026,9,20,16,19,16:19,220.7,7.9,9.4,11.5,0.0
2026,9,20,16,21,16:21,216.8,6.4,8.8,10.7,0.0
2026,9,20,16,23,16:23,212.1,6.8,8.7,9.9,0.0
2026,9,20,16,24,16:24,216.9,7.8,9.2,11.1,0.0
2026,9,20,16,26,16:26,214.6,8.0,9.1,10.5,0.0
2026,9,20,16,28,16:28,217.5,6.7,8.7,12.0,0.0
2026,9,20,16,29,16:29,226.9,8.3,9.9,12.0,0.0
2026,9,20,16,31,16:31,226.1,7.5,9.6,11.6,0.0
2026,9,20,16,33,16:33,217.4,8.3,10.0,12.5,0.0
2026,9,20,16,34,16:34,210.5,8.8,10.9,12.9,0.0
2026,9,20,16,36,16:36,228.8,7.3,10.1,12.2,0.0
2026,9,20,16,38,16:38,223.6,7.1,8.5,11.1,0.0
2026,9,20,16,39,16:39,230.7,6.3,8.1,10.5,0.0
2026,9,20,16,41,16:41,216.0,7.2,9.0,10.5,0.0
2026,9,20,16,43,16:43,215.8,9.3,10.9,13.1,0.0
2026,9,20,16,44,16:44,221.0,6.6,8.5,10.7,0.0
2026,9,20,16,46,16:46,221.3,7.1,8.8,10.3,0.0
2026,9,20,16,48,16:48,219.8,5.7,7.5,8.8,0.0
2026,9,20,16,49,16:49,221.5,6.6,8.2,9.4,0.0
2026,9,20,16,51,16:51,217.3,6.5,8.2,9.5,0.0
2026,9,20,16,53,16:53,218.8,7.8,9.3,10.9,0.0
2026,9,20,16,54,16:54,222.3,5.6,8.0,9.8,0.0
2026,9,20,16,56,16:56,221.6,6.7,9.7,12.5,0.0
2026,9,20,16,58,16:58,219.4,8.5,9.8,11.9,0.0
2026,9,20,16,59,16:59,220.1,7.7,9.8,12.5,0.0
2026,9,20,17,1,17:01,222.8,7.1,9.1,11.4,0.0
2026,9,20,17,3,17:03,218.6,6.0,7.4,9.2,0.0
2026,9,20,17,4,17:04,213.2,8.0,9.3,11.5,0.0
2026,9,20,17,7,17:06,222.3,6.4,8.1,9.4,0.0
2026,9,20,17,8,17:08,220.4,7.0,8.6,10.0,0.0
2026,9,20,17,9,17:09,218.5,7.3,8.9,10.7,0.0
2026,9,20,17,11,17:11,222.3,7.8,9.8,12.2,0.0
2026,9,20,17,13,17:13,222.8,6.6,8.9,11.0,0.0
2026,9,20,17,14,17:14,222.5,7.9,9.4,11.5,0.0
2026,9,20,17,16,17:16,220.7,7.0,10.2,14.6,0.0
2026,9,20,17,18,17:18,223.7,8.0,10.7,12.8,0.0
2026,9,20,17,19,17:19,224.3,7.8,9.6,11.5,0.0
2026,9,20,17,22,17:22,226.3,5.9,8.5,10.3,0.0
2026,9,20,17,23,17:23,225.2,6.7,8.5,11.0,0.0
2026,9,20,17,24,17:24,221.1,6.1,8.0,9.5,0.0
2026,9,20,17,26,17:26,220.1,6.5,9.3,11.4,0.0
2026,9,20,17,28,17:28,219.3,7.8,9.3,10.5,0.0
2026,9,20,17,29,17:29,220.5,7.0,8.5,9.6,0.0
2026,9,20,17,31,17:31,216.4,6.2,7.9,9.3,0.0
2026,9,20,17,33,17:33,224.7,7.4,9.0,10.7,0.0
2026,9,20,17,34,17:34,222.0,7.0,9.2,10.9,0.0
2026,9,20,17,37,17:36,220.4,7.8,9.7,12.5,0.0
2026,9,20,17,38,17:38,220.7,6.6,8.6,10.7,0.0
2026,9,20,17,39,17:39,223.1,6.1,7.8,10.2,0.0
2026,9,20,17,42,17:41,224.6,5.6,7.4,8.4,0.0
2026,9,20,17,43,17:43,221.0,6.0,7.4,9.8,0.0
2026,9,20,17,44,17:44,221.5,7.3,8.5,10.1,0.0
2026,9,20,17,46,17:46,226.7,6.5,7.9,9.6,0.0
2026,9,20,17,48,17:48,221.9,5.8,6.7,7.6,0.0
2026,9,20,17,49,17:49,228.9,4.8,5.8,6.9,0.0
2026,9,20,17,51,17:51,212.8,4.8,6.9,8.8,0.0
2026,9,20,17,53,17:53,222.9,6.3,7.9,9.8,0.0
2026,9,20,17,54,17:54,222.0,7.1,8.8,10.5,0.0
2026,9,20,17,56,17:56,221.7,4.9,6.2,7.6,0.0
2026,9,20,17,58,17:58,223.0,4.0,5.8,7.4,0.0
2026,9,20,17,59,17:59,222.7,4.9,6.2,7.8,0.0
2026,9,20,18,1,18:01,224.4,5.2,6.7,9.1,0.0
2026,9,20,18,3,18:03,221.1,4.2,5.4,7.0,0.0
2026,9,20,18,4,18:04,220.3,4.6,5.7,7.3,0.0
2026,9,20,18,7,18:07,231.6,2.8,4.3,5.8,0.0
2026,9,20,18,8,18:08,219.6,4.2,5.6,6.7,0.0
2026,9,20,18,9,18:09,225.7,3.8,5.1,6.5,0.0
2026,9,20,18,12,18:12,221.5,3.6,4.9,6.1,0.0
2026,9,20,18,13,18:13,217.1,4.0,5.2,7.1,0.0
2026,9,20,18,14,18:14,220.8,6.3,7.3,8.1,0.0
2026,9,20,18,16,18:16,223.0,3.7,5.1,6.4,0.0
2026,9,20,18,18,18:18,229.4,4.6,5.5,6.4,0.0
2026,9,20,18,19,18:19,227.2,4.9,6.0,7.8,0.0
2026,9,20,18,22,18:22,221.1,5.5,7.0,8.7,0.0
2026,9,20,18,23,18:23,220.3,5.7,6.7,8.3,0.0
2026,9,20,18,24,18:24,218.6,5.7,7.2,8.6,0.0
2026,9,20,18,26,18:26,223.9,4.3,5.9,7.0,0.0
2026,9,20,18,28,18:28,215.7,4.5,6.0,7.1,0.0
2026,9,20,18,29,18:29,226.5,3.9,5.6,7.0,0.0
2026,9,20,18,31,18:31,215.7,4.8,6.2,7.8,0.0
2026,9,20,18,33,18:33,224.4,4.8,5.9,7.2,0.0
2026,9,20,18,34,18:34,220.1,4.0,5.0,6.5,0.0
2026,9,20,18,37,18:36,218.2,5.3,6.2,7.0,0.0
2026,9,20,18,38,18:38,214.9,4.2,5.0,6.2,0.0
2026,9,20,18,39,18:39,222.8,4.0,5.5,6.5,0.0
2026,9,20,18,42,18:41,223.7,5.5,6.5,7.3,0.0
2026,9,20,18,43,18:43,223.7,4.5,5.8,7.7,0.0
2026,9,20,18,44,18:44,223.9,4.6,5.7,7.0,0.0
2026,9,20,18,47,18:47,222.4,5.3,6.5,8.0,0.0
2026,9,20,18,48,18:48,214.7,5.1,6.6,8.1,0.0
2026,9,20,18,49,18:49,220.1,4.5,5.6,6.7,0.0
2026,9,20,18,51,18:51,226.4,5.2,6.5,7.8,0.0
2026,9,20,18,53,18:53,221.2,5.2,6.0,7.1,0.0
2026,9,20,18,54,18:54,225.6,3.7,5.3,6.3,0.0
2026,9,20,18,57,18:56,216.3,4.3,5.3,6.2,0.0
2026,9,20,18,58,18:58,219.6,5.1,6.5,7.9,0.0
2026,9,20,18,59,18:59,218.2,5.0,6.2,7.3,0.0
2026,9,20,19,1,19:01,218.9,6.1,7.0,7.8,0.0
2026,9,20,19,3,19:03,220.5,5.2,6.4,7.7,0.0
2026,9,20,19,4,19:04,224.4,4.1,5.3,7.3,0.0
2026,9,20,19,7,19:07,221.6,4.2,5.2,6.1,0.0
2026,9,20,19,8,19:08,228.5,3.2,4.5,6.7,0.0
2026,9,20,19,9,19:09,232.8,4.0,5.3,6.3,0.0
2026,9,20,19,12,19:11,226.8,4.6,5.8,6.5,0.0
2026,9,20,19,13,19:13,230.2,3.8,5.2,6.1,0.0
2026,9,20,19,14,19:14,229.0,3.7,5.2,6.3,0.0
2026,9,20,19,16,19:16,236.4,3.1,5.6,7.4,0.0
2026,9,20,19,18,19:18,223.6,3.3,4.7,6.2,0.0
2026,9,20,19,19,19:19,227.9,3.5,5.3,7.5,0.0
2026,9,20,19,21,19:21,222.2,4.9,6.1,8.1,0.0
2026,9,20,19,23,19:23,222.2,4.6,5.9,7.4,0.0
2026,9,20,19,24,19:24,220.5,4.5,6.0,7.4,0.0
2026,9,20,19,27,19:27,222.1,4.4,5.3,6.5,0.0
2026,9,20,19,28,19:28,223.7,4.4,5.6,7.7,0.0
2026,9,20,19,31,19:31,226.9,4.0,5.3,7.1,0.0
2026,9,20,19,33,19:33,222.5,4.4,5.4,6.3,0.0
2026,9,20,19,34,19:34,224.6,3.9,5.3,6.8,0.0
2026,9,20,19,37,19:36,227.5,3.7,4.5,5.6,0.0
2026,9,20,19,38,19:38,219.9,4.1,5.0,5.6,0.0
2026,9,20,19,39,19:39,224.0,3.8,4.3,5.4,0.0
2026,9,20,19,42,19:41,224.6,2.4,4.2,6.1,0.0
2026,9,20,19,43,19:43,213.2,4.4,5.3,6.5,0.0
2026,9,20,19,44,19:44,217.3,4.9,6.1,7.2,0.0
2026,9,20,19,46,19:46,217.5,4.3,5.3,6.5,0.0
2026,9,20,19,48,19:48,215.6,4.5,5.5,6.8,0.0
2026,9,20,19,49,19:49,226.7,4.5,5.2,6.3,0.0
2026,9,20,19,51,19:51,216.1,4.3,5.0,6.1,0.0
2026,9,20,19,53,19:53,221.1,4.5,5.0,5.8,0.0
2026,9,20,19,54,19:54,221.5,4.3,5.0,5.9,0.0
2026,9,20,19,56,19:56,217.0,4.1,4.8,5.9,0.0
2026,9,20,19,58,19:58,218.8,4.2,5.2,6.1,0.0
2026,9,20,19,59,19:59,231.0,2.8,4.0,4.8,0.0
2026,9,20,20,1,20:01,218.6,4.1,4.8,5.6,0.0
2026,9,20,20,3,20:03,222.6,3.1,3.8,4.7,0.0
2026,9,20,20,4,20:04,217.5,3.0,4.3,5.1,0.0
2026,9,20,20,7,20:06,224.8,3.0,4.0,4.9,0.0
2026,9,20,20,8,20:08,222.1,3.1,4.0,4.9,0.0
2026,9,20,20,9,20:09,220.0,4.0,4.7,5.4,0.0
2026,9,20,20,11,20:11,218.0,3.1,4.1,5.4,0.0
2026,9,20,20,13,20:13,220.3,3.4,4.4,5.6,0.0
2026,9,20,20,14,20:14,220.4,3.5,4.2,6.0,0.0
2026,9,20,20,16,20:16,221.7,3.0,3.7,4.3,0.0
2026,9,20,20,18,20:18,215.2,4.4,5.2,5.8,0.0
2026,9,20,20,19,20:19,220.1,3.7,4.5,5.1,0.0
2026,9,20,20,21,20:21,214.5,3.8,4.6,5.3,0.0
2026,9,20,20,23,20:23,219.1,3.6,4.1,4.7,0.0
2026,9,20,20,24,20:24,209.6,3.6,4.7,5.2,0.0
2026,9,20,20,26,20:26,221.0,3.2,4.1,5.7,0.0
2026,9,20,20,28,20:28,216.7,4.1,4.8,5.6,0.0
2026,9,20,20,29,20:29,215.6,4.4,5.1,6.1,0.0
2026,9,20,20,31,20:31,218.3,3.9,4.6,5.6,0.0
2026,9,20,20,33,20:33,218.3,3.7,4.1,4.7,0.0
2026,9,20,20,34,20:34,214.6,3.0,3.8,5.0,0.0
2026,9,20,20,37,20:36,220.9,3.1,3.9,4.5,0.0
2026,9,20,20,38,20:38,215.8,3.2,3.6,4.2,0.0
2026,9,20,20,39,20:39,217.8,3.5,4.5,5.1,0.0
2026,9,20,20,41,20:41,217.3,3.3,4.2,5.4,0.0
2026,9,20,20,43,20:43,219.5,3.7,4.3,5.1,0.0
2026,9,20,20,44,20:44,224.4,3.1,3.7,4.6,0.0
2026,9,20,20,46,20:46,227.5,2.7,3.1,4.6,0.0
2026,9,20,20,48,20:48,213.8,3.0,3.8,4.6,0.0
2026,9,20,20,49,20:49,221.6,2.9,3.5,4.1,0.0
2026,9,20,20,52,20:51,227.5,3.6,4.2,5.0,0.0
2026,9,20,20,53,20:53,223.0,2.9,3.7,4.5,0.0
2026,9,20,20,54,20:54,225.5,2.5,3.3,4.4,0.0
2026,9,20,20,56,20:56,223.9,3.0,3.7,4.3,0.0
2026,9,20,20,58,20:58,224.4,2.6,3.1,3.8,0.0
2026,9,20,20,59,20:59,229.4,2.1,2.5,3.3,0.0
2026,9,20,21,1,21:01,229.9,2.3,3.0,3.5,0.0
2026,9,20,21,3,21:03,228.1,3.0,3.5,3.9,0.0
2026,9,20,21,4,21:04,224.7,2.8,3.4,4.2,0.0
2026,9,20,21,6,21:06,222.2,2.7,3.6,4.6,0.0
2026,9,20,21,8,21:08,218.4,3.5,4.3,5.6,0.0
2026,9,20,21,9,21:09,221.7,3.2,3.7,4.5,0.0
2026,9,20,21,12,21:11,224.1,2.4,3.6,4.4,0.0
2026,9,20,21,13,21:13,230.2,3.0,4.2,5.6,0.0
2026,9,20,21,14,21:14,221.9,2.6,3.6,4.6,0.0
2026,9,20,21,17,21:16,222.9,3.0,3.4,4.2,0.0
2026,9,20,21,18,21:18,223.0,3.3,3.7,4.3,0.0
2026,9,20,21,19,21:19,220.9,2.9,3.4,4.1,0.0
2026,9,20,21,21,21:21,213.4,3.0,3.6,4.1,0.0
2026,9,20,21,23,21:23,214.1,3.8,4.3,4.7,0.0
2026,9,20,21,24,21:24,210.3,3.5,4.4,5.8,0.0
2026,9,20,21,27,21:26,203.1,3.2,3.9,4.4,0.0
2026,9,20,21,28,21:28,205.6,3.4,3.9,4.5,0.0
2026,9,20,21,29,21:29,202.0,3.4,3.8,4.3,0.0
2026,9,20,21,32,21:31,202.6,4.1,4.5,4.9,0.0
2026,9,20,21,33,21:33,198.4,3.5,4.1,4.6,0.0
2026,9,20,21,34,21:34,198.5,3.4,4.0,4.4,0.0
2026,9,20,21,37,21:36,204.7,3.4,3.9,4.3,0.0
2026,9,20,21,38,21:38,204.4,3.2,3.8,4.3,0.0
2026,9,20,21,39,21:39,210.4,3.6,3.8,4.1,0.0
2026,9,20,21,41,21:41,208.3,3.1,3.4,3.8,0.0
2026,9,20,21,43,21:43,207.5,2.8,3.5,4.1,0.0
2026,9,20,21,44,21:44,206.5,3.2,3.6,4.0,0.0
2026,9,20,21,46,21:46,207.2,3.1,3.6,4.2,0.0
2026,9,20,21,48,21:48,220.3,2.8,3.7,4.2,0.0
2026,9,20,21,49,21:49,221.1,2.6,3.1,3.6,0.0
2026,9,20,21,52,21:51,217.5,2.7,3.3,3.6,0.0
2026,9,20,21,53,21:53,218.0,2.7,3.2,3.9,0.0
2026,9,20,21,54,21:54,217.1,2.5,3.0,3.5,0.0
2026,9,20,21,57,21:56,219.4,2.9,3.3,3.6,0.0
2026,9,20,21,58,21:58,212.2,2.6,3.1,3.5,0.0
2026,9,20,21,59,21:59,213.9,2.5,3.0,3.5,0.0
2026,9,20,22,1,22:01,213.3,2.9,3.3,3.8,0.0
2026,9,20,22,3,22:03,215.8,2.4,3.2,4.0,0.0
2026,9,20,22,4,22:04,213.4,2.8,3.3,3.8,0.0
2026,9,20,22,7,22:07,222.0,2.6,3.1,3.7,0.0
2026,9,20,22,8,22:08,215.5,2.7,3.5,5.0,0.0
2026,9,20,22,9,22:09,216.2,3.0,3.7,4.5,0.0
2026,9,20,22,11,22:11,208.6,3.5,4.1,4.7,0.0
2026,9,20,22,13,22:13,214.5,3.1,3.8,4.7,0.0
2026,9,20,22,14,22:14,215.8,2.9,3.8,4.5,0.0
2026,9,20,22,17,22:16,221.4,3.3,4.0,4.5,0.0
2026,9,20,22,18,22:18,222.6,2.7,3.8,4.9,0.0
2026,9,20,22,19,22:19,217.0,3.8,4.3,5.0,0.0
2026,9,20,22,21,22:21,210.6,2.6,3.1,3.7,0.0
2026,9,20,22,23,22:23,210.6,2.6,3.2,4.2,0.0
2026,9,20,22,24,22:24,220.2,2.6,3.4,4.3,0.0
2026,9,20,22,27,22:26,217.5,2.6,3.1,3.5,0.0
2026,9,20,22,28,22:28,220.7,2.5,3.0,3.4,0.0
2026,9,20,22,29,22:29,214.5,2.1,2.8,3.5,0.0
2026,9,20,22,31,22:31,213.8,2.2,2.5,3.1,0.0
2026,9,20,22,33,22:33,216.1,2.6,2.9,3.6,0.0
2026,9,20,22,34,22:34,212.9,2.7,3.2,3.8,0.0
2026,9,20,22,36,22:36,219.5,2.6,3.0,3.7,0.0
2026,9,20,22,38,22:38,212.5,2.8,3.3,4.2,0.0
2026,9,20,22,39,22:39,218.0,3.2,4.0,4.5,0.0
2026,9,20,22,42,22:41,214.1,3.1,4.2,5.1,0.0
2026,9,20,22,43,22:43,215.5,3.8,4.2,4.6,0.0
2026,9,20,22,44,22:44,210.7,3.4,3.9,4.5,0.0
2026,9,20,22,47,22:46,212.9,3.5,4.2,4.8,0.0
2026,9,20,22,48,22:48,212.0,2.9,3.7,4.1,0.0
2026,9,20,22,49,22:49,214.7,3.0,3.6,4.5,0.0
2026,9,20,22,52,22:51,206.5,3.6,4.1,4.6,0.0
2026,9,20,22,53,22:53,211.3,3.7,4.3,4.9,0.0
2026,9,20,22,54,22:54,209.1,3.6,4.3,5.1,0.0
2026,9,20,22,57,22:57,206.7,4.6,5.4,6.2,0.0
2026,9,20,22,58,22:58,203.8,4.7,5.9,7.1,0.0
2026,9,20,22,59,22:59,209.8,3.9,4.7,5.6,0.0
2026,9,20,23,1,23:01,208.8,3.8,4.5,5.4,0.0
2026,9,20,23,3,23:03,218.1,2.7,3.7,4.5,0.0
2026,9,20,23,4,23:04,218.4,3.7,4.3,4.9,0.0
2026,9,20,23,6,23:06,216.1,2.4,3.4,4.2,0.0
2026,9,20,23,8,23:08,219.3,2.9,3.3,3.7,0.0
2026,9,20,23,9,23:09,222.3,3.2,4.0,4.7,0.0
2026,9,20,23,12,23:11,215.0,3.2,3.8,4.4,0.0
2026,9,20,23,13,23:13,212.7,3.6,4.3,5.3,0.0
2026,9,20,23,15,23:14,213.7,3.9,4.7,5.6,0.0
2026,9,20,23,17,23:16,206.5,4.5,5.2,5.8,0.0
2026,9,20,23,18,23:18,210.6,4.6,5.1,5.5,0.0
2026,9,20,23,19,23:19,211.6,4.0,4.7,5.5,0.0
2026,9,20,23,22,23:21,211.2,3.9,4.5,5.2,0.0
2026,9,20,23,23,23:23,210.8,4.4,4.8,5.2,0.0
2026,9,20,23,24,23:24,209.2,4.2,4.9,5.6,0.0
2026,9,20,23,26,23:26,214.9,4.3,4.7,5.1,0.0
2026,9,20,23,28,23:28,210.6,3.9,4.5,5.1,0.0
2026,9,20,23,29,23:29,214.4,3.9,4.6,5.4,0.0
2026,9,20,23,32,23:31,212.7,3.8,4.5,5.0,0.0
2026,9,20,23,33,23:33,210.8,3.9,4.4,4.8,0.0
2026,9,20,23,34,23:34,209.4,4.2,4.7,5.3,0.0
2026,9,20,23,36,23:36,210.1,4.9,5.5,6.1,0.0
2026,9,20,23,38,23:38,193.7,4.8,5.9,6.8,0.0
2026,9,20,23,39,23:39,191.9,4.7,5.5,6.1,0.0
2026,9,20,23,41,23:41,187.9,4.6,5.0,5.5,0.0
2026,9,20,23,43,23:43,190.0,4.1,5.3,6.7,0.0
2026,9,20,23,44,23:44,194.6,4.4,5.1,5.9,0.0
2026,9,20,23,46,23:46,195.0,4.2,4.9,5.9,0.0
2026,9,20,23,48,23:48,196.5,4.2,4.7,5.3,0.0
2026,9,20,23,49,23:49,196.7,4.3,4.8,5.3,0.0
2026,9,20,23,52,23:51,195.3,4.2,4.8,5.1,0.0
2026,9,20,23,53,23:53,194.6,4.2,4.7,5.1,0.0
2026,9,20,23,54,23:54,195.3,4.3,4.8,5.5,0.0
2026,9,20,23,57,23:56,200.7,4.3,4.8,5.4,0.0
2026,9,20,23,58,23:58,203.7,4.0,4.7,5.4,0.0
2026,9,20,23,59,23:59,201.2,4.1,4.6,4.9,0.0
