# Helsinki Laru (dlarah.org Lauttasaari) 2026-09-17 Suomen aikaa — lähteen Laru_2026-260.txt sellaisenaan
# vuosi kk pv kirjoitus-h kirjoitus-min hh:mm suunta min ka max lämpötila (asemalla ei mittaria)
2026,9,17,0,1,00:00,208.7,3.8,4.4,4.8,0.0
2026,9,17,0,3,00:02,209.2,4.6,5.3,6.2,0.0
2026,9,17,0,4,00:03,213.6,3.9,4.7,5.5,0.0
2026,9,17,0,6,00:05,210.8,3.7,4.6,5.5,0.0
2026,9,17,0,8,00:07,205.6,3.6,4.4,5.2,0.0
2026,9,17,0,9,00:08,209.7,3.9,4.5,5.1,0.0
2026,9,17,0,11,00:10,218.0,3.8,4.6,5.8,0.0
2026,9,17,0,13,00:13,210.9,2.9,4.0,4.6,0.0
2026,9,17,0,14,00:13,218.0,3.1,4.1,4.6,0.0
2026,9,17,0,16,00:15,220.0,2.8,3.4,4.0,0.0
2026,9,17,0,18,00:17,222.4,3.0,3.6,4.2,0.0
2026,9,17,0,19,00:18,222.8,2.8,3.3,4.2,0.0
2026,9,17,0,21,00:20,218.1,3.2,3.6,4.2,0.0
2026,9,17,0,23,00:22,220.9,2.6,3.1,3.5,0.0
2026,9,17,0,24,00:23,219.9,2.9,3.5,3.9,0.0
2026,9,17,0,26,00:25,225.7,2.1,2.7,3.3,0.0
2026,9,17,0,28,00:27,221.7,2.4,3.0,4.0,0.0
2026,9,17,0,29,00:28,218.0,2.5,2.8,3.3,0.0
2026,9,17,0,31,00:30,221.7,2.5,3.0,3.6,0.0
2026,9,17,0,33,00:32,230.2,3.0,3.6,4.5,0.0
2026,9,17,0,34,00:33,226.3,2.3,3.1,4.1,0.0
2026,9,17,0,36,00:35,226.1,2.2,2.9,4.0,0.0
2026,9,17,0,38,00:37,218.9,2.8,3.4,3.8,0.0
2026,9,17,0,39,00:38,226.9,2.0,3.0,3.9,0.0
2026,9,17,0,41,00:40,225.7,2.5,3.2,4.8,0.0
2026,9,17,0,43,00:42,222.6,2.2,2.8,3.7,0.0
2026,9,17,0,44,00:43,226.2,2.9,3.9,5.3,0.0
2026,9,17,0,47,00:46,226.1,2.8,3.6,4.8,0.0
2026,9,17,0,48,00:47,216.2,3.5,4.2,4.8,0.0
2026,9,17,0,49,00:48,224.5,3.6,4.6,5.4,0.0
2026,9,17,0,52,00:51,225.1,2.4,3.8,5.3,0.0
2026,9,17,0,53,00:52,220.1,2.8,4.3,5.3,0.0
2026,9,17,0,54,00:53,231.2,2.8,3.5,4.0,0.0
2026,9,17,0,56,00:55,221.6,2.6,3.5,4.3,0.0
2026,9,17,0,58,00:57,221.9,2.8,3.6,4.1,0.0
2026,9,17,0,59,00:58,219.4,3.6,4.3,5.4,0.0
2026,9,17,1,1,01:00,219.4,2.9,3.5,4.1,0.0
2026,9,17,1,3,01:02,221.4,3.4,3.9,4.6,0.0
2026,9,17,1,4,01:03,218.9,3.9,4.5,5.1,0.0
2026,9,17,1,7,01:06,222.6,3.2,3.5,4.1,0.0
2026,9,17,1,8,01:07,218.6,3.1,3.8,4.7,0.0
2026,9,17,1,9,01:08,221.8,2.4,3.3,4.0,0.0
2026,9,17,1,12,01:11,227.0,2.8,3.2,3.6,0.0
2026,9,17,1,13,01:12,221.5,2.7,3.3,4.0,0.0
2026,9,17,1,14,01:13,219.6,3.0,3.4,3.8,0.0
2026,9,17,1,17,01:17,217.2,3.2,3.8,4.7,0.0
2026,9,17,1,18,01:17,219.4,3.0,3.7,4.2,0.0
2026,9,17,1,19,01:18,228.5,2.8,3.6,4.3,0.0
2026,9,17,1,21,01:20,220.6,2.0,3.3,4.3,0.0
2026,9,17,1,23,01:22,220.1,2.9,3.5,4.1,0.0
2026,9,17,1,24,01:23,224.6,3.0,3.4,4.0,0.0
2026,9,17,1,26,01:25,227.5,2.4,3.1,3.6,0.0
2026,9,17,1,28,01:27,222.3,2.5,3.1,3.7,0.0
2026,9,17,1,29,01:28,223.1,2.3,2.7,3.4,0.0
2026,9,17,1,32,01:31,232.2,2.0,2.6,3.3,0.0
2026,9,17,1,33,01:32,228.1,1.8,2.9,3.9,0.0
2026,9,17,1,34,01:33,233.6,2.3,2.8,3.4,0.0
2026,9,17,1,36,01:35,226.6,2.0,2.8,3.7,0.0
2026,9,17,1,38,01:37,219.8,2.4,3.0,3.8,0.0
2026,9,17,1,39,01:38,223.3,2.4,3.3,4.3,0.0
2026,9,17,1,41,01:40,238.2,2.1,3.0,4.0,0.0
2026,9,17,1,43,01:42,230.2,3.0,3.9,4.6,0.0
2026,9,17,1,44,01:43,231.2,2.0,3.0,4.0,0.0
2026,9,17,1,46,01:45,230.1,2.2,2.7,3.4,0.0
2026,9,17,1,48,01:47,227.0,2.2,2.8,3.2,0.0
2026,9,17,1,49,01:48,224.3,2.3,2.7,3.1,0.0
2026,9,17,1,52,01:51,231.7,2.3,3.1,3.9,0.0
2026,9,17,1,53,01:52,225.7,1.9,2.5,3.0,0.0
2026,9,17,1,54,01:53,219.9,2.1,2.5,3.1,0.0
2026,9,17,1,56,01:55,223.8,1.9,2.6,3.3,0.0
2026,9,17,1,58,01:57,222.2,2.1,2.5,3.0,0.0
2026,9,17,1,59,01:58,225.1,2.1,2.5,2.9,0.0
2026,9,17,2,1,02:00,221.4,2.3,2.8,3.1,0.0
2026,9,17,2,3,02:02,221.4,2.0,2.5,2.8,0.0
2026,9,17,2,4,02:03,222.3,1.9,2.2,2.5,0.0
2026,9,17,2,6,02:06,219.2,1.4,1.8,2.1,0.0
2026,9,17,2,8,02:07,215.1,1.7,2.1,2.7,0.0
2026,9,17,2,9,02:08,223.3,1.9,2.5,3.0,0.0
2026,9,17,2,12,02:11,214.8,1.7,2.2,2.8,0.0
2026,9,17,2,13,02:12,212.9,2.0,2.5,3.1,0.0
2026,9,17,2,14,02:13,221.9,2.3,3.0,3.4,0.0
2026,9,17,2,16,02:15,223.2,2.2,2.7,3.2,0.0
2026,9,17,2,18,02:17,218.3,2.7,3.1,3.5,0.0
2026,9,17,2,19,02:18,218.3,2.6,3.0,3.4,0.0
2026,9,17,2,22,02:21,215.9,2.9,3.2,3.6,0.0
2026,9,17,2,23,02:22,216.7,2.8,3.2,3.8,0.0
2026,9,17,2,24,02:23,215.8,2.5,3.0,3.4,0.0
2026,9,17,2,27,02:26,217.9,2.4,3.0,3.5,0.0
2026,9,17,2,28,02:27,215.1,2.7,3.0,3.5,0.0
2026,9,17,2,29,02:28,217.2,2.7,3.3,4.0,0.0
2026,9,17,2,31,02:30,217.7,2.3,2.9,3.4,0.0
2026,9,17,2,33,02:32,217.0,2.2,2.9,3.5,0.0
2026,9,17,2,34,02:33,220.7,2.7,3.0,3.6,0.0
2026,9,17,2,36,02:35,221.6,2.4,2.9,3.4,0.0
2026,9,17,2,38,02:37,221.6,2.0,2.5,3.1,0.0
2026,9,17,2,39,02:38,220.6,2.2,2.6,3.0,0.0
2026,9,17,2,41,02:40,219.8,2.6,3.0,3.5,0.0
2026,9,17,2,43,02:42,220.5,2.6,3.6,4.6,0.0
2026,9,17,2,44,02:43,219.0,2.7,3.2,3.9,0.0
2026,9,17,2,46,02:45,224.5,2.5,3.3,4.0,0.0
2026,9,17,2,48,02:47,219.6,2.8,3.7,4.6,0.0
2026,9,17,2,49,02:48,216.2,3.3,3.6,4.1,0.0
2026,9,17,2,51,02:50,224.4,3.1,3.7,4.6,0.0
2026,9,17,2,53,02:52,218.9,2.8,3.3,4.3,0.0
2026,9,17,2,54,02:53,216.1,3.2,3.6,3.8,0.0
2026,9,17,2,57,02:56,213.2,3.4,4.3,4.9,0.0
2026,9,17,2,58,02:57,208.8,3.7,4.2,4.8,0.0
2026,9,17,2,59,02:58,210.1,3.0,4.2,5.2,0.0
2026,9,17,3,2,03:01,206.0,3.8,4.3,4.8,0.0
2026,9,17,3,3,03:02,212.4,3.3,3.9,4.4,0.0
2026,9,17,3,4,03:03,203.1,3.8,4.3,5.0,0.0
2026,9,17,3,6,03:05,210.0,4.2,4.6,4.9,0.0
2026,9,17,3,8,03:07,212.2,3.8,4.4,5.1,0.0
2026,9,17,3,9,03:08,212.3,3.2,4.1,5.0,0.0
2026,9,17,3,12,03:12,211.5,3.8,4.6,5.4,0.0
2026,9,17,3,13,03:13,208.5,3.6,4.2,4.8,0.0
2026,9,17,3,14,03:14,210.1,4.2,4.7,5.4,0.0
2026,9,17,3,16,03:15,205.4,4.0,4.5,4.9,0.0
2026,9,17,3,18,03:17,213.9,3.6,4.3,4.9,0.0
2026,9,17,3,19,03:18,212.8,3.8,4.4,5.1,0.0
2026,9,17,3,21,03:20,211.6,3.2,4.5,5.4,0.0
2026,9,17,3,23,03:23,213.8,3.7,4.6,5.4,0.0
2026,9,17,3,24,03:23,218.9,2.9,3.7,4.4,0.0
2026,9,17,3,27,03:27,216.4,3.9,4.6,5.1,0.0
2026,9,17,3,28,03:27,216.1,4.2,4.9,5.5,0.0
2026,9,17,3,29,03:28,208.7,4.2,5.1,6.1,0.0
2026,9,17,3,32,03:31,211.6,3.8,4.7,5.6,0.0
2026,9,17,3,33,03:32,216.1,4.2,5.2,6.3,0.0
2026,9,17,3,34,03:33,219.2,3.8,5.0,6.2,0.0
2026,9,17,3,36,03:35,223.9,3.8,4.6,5.6,0.0
2026,9,17,3,38,03:37,220.0,3.8,4.7,5.7,0.0
2026,9,17,3,39,03:38,216.6,4.4,5.3,6.2,0.0
2026,9,17,3,41,03:40,217.7,4.6,5.5,6.3,0.0
2026,9,17,3,43,03:42,221.7,3.8,4.6,5.3,0.0
2026,9,17,3,44,03:43,225.3,3.5,4.3,5.0,0.0
2026,9,17,3,47,03:46,223.2,2.8,3.8,4.7,0.0
2026,9,17,3,48,03:47,224.7,3.3,3.9,4.6,0.0
2026,9,17,3,49,03:48,224.8,3.4,4.0,4.7,0.0
2026,9,17,3,51,03:50,226.8,3.5,4.2,5.1,0.0
2026,9,17,3,53,03:52,212.7,3.4,4.3,5.0,0.0
2026,9,17,3,54,03:53,218.3,4.7,5.1,5.8,0.0
2026,9,17,3,57,03:57,217.5,3.2,4.0,5.0,0.0
2026,9,17,3,58,03:58,219.9,3.2,3.7,4.1,0.0
2026,9,17,3,59,03:58,216.6,3.1,3.6,4.4,0.0
2026,9,17,4,1,04:00,220.6,3.5,4.6,5.3,0.0
2026,9,17,4,3,04:02,222.9,3.8,4.4,5.1,0.0
2026,9,17,4,4,04:04,217.6,3.6,4.2,4.9,0.0
2026,9,17,4,7,04:06,220.2,3.8,4.6,5.4,0.0
2026,9,17,4,8,04:07,214.9,4.3,5.0,5.6,0.0
2026,9,17,4,9,04:08,215.0,4.3,4.9,5.8,0.0
2026,9,17,4,12,04:10,212.6,3.9,5.2,6.5,0.0
2026,9,17,4,13,04:12,216.6,4.1,4.9,5.8,0.0
2026,9,17,4,14,04:13,212.9,4.0,4.9,5.7,0.0
2026,9,17,4,16,04:15,209.6,3.9,4.4,5.6,0.0
2026,9,17,4,18,04:17,213.5,4.1,4.8,5.8,0.0
2026,9,17,4,19,04:18,214.7,4.8,5.3,6.2,0.0
2026,9,17,4,21,04:20,212.6,4.1,5.0,5.8,0.0
2026,9,17,4,23,04:22,210.1,4.3,4.8,5.6,0.0
2026,9,17,4,24,04:23,211.5,3.9,4.7,5.1,0.0
2026,9,17,4,27,04:26,207.7,4.1,4.8,5.9,0.0
2026,9,17,4,28,04:27,209.4,4.2,5.1,6.1,0.0
2026,9,17,4,29,04:28,205.3,4.0,4.7,5.3,0.0
2026,9,17,4,31,04:30,212.2,3.9,4.8,5.6,0.0
2026,9,17,4,33,04:32,213.9,3.6,4.4,5.3,0.0
2026,9,17,4,34,04:33,211.6,4.1,4.8,5.4,0.0
2026,9,17,4,36,04:35,210.2,4.2,4.8,5.6,0.0
2026,9,17,4,38,04:37,207.1,3.9,4.8,5.7,0.0
2026,9,17,4,39,04:38,207.7,4.1,5.1,6.0,0.0
2026,9,17,4,41,04:40,207.7,4.1,5.4,6.2,0.0
2026,9,17,4,43,04:42,211.2,4.6,5.4,6.3,0.0
2026,9,17,4,44,04:43,211.6,5.0,5.8,7.4,0.0
2026,9,17,4,46,04:46,209.4,5.2,6.3,7.6,0.0
2026,9,17,4,48,04:47,213.5,5.0,6.1,8.5,0.0
2026,9,17,4,49,04:48,206.4,4.5,5.7,6.7,0.0
2026,9,17,4,51,04:51,208.6,4.8,5.6,6.6,0.0
2026,9,17,4,53,04:52,206.7,4.4,5.5,6.6,0.0
2026,9,17,4,54,04:53,207.0,4.4,5.3,6.2,0.0
2026,9,17,4,56,04:55,209.2,4.8,5.6,6.3,0.0
2026,9,17,4,58,04:57,203.4,5.1,5.6,6.3,0.0
2026,9,17,4,59,04:58,206.5,4.7,5.7,6.9,0.0
2026,9,17,5,1,05:00,208.4,4.4,5.5,6.7,0.0
2026,9,17,5,3,05:02,208.1,5.4,6.2,7.2,0.0
2026,9,17,5,4,05:03,208.9,4.9,5.8,7.6,0.0
2026,9,17,5,6,05:05,206.7,4.9,5.7,7.2,0.0
2026,9,17,5,8,05:07,205.2,4.8,5.5,6.3,0.0
2026,9,17,5,9,05:08,208.0,4.2,5.0,5.7,0.0
2026,9,17,5,12,05:11,211.5,4.7,5.7,6.5,0.0
2026,9,17,5,13,05:12,205.9,4.8,5.8,6.7,0.0
2026,9,17,5,14,05:13,209.9,4.8,6.1,7.7,0.0
2026,9,17,5,16,05:15,204.5,5.8,6.7,7.7,0.0
2026,9,17,5,18,05:17,204.8,5.0,6.2,7.5,0.0
2026,9,17,5,19,05:19,204.4,5.1,6.2,7.3,0.0
2026,9,17,5,21,05:20,204.8,4.8,6.0,7.0,0.0
2026,9,17,5,23,05:22,206.7,5.4,6.2,7.1,0.0
2026,9,17,5,24,05:23,208.7,5.0,5.9,7.0,0.0
2026,9,17,5,26,05:25,203.4,4.9,5.5,6.3,0.0
2026,9,17,5,28,05:27,201.7,5.1,5.8,6.8,0.0
2026,9,17,5,29,05:28,204.6,5.2,6.1,6.9,0.0
2026,9,17,5,32,05:30,205.3,5.0,5.9,6.8,0.0
2026,9,17,5,33,05:32,198.9,4.8,5.8,6.8,0.0
2026,9,17,5,34,05:33,202.6,4.3,5.6,6.7,0.0
2026,9,17,5,37,05:36,199.8,5.2,6.2,6.8,0.0
2026,9,17,5,38,05:38,202.2,4.9,5.9,7.1,0.0
2026,9,17,5,39,05:38,203.0,5.6,6.7,7.9,0.0
2026,9,17,5,41,05:40,204.1,5.5,6.8,7.8,0.0
2026,9,17,5,43,05:42,199.9,5.7,6.6,7.5,0.0
2026,9,17,5,44,05:43,198.3,5.4,6.5,7.8,0.0
2026,9,17,5,46,05:46,202.5,5.5,6.3,7.4,0.0
2026,9,17,5,48,05:47,203.8,5.5,6.8,8.0,0.0
2026,9,17,5,49,05:48,205.0,5.1,6.1,7.3,0.0
2026,9,17,5,51,05:50,203.5,5.6,6.4,7.3,0.0
2026,9,17,5,53,05:52,205.0,4.9,5.7,6.9,0.0
2026,9,17,5,54,05:53,203.4,4.8,5.7,6.6,0.0
2026,9,17,5,57,05:56,204.0,4.8,5.7,6.6,0.0
2026,9,17,5,58,05:57,203.4,4.6,5.5,6.4,0.0
2026,9,17,5,59,05:58,201.6,5.3,6.0,6.8,0.0
2026,9,17,6,2,06:01,202.3,5.1,5.8,6.5,0.0
2026,9,17,6,3,06:02,200.3,4.9,5.9,6.6,0.0
2026,9,17,6,4,06:03,199.7,4.9,5.6,6.8,0.0
2026,9,17,6,6,06:05,201.4,5.4,6.1,6.9,0.0
2026,9,17,6,8,06:07,201.0,5.7,6.4,7.3,0.0
2026,9,17,6,9,06:08,200.8,4.9,6.0,7.2,0.0
2026,9,17,6,11,06:11,205.1,4.9,6.1,7.0,0.0
2026,9,17,6,13,06:12,197.0,5.3,5.9,7.3,0.0
2026,9,17,6,14,06:13,195.1,5.3,6.9,8.7,0.0
2026,9,17,6,16,06:15,200.5,6.3,7.3,8.3,0.0
2026,9,17,6,18,06:17,205.1,5.3,6.2,7.2,0.0
2026,9,17,6,19,06:18,202.9,4.8,5.8,6.5,0.0
2026,9,17,6,21,06:20,206.7,4.4,5.1,6.1,0.0
2026,9,17,6,23,06:22,205.0,5.1,5.9,6.9,0.0
2026,9,17,6,24,06:23,204.1,4.8,5.8,7.3,0.0
2026,9,17,6,26,06:25,201.8,5.7,6.8,7.5,0.0
2026,9,17,6,28,06:27,203.0,5.1,6.4,7.8,0.0
2026,9,17,6,29,06:28,203.4,5.9,6.9,8.1,0.0
2026,9,17,6,31,06:30,206.7,5.9,6.8,7.8,0.0
2026,9,17,6,33,06:32,204.0,5.4,6.7,7.9,0.0
2026,9,17,6,34,06:33,204.4,6.2,6.9,8.0,0.0
2026,9,17,6,36,06:35,203.9,5.4,6.3,7.7,0.0
2026,9,17,6,38,06:38,201.6,6.9,8.1,9.4,0.0
2026,9,17,6,39,06:38,196.9,7.3,8.2,10.0,0.0
2026,9,17,6,41,06:40,199.7,7.6,8.7,10.1,0.0
2026,9,17,6,43,06:42,202.1,6.8,7.8,8.8,0.0
2026,9,17,6,44,06:43,201.9,6.2,7.8,9.4,0.0
2026,9,17,6,46,06:45,205.1,6.6,8.0,9.1,0.0
2026,9,17,6,48,06:47,207.6,6.5,7.6,8.7,0.0
2026,9,17,6,49,06:48,205.5,6.2,7.5,8.8,0.0
2026,9,17,6,51,06:50,200.2,6.5,7.6,8.4,0.0
2026,9,17,6,53,06:52,197.8,6.5,7.8,9.0,0.0
2026,9,17,6,54,06:53,196.3,6.5,7.3,8.1,0.0
2026,9,17,6,56,06:55,194.9,5.6,6.4,7.9,0.0
2026,9,17,6,58,06:57,195.5,5.6,6.3,6.9,0.0
2026,9,17,6,59,06:58,196.7,5.4,6.3,7.4,0.0
2026,9,17,7,1,07:01,205.7,5.7,6.8,8.0,0.0
2026,9,17,7,3,07:02,207.2,5.9,7.0,8.3,0.0
2026,9,17,7,4,07:04,203.8,6.0,7.2,8.0,0.0
2026,9,17,7,7,07:06,210.8,5.7,6.6,7.8,0.0
2026,9,17,7,8,07:07,211.0,5.2,6.5,7.9,0.0
2026,9,17,7,9,07:08,209.5,5.5,6.0,6.7,0.0
2026,9,17,7,12,07:12,212.3,5.4,6.4,7.4,0.0
2026,9,17,7,13,07:13,212.8,4.7,5.3,6.0,0.0
2026,9,17,7,14,07:13,211.4,4.3,4.8,5.6,0.0
2026,9,17,7,16,07:15,221.1,3.9,4.6,5.6,0.0
2026,9,17,7,18,07:17,219.0,3.5,4.3,5.3,0.0
2026,9,17,7,19,07:18,222.9,3.6,4.5,5.4,0.0
2026,9,17,7,22,07:21,222.5,3.5,4.4,5.2,0.0
2026,9,17,7,23,07:22,225.2,4.0,4.7,5.3,0.0
2026,9,17,7,24,07:23,222.8,4.2,4.9,5.7,0.0
2026,9,17,7,26,07:25,217.6,4.3,5.0,5.6,0.0
2026,9,17,7,28,07:27,216.2,4.0,5.2,6.7,0.0
2026,9,17,7,29,07:28,217.9,4.6,5.7,7.1,0.0
2026,9,17,7,31,07:30,225.0,3.7,4.6,5.4,0.0
2026,9,17,7,33,07:32,216.5,3.3,4.4,5.2,0.0
2026,9,17,7,34,07:33,224.8,3.7,4.7,5.5,0.0
2026,9,17,7,36,07:36,229.9,3.0,4.1,5.0,0.0
2026,9,17,7,38,07:37,229.0,3.0,4.1,4.8,0.0
2026,9,17,7,39,07:38,224.8,3.3,3.9,4.4,0.0
2026,9,17,7,42,07:41,217.5,2.9,3.5,4.3,0.0
2026,9,17,7,43,07:42,224.9,2.4,3.5,4.5,0.0
2026,9,17,7,44,07:43,231.2,2.9,3.6,4.6,0.0
2026,9,17,7,46,07:45,229.0,2.7,3.5,4.5,0.0
2026,9,17,7,48,07:47,221.6,3.3,3.9,4.4,0.0
2026,9,17,7,49,07:48,230.6,3.7,4.2,4.9,0.0
2026,9,17,7,51,07:50,215.5,3.1,3.6,4.1,0.0
2026,9,17,7,53,07:52,216.4,3.8,4.4,4.9,0.0
2026,9,17,7,54,07:53,209.0,4.1,4.7,5.4,0.0
2026,9,17,7,56,07:55,212.6,4.7,5.8,6.6,0.0
2026,9,17,7,58,07:57,207.2,3.6,4.5,5.0,0.0
2026,9,17,7,59,07:58,208.5,4.0,4.8,5.5,0.0
2026,9,17,8,1,08:00,209.9,3.5,4.6,5.4,0.0
2026,9,17,8,3,08:02,208.5,4.5,5.2,5.9,0.0
2026,9,17,8,4,08:03,206.5,4.3,5.0,5.6,0.0
2026,9,17,8,6,08:05,211.8,4.7,5.4,6.3,0.0
2026,9,17,8,8,08:07,208.9,5.2,5.9,6.8,0.0
2026,9,17,8,9,08:08,211.3,3.8,4.9,6.2,0.0
2026,9,17,8,11,08:11,209.6,4.2,5.0,6.0,0.0
2026,9,17,8,13,08:12,213.4,4.2,5.0,5.9,0.0
2026,9,17,8,14,08:13,206.6,3.9,5.7,6.9,0.0
2026,9,17,8,16,08:16,208.3,4.4,5.1,5.8,0.0
2026,9,17,8,18,08:17,212.7,5.2,5.9,6.7,0.0
2026,9,17,8,19,08:19,207.2,4.8,5.4,6.2,0.0
2026,9,17,8,22,08:21,210.5,4.5,5.4,6.4,0.0
2026,9,17,8,23,08:22,211.2,4.7,5.3,6.1,0.0
2026,9,17,8,24,08:23,213.6,3.7,4.7,6.1,0.0
2026,9,17,8,26,08:25,211.6,4.2,4.8,5.3,0.0
2026,9,17,8,28,08:27,212.1,4.0,4.5,5.6,0.0
2026,9,17,8,29,08:28,210.5,3.8,4.5,5.1,0.0
2026,9,17,8,31,08:30,213.7,3.9,4.5,5.1,0.0
2026,9,17,8,33,08:32,212.0,3.6,4.4,5.1,0.0
2026,9,17,8,34,08:33,216.5,3.9,4.4,4.8,0.0
2026,9,17,8,36,08:35,215.7,3.6,4.1,5.1,0.0
2026,9,17,8,38,08:37,213.6,3.4,4.3,5.3,0.0
2026,9,17,8,39,08:39,221.1,3.3,4.3,5.3,0.0
2026,9,17,8,42,08:41,217.6,3.9,4.9,6.6,0.0
2026,9,17,8,43,08:42,214.0,4.0,4.6,5.1,0.0
2026,9,17,8,44,08:43,221.1,3.5,4.1,4.7,0.0
2026,9,17,8,46,08:45,219.8,3.9,4.5,5.3,0.0
2026,9,17,8,48,08:48,222.3,3.4,4.1,5.2,0.0
2026,9,17,8,49,08:49,225.2,3.3,4.1,4.8,0.0
2026,9,17,8,51,08:50,225.3,3.2,4.0,4.6,0.0
2026,9,17,8,53,08:52,215.4,2.9,3.8,4.9,0.0
2026,9,17,8,54,08:53,214.7,4.0,4.6,5.2,0.0
2026,9,17,8,56,08:55,222.3,3.7,4.1,4.5,0.0
2026,9,17,8,58,08:57,219.1,3.7,4.3,5.2,0.0
2026,9,17,8,59,08:58,214.0,3.1,3.8,4.8,0.0
2026,9,17,9,2,09:01,216.6,3.9,4.7,5.7,0.0
2026,9,17,9,3,09:02,224.4,3.9,4.5,5.4,0.0
2026,9,17,9,4,09:03,215.2,3.3,5.0,6.1,0.0
2026,9,17,9,7,09:06,222.1,3.8,4.2,4.7,0.0
2026,9,17,9,8,09:07,216.1,3.4,4.4,6.0,0.0
2026,9,17,9,9,09:09,222.5,3.4,4.2,5.4,0.0
2026,9,17,9,11,09:11,217.0,3.4,4.3,4.9,0.0
2026,9,17,9,13,09:12,217.1,4.5,5.2,6.1,0.0
2026,9,17,9,14,09:13,213.2,4.4,5.2,6.2,0.0
2026,9,17,9,17,09:17,224.0,3.9,4.9,6.0,0.0
2026,9,17,9,18,09:18,215.6,4.1,5.0,5.6,0.0
2026,9,17,9,19,09:19,218.6,3.8,4.5,5.7,0.0
2026,9,17,9,21,09:21,215.2,4.0,4.4,4.8,0.0
2026,9,17,9,23,09:23,223.5,3.2,4.1,5.1,0.0
2026,9,17,9,24,09:24,224.8,3.8,4.8,5.7,0.0
2026,9,17,9,26,09:25,222.8,3.3,4.0,5.2,0.0
2026,9,17,9,28,09:27,222.5,3.5,4.0,4.6,0.0
2026,9,17,9,29,09:28,219.0,3.3,4.9,6.8,0.0
2026,9,17,9,31,09:30,221.0,4.0,5.3,6.8,0.0
2026,9,17,9,33,09:33,217.2,4.0,4.9,5.9,0.0
2026,9,17,9,34,09:33,223.5,3.7,4.8,5.8,0.0
2026,9,17,9,36,09:35,218.7,4.8,5.8,6.9,0.0
2026,9,17,9,38,09:38,214.3,3.8,4.6,5.6,0.0
2026,9,17,9,39,09:39,220.6,4.2,5.1,6.3,0.0
2026,9,17,9,41,09:40,215.3,4.6,5.5,6.5,0.0
2026,9,17,9,43,09:42,220.1,3.9,4.5,5.3,0.0
2026,9,17,9,44,09:43,219.2,4.0,4.5,5.0,0.0
2026,9,17,9,46,09:45,216.7,4.0,5.2,6.5,0.0
2026,9,17,9,48,09:47,222.2,4.3,5.1,6.4,0.0
2026,9,17,9,49,09:48,212.4,3.7,4.6,5.1,0.0
2026,9,17,9,51,09:50,209.1,4.2,4.9,5.7,0.0
2026,9,17,9,53,09:52,212.6,3.8,4.1,4.5,0.0
2026,9,17,9,54,09:54,206.6,4.1,4.7,5.7,0.0
2026,9,17,9,56,09:56,213.3,4.1,4.7,5.4,0.0
2026,9,17,9,58,09:58,216.1,3.7,4.5,5.2,0.0
2026,9,17,9,59,09:58,214.5,3.9,4.5,5.2,0.0
2026,9,17,10,1,10:00,208.8,4.2,4.9,5.5,0.0
2026,9,17,10,3,10:02,209.0,3.9,5.2,5.9,0.0
2026,9,17,10,4,10:03,217.4,3.7,4.5,5.0,0.0
2026,9,17,10,6,10:06,218.3,3.4,3.9,4.5,0.0
2026,9,17,10,8,10:07,211.5,3.3,3.9,4.6,0.0
2026,9,17,10,9,10:08,214.9,3.4,3.9,4.6,0.0
2026,9,17,10,11,10:11,221.1,4.2,5.0,5.7,0.0
2026,9,17,10,13,10:13,220.4,4.0,4.4,5.0,0.0
2026,9,17,10,14,10:13,226.6,2.7,3.6,4.3,0.0
2026,9,17,10,16,10:15,216.8,2.9,3.8,4.5,0.0
2026,9,17,10,18,10:17,223.4,2.6,3.3,4.7,0.0
2026,9,17,10,19,10:18,214.3,3.5,4.3,4.9,0.0
2026,9,17,10,21,10:20,224.6,2.7,3.2,4.1,0.0
2026,9,17,10,23,10:22,226.9,3.3,4.3,5.7,0.0
2026,9,17,10,24,10:24,229.1,3.4,4.2,5.2,0.0
2026,9,17,10,27,10:26,224.2,3.6,4.6,5.5,0.0
2026,9,17,10,28,10:28,224.4,3.0,4.2,6.3,0.0
2026,9,17,10,29,10:28,222.0,3.7,5.0,5.9,0.0
2026,9,17,10,31,10:30,221.7,3.9,5.1,6.5,0.0
2026,9,17,10,33,10:32,215.2,4.4,5.2,6.2,0.0
2026,9,17,10,34,10:33,216.8,4.8,6.2,7.4,0.0
2026,9,17,10,36,10:35,223.3,4.8,6.2,7.5,0.0
2026,9,17,10,38,10:37,216.6,4.4,5.8,6.7,0.0
2026,9,17,10,39,10:38,210.2,4.7,5.7,6.4,0.0
2026,9,17,10,42,10:42,206.0,4.4,5.4,6.3,0.0
2026,9,17,10,43,10:43,212.3,4.8,5.6,6.5,0.0
2026,9,17,10,44,10:44,209.1,4.5,5.5,8.1,0.0
2026,9,17,10,46,10:46,208.6,4.9,6.0,7.9,0.0
2026,9,17,10,48,10:47,207.5,5.0,6.1,7.3,0.0
2026,9,17,10,49,10:49,209.9,5.9,6.7,8.0,0.0
2026,9,17,10,51,10:51,213.0,5.4,6.6,8.0,0.0
2026,9,17,10,53,10:52,213.0,5.6,6.9,8.5,0.0
2026,9,17,10,54,10:53,216.7,6.5,7.4,8.1,0.0
2026,9,17,10,56,10:55,217.4,6.1,7.2,8.7,0.0
2026,9,17,10,58,10:58,215.1,4.5,5.7,7.5,0.0
2026,9,17,10,59,10:59,219.1,4.2,5.1,5.8,0.0
2026,9,17,11,2,11:01,223.6,4.7,6.0,6.9,0.0
2026,9,17,11,3,11:02,218.5,4.9,5.7,6.7,0.0
2026,9,17,11,4,11:03,220.1,4.9,5.9,6.7,0.0
2026,9,17,11,7,11:06,217.9,3.7,4.7,5.6,0.0
2026,9,17,11,8,11:07,219.7,3.9,5.4,6.7,0.0
2026,9,17,11,9,11:09,217.8,4.7,5.9,7.0,0.0
2026,9,17,11,12,11:11,216.2,4.1,4.9,5.6,0.0
2026,9,17,11,13,11:12,211.5,4.2,4.9,5.7,0.0
2026,9,17,11,14,11:14,213.0,4.2,4.9,5.8,0.0
2026,9,17,11,17,11:17,214.0,5.2,6.0,6.7,0.0
2026,9,17,11,18,11:18,215.8,5.4,7.0,8.3,0.0
2026,9,17,11,19,11:18,212.5,5.3,6.3,7.5,0.0
2026,9,17,11,21,11:20,212.0,5.9,7.8,10.1,0.0
2026,9,17,11,23,11:22,210.9,6.1,7.5,8.8,0.0
2026,9,17,11,24,11:23,215.0,5.8,7.2,8.3,0.0
2026,9,17,11,26,11:25,217.1,5.5,6.5,7.6,0.0
2026,9,17,11,28,11:27,219.7,4.5,6.9,8.5,0.0
2026,9,17,11,29,11:28,221.0,5.8,7.3,8.7,0.0
2026,9,17,11,31,11:31,224.6,5.2,6.4,8.3,0.0
2026,9,17,11,33,11:33,223.9,5.1,6.2,7.6,0.0
2026,9,17,11,34,11:34,225.5,5.0,6.1,7.2,0.0
2026,9,17,11,36,11:36,221.7,4.6,5.7,6.9,0.0
2026,9,17,11,38,11:37,222.6,4.3,5.1,6.0,0.0
2026,9,17,11,39,11:38,217.9,4.1,5.4,7.7,0.0
2026,9,17,11,42,11:41,218.0,5.1,6.4,7.8,0.0
2026,9,17,11,43,11:42,214.7,6.8,8.0,9.4,0.0
2026,9,17,11,44,11:44,214.1,6.2,7.4,8.3,0.0
2026,9,17,11,47,11:47,218.6,5.8,7.2,8.5,0.0
2026,9,17,11,48,11:48,225.3,6.1,7.6,9.2,0.0
2026,9,17,11,49,11:49,224.6,3.9,6.1,7.5,0.0
2026,9,17,11,51,11:50,218.0,5.9,7.3,8.5,0.0
2026,9,17,11,53,11:52,214.9,5.8,7.2,8.7,0.0
2026,9,17,11,54,11:53,222.2,5.5,6.5,7.8,0.0
2026,9,17,11,57,11:55,225.8,3.3,5.3,7.1,0.0
2026,9,17,11,58,11:57,232.0,3.2,5.2,6.9,0.0
2026,9,17,11,59,11:58,239.5,4.7,5.7,6.6,0.0
2026,9,17,12,1,12:00,249.3,3.1,4.6,6.4,0.0
2026,9,17,12,3,12:03,261.3,3.1,4.5,6.6,0.0
2026,9,17,12,4,12:04,252.1,2.9,4.3,5.5,0.0
2026,9,17,12,7,12:06,248.6,2.8,3.8,5.7,0.0
2026,9,17,12,8,12:07,240.6,3.8,4.6,5.4,0.0
2026,9,17,12,9,12:08,239.6,3.2,4.9,7.5,0.0
2026,9,17,12,11,12:10,234.0,3.0,5.3,7.2,0.0
2026,9,17,12,13,12:12,234.3,3.9,5.1,6.1,0.0
2026,9,17,12,14,12:13,234.8,3.6,5.3,7.0,0.0
2026,9,17,12,17,12:16,241.9,3.8,5.2,6.7,0.0
2026,9,17,12,18,12:18,237.4,3.1,4.4,5.4,0.0
2026,9,17,12,19,12:19,236.6,3.4,4.6,5.5,0.0
2026,9,17,12,22,12:22,220.4,3.6,5.2,6.6,0.0
2026,9,17,12,23,12:23,223.3,3.6,5.1,6.3,0.0
2026,9,17,12,24,12:24,218.0,4.6,5.7,7.1,0.0
2026,9,17,12,27,12:26,229.0,4.1,5.4,7.2,0.0
2026,9,17,12,28,12:27,224.2,4.2,5.9,7.8,0.0
2026,9,17,12,29,12:28,224.5,5.1,6.4,8.0,0.0
2026,9,17,12,31,12:30,216.5,5.0,6.8,8.8,0.0
2026,9,17,12,33,12:32,241.1,3.5,4.6,5.6,0.0
2026,9,17,12,34,12:33,242.1,3.7,4.6,6.0,0.0
2026,9,17,12,36,12:36,236.6,3.9,5.1,6.2,0.0
2026,9,17,12,38,12:38,234.8,4.0,4.8,6.3,0.0
2026,9,17,12,39,12:39,232.3,3.1,4.3,5.7,0.0
2026,9,17,12,42,12:41,220.3,4.3,5.6,7.3,0.0
2026,9,17,12,43,12:42,220.8,4.6,5.6,6.6,0.0
2026,9,17,12,44,12:43,212.9,4.9,5.9,6.5,0.0
2026,9,17,12,47,12:46,214.6,5.3,6.3,7.4,0.0
2026,9,17,12,48,12:47,215.0,5.7,6.7,8.3,0.0
2026,9,17,12,49,12:48,219.9,5.1,6.1,6.9,0.0
2026,9,17,12,52,12:52,206.7,7.0,8.3,9.8,0.0
2026,9,17,12,53,12:53,209.5,6.5,7.9,9.4,0.0
2026,9,17,12,54,12:54,212.0,7.2,8.1,9.4,0.0
2026,9,17,12,57,12:57,206.7,6.6,7.7,8.6,0.0
2026,9,17,12,58,12:57,205.9,5.7,7.5,9.4,0.0
2026,9,17,13,1,13:01,197.4,5.6,7.3,9.0,0.0
2026,9,17,13,3,13:02,204.4,5.8,6.8,7.8,0.0
2026,9,17,13,4,13:03,207.3,5.9,7.7,9.1,0.0
2026,9,17,13,7,13:06,207.2,6.7,8.0,9.5,0.0
2026,9,17,13,8,13:08,211.9,6.6,8.1,9.8,0.0
2026,9,17,13,9,13:09,212.4,6.7,8.6,9.9,0.0
2026,9,17,13,11,13:11,212.0,7.5,8.8,10.3,0.0
2026,9,17,13,13,13:13,210.8,7.4,8.6,9.6,0.0
2026,9,17,13,14,13:14,209.0,6.7,8.3,9.8,0.0
2026,9,17,13,17,13:15,208.2,5.9,7.1,8.5,0.0
2026,9,17,13,18,13:17,204.9,5.8,7.6,8.4,0.0
2026,9,17,13,19,13:18,211.2,5.9,7.2,8.5,0.0
2026,9,17,13,22,13:21,213.4,6.2,7.5,9.1,0.0
2026,9,17,13,23,13:22,214.3,7.0,8.2,9.4,0.0
2026,9,17,13,24,13:24,211.0,6.7,7.5,8.4,0.0
2026,9,17,13,26,13:26,217.5,3.8,5.9,7.7,0.0
2026,9,17,13,28,13:28,216.1,5.8,7.1,8.0,0.0
2026,9,17,13,29,13:29,213.8,5.2,6.8,8.6,0.0
2026,9,17,13,31,13:30,219.8,5.3,6.5,7.3,0.0
2026,9,17,13,33,13:33,217.8,5.3,6.6,8.4,0.0
2026,9,17,13,34,13:34,208.6,6.3,7.4,8.6,0.0
2026,9,17,13,37,13:36,240.8,3.5,5.4,7.2,0.0
2026,9,17,13,38,13:37,239.4,4.9,6.2,7.4,0.0
2026,9,17,13,39,13:39,232.4,3.7,5.5,7.0,0.0
2026,9,17,13,41,13:41,225.1,4.7,6.5,8.3,0.0
2026,9,17,13,43,13:43,221.4,5.6,6.8,7.8,0.0
2026,9,17,13,44,13:44,222.5,5.3,6.6,7.8,0.0
2026,9,17,13,47,13:47,219.1,5.6,7.7,9.1,0.0
2026,9,17,13,48,13:47,216.5,6.4,7.3,8.3,0.0
2026,9,17,13,49,13:49,223.4,6.5,8.2,9.8,0.0
2026,9,17,13,51,13:50,223.6,4.7,6.5,7.3,0.0
2026,9,17,13,53,13:52,221.2,5.4,6.2,6.9,0.0
2026,9,17,13,54,13:53,217.2,4.6,5.2,6.0,0.0
2026,9,17,13,57,13:57,217.9,5.0,5.9,6.6,0.0
2026,9,17,13,58,13:58,216.3,4.4,5.3,6.5,0.0
2026,9,17,13,59,13:59,218.9,4.2,5.0,6.1,0.0
2026,9,17,14,2,14:02,221.1,4.4,5.4,6.4,0.0
2026,9,17,14,3,14:03,219.2,5.0,5.9,7.1,0.0
2026,9,17,14,4,14:03,219.2,5.0,5.9,7.1,0.0
2026,9,17,14,7,14:05,220.3,4.7,5.7,6.7,0.0
2026,9,17,14,8,14:08,234.8,3.0,3.9,4.7,0.0
2026,9,17,14,9,14:08,220.2,3.1,4.8,6.5,0.0
2026,9,17,14,11,14:10,216.8,4.1,4.6,5.9,0.0
2026,9,17,14,13,14:13,218.9,3.7,4.7,6.2,0.0
2026,9,17,14,14,14:14,226.4,3.7,4.8,6.7,0.0
2026,9,17,14,16,14:16,224.1,3.5,5.2,6.7,0.0
2026,9,17,14,18,14:18,231.4,3.7,4.8,6.0,0.0
2026,9,17,14,19,14:19,235.4,3.5,4.9,6.0,0.0
2026,9,17,14,21,14:21,238.8,3.8,5.2,7.7,0.0
2026,9,17,14,23,14:22,240.6,3.1,4.8,6.0,0.0
2026,9,17,14,24,14:23,235.2,3.0,4.5,5.5,0.0
2026,9,17,14,26,14:25,242.7,2.1,3.8,5.0,0.0
2026,9,17,14,28,14:28,241.2,2.3,3.0,3.8,0.0
2026,9,17,14,29,14:29,238.8,2.0,3.0,4.2,0.0
2026,9,17,14,31,14:31,233.2,3.1,4.1,4.9,0.0
2026,9,17,14,33,14:33,234.9,2.5,3.4,4.2,0.0
2026,9,17,14,34,14:34,230.7,2.7,3.6,4.4,0.0
2026,9,17,14,36,14:36,237.2,3.1,3.9,4.6,0.0
2026,9,17,14,38,14:37,236.4,2.1,3.0,3.9,0.0
2026,9,17,14,39,14:38,223.3,2.5,2.8,3.1,0.0
2026,9,17,14,42,14:41,231.2,1.8,2.4,3.0,0.0
2026,9,17,14,43,14:42,221.4,2.2,2.7,3.3,0.0
2026,9,17,14,44,14:43,214.9,2.4,3.1,3.6,0.0
2026,9,17,14,46,14:46,218.5,2.4,3.1,4.0,0.0
2026,9,17,14,48,14:48,225.2,2.5,3.1,3.6,0.0
2026,9,17,14,49,14:49,219.3,2.7,3.4,3.9,0.0
2026,9,17,14,52,14:51,223.5,2.7,3.2,3.7,0.0
2026,9,17,14,53,14:53,214.4,2.4,2.6,2.9,0.0
2026,9,17,14,54,14:53,215.5,2.2,2.6,2.9,0.0
2026,9,17,14,56,14:55,215.8,2.9,3.9,4.8,0.0
2026,9,17,14,58,14:58,222.9,3.7,4.6,5.4,0.0
2026,9,17,14,59,14:58,218.5,3.2,4.5,5.9,0.0
2026,9,17,15,1,15:00,222.4,3.7,4.7,5.9,0.0
2026,9,17,15,3,15:03,226.2,4.1,5.0,6.0,0.0
2026,9,17,15,4,15:04,225.1,3.5,4.3,5.6,0.0
2026,9,17,15,6,15:06,221.9,3.5,4.2,5.3,0.0
2026,9,17,15,8,15:08,229.5,3.0,4.0,4.9,0.0
2026,9,17,15,9,15:09,226.8,2.8,3.7,4.8,0.0
2026,9,17,15,11,15:10,226.6,3.6,4.4,5.2,0.0
2026,9,17,15,13,15:12,227.6,3.0,4.1,5.8,0.0
2026,9,17,15,14,15:13,233.3,3.9,5.0,6.3,0.0
2026,9,17,15,16,15:15,218.3,3.3,3.9,4.7,0.0
2026,9,17,15,18,15:18,231.2,1.9,3.6,5.1,0.0
2026,9,17,15,19,15:19,222.4,3.6,4.6,5.7,0.0
2026,9,17,15,22,15:21,219.8,4.5,5.2,6.1,0.0
2026,9,17,15,23,15:23,221.7,4.3,5.4,6.7,0.0
2026,9,17,15,24,15:24,219.6,4.9,6.2,7.7,0.0
2026,9,17,15,27,15:26,227.1,4.0,5.2,6.4,0.0
2026,9,17,15,28,15:27,218.4,4.7,5.5,6.5,0.0
2026,9,17,15,29,15:28,217.0,5.2,6.4,7.9,0.0
2026,9,17,15,31,15:30,223.0,4.4,6.2,7.4,0.0
2026,9,17,15,33,15:32,220.5,5.3,5.9,6.7,0.0
2026,9,17,15,34,15:34,214.7,4.9,5.8,7.7,0.0
2026,9,17,15,37,15:37,220.4,5.4,6.6,7.9,0.0
2026,9,17,15,38,15:38,210.2,6.2,7.2,8.4,0.0
2026,9,17,15,42,15:42,218.2,4.6,5.7,7.0,0.0
2026,9,17,15,43,15:42,213.9,5.1,6.3,7.5,0.0
2026,9,17,15,44,15:43,211.0,4.4,5.4,6.5,0.0
2026,9,17,15,47,15:46,215.7,4.9,5.5,6.3,0.0
2026,9,17,15,48,15:47,211.7,5.5,6.4,7.4,0.0
2026,9,17,15,49,15:48,222.9,4.6,5.8,6.7,0.0
2026,9,17,15,51,15:51,227.2,3.8,5.2,6.3,0.0
2026,9,17,15,53,15:53,221.8,3.6,4.9,6.4,0.0
2026,9,17,15,54,15:54,219.6,3.6,4.8,6.0,0.0
2026,9,17,15,57,15:57,219.3,3.8,4.8,5.6,0.0
2026,9,17,15,58,15:58,227.6,3.0,4.6,5.6,0.0
2026,9,17,15,59,15:59,219.1,3.4,4.0,4.8,0.0
2026,9,17,16,1,16:00,215.8,3.2,3.8,4.2,0.0
2026,9,17,16,3,16:02,208.5,3.8,4.7,5.7,0.0
2026,9,17,16,4,16:03,206.0,4.4,5.0,5.4,0.0
2026,9,17,16,7,16:07,211.2,4.1,5.1,6.4,0.0
2026,9,17,16,8,16:08,215.4,4.5,5.4,6.2,0.0
2026,9,17,16,9,16:09,209.6,5.2,6.1,7.3,0.0
2026,9,17,16,12,16:11,208.7,5.0,6.0,6.8,0.0
2026,9,17,16,13,16:13,208.9,5.1,6.5,7.7,0.0
2026,9,17,16,14,16:14,213.9,5.0,6.0,7.1,0.0
2026,9,17,16,17,16:17,206.4,4.6,5.4,6.0,0.0
2026,9,17,16,18,16:18,208.4,5.2,5.7,6.5,0.0
2026,9,17,16,19,16:18,206.2,4.4,5.4,6.0,0.0
2026,9,17,16,22,16:22,204.3,4.4,5.1,5.8,0.0
2026,9,17,16,23,16:23,202.7,4.6,5.2,5.7,0.0
2026,9,17,16,24,16:24,209.3,4.9,5.6,6.8,0.0
2026,9,17,16,26,16:26,203.5,4.0,5.2,6.5,0.0
2026,9,17,16,28,16:28,204.4,4.5,5.1,5.7,0.0
2026,9,17,16,29,16:29,207.9,4.3,5.3,6.0,0.0
2026,9,17,16,32,16:31,209.4,4.2,4.7,5.6,0.0
2026,9,17,16,33,16:32,203.6,4.3,4.8,5.5,0.0
2026,9,17,16,34,16:33,203.8,4.5,5.0,5.5,0.0
2026,9,17,16,37,16:36,202.5,4.9,5.3,5.9,0.0
2026,9,17,16,38,16:38,202.1,3.6,4.7,5.2,0.0
2026,9,17,16,39,16:39,202.0,4.7,5.2,6.0,0.0
2026,9,17,16,41,16:41,206.3,3.7,4.4,5.1,0.0
2026,9,17,16,43,16:43,203.0,3.9,4.5,5.5,0.0
2026,9,17,16,44,16:44,205.3,4.7,5.4,6.1,0.0
2026,9,17,16,46,16:46,207.9,4.6,5.4,6.2,0.0
2026,9,17,16,48,16:48,208.5,4.6,5.7,6.6,0.0
2026,9,17,16,49,16:49,206.9,5.1,6.0,7.3,0.0
2026,9,17,16,51,16:50,212.6,5.0,6.3,7.3,0.0
2026,9,17,16,53,16:52,215.3,5.4,6.0,6.8,0.0
2026,9,17,16,54,16:54,212.5,4.8,5.9,6.7,0.0
2026,9,17,16,56,16:56,212.0,5.1,5.9,6.5,0.0
2026,9,17,16,58,16:58,209.3,4.7,5.6,6.5,0.0
2026,9,17,16,59,16:59,214.0,4.0,5.3,6.4,0.0
2026,9,17,17,2,17:02,211.4,4.4,5.3,6.4,0.0
2026,9,17,17,3,17:03,211.2,4.3,5.0,5.8,0.0
2026,9,17,17,4,17:04,213.0,3.7,4.7,5.6,0.0
2026,9,17,17,7,17:05,207.1,4.7,5.5,6.3,0.0
2026,9,17,17,8,17:07,212.8,4.5,5.2,5.9,0.0
2026,9,17,17,9,17:09,208.7,4.6,5.3,5.8,0.0
2026,9,17,17,12,17:11,212.5,4.0,4.6,5.2,0.0
2026,9,17,17,13,17:13,215.3,3.6,4.5,5.8,0.0
2026,9,17,17,14,17:14,212.7,4.4,5.4,6.4,0.0
2026,9,17,17,16,17:16,213.4,4.6,5.2,6.2,0.0
2026,9,17,17,18,17:18,218.0,4.8,5.7,7.2,0.0
2026,9,17,17,19,17:19,221.4,4.2,5.2,6.2,0.0
2026,9,17,17,21,17:21,210.1,4.7,5.3,6.1,0.0
2026,9,17,17,23,17:22,208.5,4.7,5.6,6.7,0.0
2026,9,17,17,24,17:23,215.9,4.2,4.9,5.5,0.0
2026,9,17,17,26,17:25,216.9,4.4,5.3,6.1,0.0
2026,9,17,17,28,17:28,215.7,4.5,5.3,5.9,0.0
2026,9,17,17,29,17:29,219.0,3.6,4.9,5.9,0.0
2026,9,17,17,31,17:31,218.7,4.1,4.9,5.4,0.0
2026,9,17,17,33,17:33,218.5,3.3,4.2,5.2,0.0
2026,9,17,17,34,17:34,222.0,3.3,4.1,5.0,0.0
2026,9,17,17,36,17:36,220.6,3.2,4.0,4.4,0.0
2026,9,17,17,38,17:38,217.1,3.7,4.4,5.2,0.0
2026,9,17,17,39,17:39,211.6,3.5,4.0,4.4,0.0
2026,9,17,17,42,17:42,203.0,3.8,4.3,4.9,0.0
2026,9,17,17,43,17:43,201.5,3.9,4.4,5.1,0.0
2026,9,17,17,44,17:44,199.4,4.1,4.6,5.2,0.0
2026,9,17,17,47,17:47,201.9,3.9,4.6,5.1,0.0
2026,9,17,17,48,17:48,203.0,4.0,4.6,5.1,0.0
2026,9,17,17,49,17:49,200.5,4.0,4.6,5.2,0.0
2026,9,17,17,51,17:51,203.1,4.1,5.1,6.0,0.0
2026,9,17,17,53,17:53,207.9,3.7,4.8,6.2,0.0
2026,9,17,17,54,17:54,208.4,4.3,5.2,6.4,0.0
2026,9,17,17,56,17:55,213.0,4.4,5.2,6.1,0.0
2026,9,17,17,58,17:57,213.1,4.6,5.4,6.2,0.0
2026,9,17,17,59,17:58,210.2,4.6,5.6,6.9,0.0
2026,9,17,18,1,18:01,216.9,4.2,5.0,5.9,0.0
2026,9,17,18,3,18:03,224.3,4.1,5.0,5.7,0.0
2026,9,17,18,4,18:04,215.7,4.5,5.3,6.2,0.0
2026,9,17,18,6,18:06,211.9,4.9,5.5,6.3,0.0
2026,9,17,18,8,18:08,207.9,4.2,5.1,5.8,0.0
2026,9,17,18,9,18:09,210.8,4.7,5.4,6.0,0.0
2026,9,17,18,11,18:11,211.3,4.3,5.3,6.3,0.0
2026,9,17,18,13,18:12,206.6,4.7,5.4,6.5,0.0
2026,9,17,18,14,18:13,203.4,4.8,5.7,6.3,0.0
2026,9,17,18,16,18:16,201.7,6.0,7.0,7.8,0.0
2026,9,17,18,18,18:18,199.2,5.5,7.0,8.4,0.0
2026,9,17,18,19,18:19,201.7,6.4,7.0,8.1,0.0
2026,9,17,18,21,18:21,202.8,5.6,7.1,8.1,0.0
2026,9,17,18,23,18:23,200.7,6.4,7.3,8.1,0.0
2026,9,17,18,24,18:24,204.2,5.6,6.7,7.8,0.0
2026,9,17,18,26,18:26,206.5,6.2,7.0,7.9,0.0
2026,9,17,18,28,18:28,207.3,6.6,7.4,8.5,0.0
2026,9,17,18,29,18:29,206.6,5.5,7.3,8.2,0.0
2026,9,17,18,31,18:30,205.2,5.8,7.0,7.8,0.0
2026,9,17,18,33,18:33,207.1,5.1,6.2,7.5,0.0
2026,9,17,18,34,18:34,211.7,5.2,6.4,7.6,0.0
2026,9,17,18,36,18:36,210.2,5.8,6.9,8.1,0.0
2026,9,17,18,38,18:38,209.4,5.7,6.8,7.5,0.0
2026,9,17,18,39,18:39,211.8,6.0,7.2,8.5,0.0
2026,9,17,18,41,18:41,208.3,5.9,7.1,8.3,0.0
2026,9,17,18,43,18:43,207.5,5.8,6.7,7.8,0.0
2026,9,17,18,44,18:44,208.6,5.5,6.6,7.5,0.0
2026,9,17,18,46,18:45,210.4,5.3,6.4,7.5,0.0
2026,9,17,18,48,18:47,210.7,5.8,6.5,7.2,0.0
2026,9,17,18,49,18:49,216.5,4.7,5.8,6.5,0.0
2026,9,17,18,52,18:51,216.6,5.5,6.7,8.6,0.0
2026,9,17,18,53,18:53,214.8,4.8,5.8,7.0,0.0
2026,9,17,18,54,18:54,210.5,5.1,6.1,7.7,0.0
2026,9,17,18,56,18:56,214.2,4.9,6.5,7.9,0.0
2026,9,17,18,58,18:58,216.3,5.0,6.0,7.1,0.0
2026,9,17,19,1,19:01,214.3,4.8,6.3,7.5,0.0
2026,9,17,19,3,19:03,211.8,5.1,6.2,7.0,0.0
2026,9,17,19,4,19:03,215.7,5.7,6.5,7.4,0.0
2026,9,17,19,6,19:06,218.0,4.8,6.4,8.3,0.0
2026,9,17,19,8,19:08,212.0,5.3,6.4,7.3,0.0
2026,9,17,19,9,19:09,213.9,5.9,7.1,8.5,0.0
2026,9,17,19,12,19:12,210.6,5.8,7.0,8.0,0.0
2026,9,17,19,13,19:13,212.6,6.1,7.0,8.1,0.0
2026,9,17,19,14,19:14,209.8,6.0,7.1,8.1,0.0
2026,9,17,19,16,19:16,213.9,5.9,7.0,8.2,0.0
2026,9,17,19,18,19:18,208.3,5.8,6.9,8.1,0.0
2026,9,17,19,19,19:19,208.3,6.0,7.1,8.1,0.0
2026,9,17,19,21,19:20,216.6,5.9,6.7,7.8,0.0
2026,9,17,19,23,19:23,214.0,5.4,6.3,7.2,0.0
2026,9,17,19,24,19:24,212.9,5.7,6.4,7.2,0.0
2026,9,17,19,27,19:27,209.6,5.3,6.3,7.3,0.0
2026,9,17,19,28,19:28,213.5,4.6,6.4,7.5,0.0
2026,9,17,19,29,19:29,212.3,4.9,6.1,7.3,0.0
2026,9,17,19,32,19:32,221.5,4.6,5.7,6.8,0.0
2026,9,17,19,33,19:33,219.6,4.7,5.6,6.4,0.0
2026,9,17,19,34,19:34,217.0,4.2,5.7,7.3,0.0
2026,9,17,19,36,19:36,219.4,5.2,6.5,7.3,0.0
2026,9,17,19,38,19:38,217.6,5.2,6.6,7.6,0.0
2026,9,17,19,39,19:39,217.7,4.6,5.9,7.8,0.0
2026,9,17,19,41,19:41,221.1,4.5,5.6,6.4,0.0
2026,9,17,19,43,19:43,219.1,4.9,6.1,7.5,0.0
2026,9,17,19,44,19:44,218.8,5.0,6.3,7.7,0.0
2026,9,17,19,46,19:46,220.1,4.3,5.5,6.5,0.0
2026,9,17,19,48,19:48,224.2,4.6,5.3,6.1,0.0
2026,9,17,19,49,19:49,220.1,4.2,4.9,5.4,0.0
2026,9,17,19,51,19:51,220.2,4.6,5.7,6.5,0.0
2026,9,17,19,53,19:52,218.0,4.7,5.5,6.3,0.0
2026,9,17,19,54,19:54,212.1,4.6,5.4,6.2,0.0
2026,9,17,19,56,19:56,216.0,4.2,4.9,5.5,0.0
2026,9,17,19,58,19:58,214.3,3.8,4.8,6.4,0.0
2026,9,17,19,59,19:59,218.0,5.1,5.8,6.3,0.0
2026,9,17,20,1,20:01,222.3,4.2,5.7,6.9,0.0
2026,9,17,20,3,20:03,216.2,4.1,5.2,6.6,0.0
2026,9,17,20,4,20:04,215.4,4.3,5.1,5.7,0.0
2026,9,17,20,6,20:06,223.1,4.3,5.2,6.2,0.0
2026,9,17,20,8,20:08,219.6,3.7,4.7,5.7,0.0
2026,9,17,20,9,20:08,218.6,4.2,5.2,6.4,0.0
2026,9,17,20,11,20:11,231.6,3.8,4.8,5.8,0.0
2026,9,17,20,13,20:13,223.3,3.7,4.7,5.5,0.0
2026,9,17,20,14,20:14,224.6,3.3,4.9,5.7,0.0
2026,9,17,20,17,20:17,223.9,3.6,4.9,5.8,0.0
2026,9,17,20,18,20:18,222.3,3.9,5.0,5.8,0.0
2026,9,17,20,19,20:19,227.5,4.1,5.3,7.3,0.0
2026,9,17,20,21,20:21,223.1,4.3,5.1,6.5,0.0
2026,9,17,20,23,20:23,224.7,3.7,5.2,6.5,0.0
2026,9,17,20,24,20:24,226.3,3.8,4.8,6.3,0.0
2026,9,17,20,26,20:26,227.1,3.6,4.8,6.3,0.0
2026,9,17,20,28,20:28,219.4,3.9,5.2,7.2,0.0
2026,9,17,20,31,20:31,215.3,3.5,4.9,6.8,0.0
2026,9,17,20,33,20:33,219.3,2.9,4.6,6.2,0.0
2026,9,17,20,34,20:34,222.9,3.6,4.5,5.8,0.0
2026,9,17,20,36,20:36,223.3,4.3,5.4,6.8,0.0
2026,9,17,20,38,20:38,223.7,4.8,5.7,6.5,0.0
2026,9,17,20,39,20:39,219.5,4.4,5.5,6.7,0.0
2026,9,17,20,41,20:41,225.3,5.2,5.9,7.4,0.0
2026,9,17,20,43,20:43,219.4,4.5,5.5,6.4,0.0
2026,9,17,20,44,20:44,222.0,4.3,5.2,6.0,0.0
2026,9,17,20,46,20:46,225.9,4.6,5.4,6.5,0.0
2026,9,17,20,48,20:48,235.4,3.9,5.4,6.2,0.0
2026,9,17,20,49,20:49,220.3,3.6,5.4,6.5,0.0
2026,9,17,20,51,20:51,229.9,2.7,4.4,5.6,0.0
2026,9,17,20,53,20:53,233.7,2.9,3.9,4.6,0.0
2026,9,17,20,54,20:54,228.5,3.4,4.5,6.3,0.0
2026,9,17,20,56,20:56,230.4,3.1,4.5,5.5,0.0
2026,9,17,20,58,20:58,231.4,2.5,4.0,5.4,0.0
2026,9,17,20,59,20:59,231.2,3.8,4.7,5.8,0.0
2026,9,17,21,2,21:02,227.9,3.5,5.0,6.8,0.0
2026,9,17,21,3,21:03,238.5,2.6,3.9,5.3,0.0
2026,9,17,21,4,21:04,228.5,3.2,3.9,5.0,0.0
2026,9,17,21,6,21:06,231.6,2.7,4.1,5.3,0.0
2026,9,17,21,8,21:08,234.9,3.4,4.2,5.0,0.0
2026,9,17,21,9,21:09,231.7,3.3,4.1,4.8,0.0
2026,9,17,21,11,21:11,235.1,2.2,3.7,5.0,0.0
2026,9,17,21,13,21:13,227.0,2.6,3.8,5.2,0.0
2026,9,17,21,14,21:14,240.0,2.5,3.8,4.9,0.0
2026,9,17,21,16,21:16,237.1,2.5,3.3,4.5,0.0
2026,9,17,21,18,21:18,228.0,2.5,3.6,4.5,0.0
2026,9,17,21,19,21:19,231.0,3.0,3.7,4.6,0.0
2026,9,17,21,22,21:22,235.5,2.9,3.9,5.0,0.0
2026,9,17,21,23,21:23,237.4,2.3,3.6,4.6,0.0
2026,9,17,21,24,21:24,229.5,2.5,3.4,4.5,0.0
2026,9,17,21,26,21:26,224.4,2.6,3.7,4.9,0.0
2026,9,17,21,28,21:28,225.5,2.5,3.5,4.6,0.0
2026,9,17,21,29,21:29,224.1,3.3,4.1,4.7,0.0
2026,9,17,21,32,21:32,224.6,3.5,4.1,4.8,0.0
2026,9,17,21,33,21:33,221.7,3.5,4.1,4.6,0.0
2026,9,17,21,34,21:34,219.9,2.9,3.7,4.7,0.0
2026,9,17,21,36,21:36,223.6,3.0,4.0,4.8,0.0
2026,9,17,21,38,21:38,231.6,3.1,4.2,5.0,0.0
2026,9,17,21,39,21:39,227.6,3.4,4.0,4.7,0.0
2026,9,17,21,41,21:41,232.1,3.4,4.4,5.4,0.0
2026,9,17,21,43,21:43,224.9,2.2,4.3,5.6,0.0
2026,9,17,21,44,21:44,224.4,3.1,4.3,5.4,0.0
2026,9,17,21,46,21:46,232.6,3.5,4.4,5.3,0.0
2026,9,17,21,48,21:48,224.7,2.8,3.5,4.7,0.0
2026,9,17,21,49,21:49,227.9,3.4,4.6,5.5,0.0
2026,9,17,21,52,21:51,227.2,3.2,4.1,4.7,0.0
2026,9,17,21,53,21:53,230.0,3.1,4.1,4.9,0.0
2026,9,17,21,54,21:54,235.0,1.8,3.2,4.0,0.0
2026,9,17,21,57,21:57,220.4,3.3,4.1,5.0,0.0
2026,9,17,21,58,21:58,229.0,2.9,3.9,4.7,0.0
2026,9,17,21,59,21:59,229.5,2.7,3.7,5.1,0.0
2026,9,17,22,1,22:01,235.4,2.5,3.6,4.4,0.0
2026,9,17,22,3,22:03,228.5,2.7,3.5,4.6,0.0
2026,9,17,22,4,22:04,229.0,2.5,3.4,4.3,0.0
2026,9,17,22,6,22:06,234.2,3.0,3.5,4.0,0.0
2026,9,17,22,8,22:08,231.2,3.0,3.6,4.3,0.0
2026,9,17,22,9,22:09,222.8,3.0,3.6,4.5,0.0
2026,9,17,22,11,22:11,227.9,2.8,3.5,4.5,0.0
2026,9,17,22,13,22:13,224.9,2.9,3.6,4.2,0.0
2026,9,17,22,14,22:14,222.1,2.7,3.6,4.3,0.0
2026,9,17,22,16,22:16,224.0,3.0,3.6,4.0,0.0
2026,9,17,22,18,22:18,222.5,1.9,3.0,3.7,0.0
2026,9,17,22,19,22:19,217.2,3.2,3.9,5.2,0.0
2026,9,17,22,22,22:21,224.5,2.9,3.9,5.0,0.0
2026,9,17,22,23,22:23,216.9,2.9,3.6,4.4,0.0
2026,9,17,22,24,22:24,235.3,2.4,3.6,5.2,0.0
2026,9,17,22,27,22:27,224.2,2.7,3.6,5.0,0.0
2026,9,17,22,28,22:28,222.4,2.6,3.6,4.3,0.0
2026,9,17,22,29,22:29,225.6,2.7,3.6,4.6,0.0
2026,9,17,22,32,22:32,225.7,3.0,3.9,4.6,0.0
2026,9,17,22,33,22:33,222.6,3.4,3.9,4.5,0.0
2026,9,17,22,34,22:34,227.0,2.2,3.3,4.1,0.0
2026,9,17,22,36,22:36,223.2,3.0,3.9,5.5,0.0
2026,9,17,22,38,22:38,220.7,2.5,4.1,5.1,0.0
2026,9,17,22,39,22:39,219.3,3.5,4.3,4.8,0.0
2026,9,17,22,42,22:41,222.9,3.4,4.0,4.7,0.0
2026,9,17,22,43,22:43,221.2,3.7,4.3,4.9,0.0
2026,9,17,22,44,22:44,219.4,3.1,3.7,4.7,0.0
2026,9,17,22,46,22:46,218.0,3.2,3.9,4.7,0.0
2026,9,17,22,48,22:48,227.5,3.8,4.2,4.9,0.0
2026,9,17,22,49,22:49,223.5,2.7,3.6,4.4,0.0
2026,9,17,22,51,22:51,220.4,2.9,3.6,4.6,0.0
2026,9,17,22,53,22:53,218.5,3.1,3.7,4.4,0.0
2026,9,17,22,54,22:54,213.9,3.1,3.7,4.3,0.0
2026,9,17,22,56,22:56,219.2,2.8,3.8,4.5,0.0
2026,9,17,22,58,22:58,219.2,2.8,3.7,4.1,0.0
2026,9,17,22,59,22:59,227.9,2.7,3.5,4.3,0.0
2026,9,17,23,1,23:01,227.5,2.4,3.2,3.8,0.0
2026,9,17,23,3,23:03,223.6,2.4,3.0,3.6,0.0
2026,9,17,23,4,23:04,221.3,2.5,3.3,4.0,0.0
2026,9,17,23,7,23:07,221.6,2.6,3.5,4.1,0.0
2026,9,17,23,8,23:08,220.8,3.0,3.8,4.6,0.0
2026,9,17,23,9,23:09,225.1,2.8,3.6,4.3,0.0
2026,9,17,23,12,23:12,213.1,3.2,3.9,4.9,0.0
2026,9,17,23,13,23:13,224.0,3.1,3.9,4.6,0.0
2026,9,17,23,14,23:14,216.5,2.8,3.9,5.3,0.0
2026,9,17,23,17,23:16,223.7,3.0,3.7,4.3,0.0
2026,9,17,23,18,23:18,220.0,3.3,4.2,4.7,0.0
2026,9,17,23,19,23:19,228.9,2.0,3.2,3.9,0.0
2026,9,17,23,21,23:21,221.1,3.3,4.2,5.0,0.0
2026,9,17,23,23,23:23,229.2,2.0,2.7,3.9,0.0
2026,9,17,23,24,23:24,223.3,3.2,3.9,4.6,0.0
2026,9,17,23,27,23:27,234.4,3.1,3.7,4.3,0.0
2026,9,17,23,28,23:28,225.6,2.2,2.7,3.3,0.0
2026,9,17,23,29,23:29,222.9,2.0,2.9,3.5,0.0
2026,9,17,23,32,23:32,232.3,2.1,3.0,3.7,0.0
2026,9,17,23,33,23:33,235.9,2.0,2.7,3.4,0.0
2026,9,17,23,34,23:34,224.8,2.5,3.1,3.7,0.0
2026,9,17,23,36,23:36,233.1,2.5,3.1,3.8,0.0
2026,9,17,23,38,23:38,231.6,2.2,2.6,3.0,0.0
2026,9,17,23,39,23:39,227.4,2.0,2.5,3.0,0.0
2026,9,17,23,41,23:41,231.9,2.2,2.8,3.6,0.0
2026,9,17,23,43,23:43,228.5,2.0,2.6,3.2,0.0
2026,9,17,23,44,23:44,226.3,2.1,2.6,3.0,0.0
2026,9,17,23,46,23:46,221.1,2.0,2.4,2.7,0.0
2026,9,17,23,48,23:48,218.1,2.6,3.1,3.4,0.0
2026,9,17,23,49,23:49,225.7,2.6,2.8,3.2,0.0
2026,9,17,23,52,23:52,215.6,2.7,3.2,3.7,0.0
2026,9,17,23,53,23:53,217.1,2.2,3.4,4.1,0.0
2026,9,17,23,54,23:54,221.5,2.7,3.4,4.0,0.0
2026,9,17,23,57,23:56,221.4,2.4,2.7,3.0,0.0
2026,9,17,23,58,23:58,208.6,2.3,2.9,3.5,0.0
2026,9,17,23,59,23:59,212.3,3.1,3.7,4.2,0.0
