# Helsinki Laru (dlarah.org Lauttasaari) 2026-10-05 Suomen aikaa — lähteen Laru_2026-278.txt sellaisenaan
# vuosi kk pv kirjoitus-h kirjoitus-min hh:mm suunta min ka max lämpötila (asemalla ei mittaria)
2026,10,5,0,1,00:01,267.7,1.5,1.8,2.0,0.0
2026,10,5,0,3,00:03,263.6,1.5,2.1,2.8,0.0
2026,10,5,0,4,00:04,272.3,1.3,2.0,2.9,0.0
2026,10,5,0,6,00:06,272.2,2.0,2.3,2.7,0.0
2026,10,5,0,8,00:08,269.7,1.5,2.0,2.5,0.0
2026,10,5,0,9,00:09,272.7,1.4,2.0,2.4,0.0
2026,10,5,0,11,00:11,259.1,1.1,1.8,2.6,0.0
2026,10,5,0,13,00:13,269.8,1.6,2.1,2.4,0.0
2026,10,5,0,14,00:14,270.6,0.9,2.1,3.3,0.0
2026,10,5,0,16,00:16,267.9,1.7,2.3,2.8,0.0
2026,10,5,0,18,00:18,266.6,1.5,2.0,2.7,0.0
2026,10,5,0,19,00:19,262.6,1.7,2.3,2.7,0.0
2026,10,5,0,21,00:21,254.6,1.8,2.3,2.8,0.0
2026,10,5,0,23,00:23,255.2,1.6,2.2,2.9,0.0
2026,10,5,0,24,00:24,263.1,1.2,2.2,2.8,0.0
2026,10,5,0,27,00:26,263.0,1.8,2.5,3.0,0.0
2026,10,5,0,28,00:28,272.8,1.7,2.3,2.9,0.0
2026,10,5,0,29,00:29,270.3,1.4,1.9,2.5,0.0
2026,10,5,0,32,00:31,272.1,2.0,2.3,2.7,0.0
2026,10,5,0,33,00:33,264.9,1.6,1.9,2.2,0.0
2026,10,5,0,34,00:34,277.2,1.5,2.1,2.8,0.0
2026,10,5,0,37,00:36,275.9,1.5,2.0,2.6,0.0
2026,10,5,0,38,00:38,270.3,1.4,2.1,2.8,0.0
2026,10,5,0,39,00:39,275.2,1.9,2.4,3.1,0.0
2026,10,5,0,41,00:41,265.2,1.7,2.2,2.8,0.0
2026,10,5,0,43,00:43,271.7,1.4,2.0,2.7,0.0
2026,10,5,0,44,00:44,264.0,1.1,1.9,2.4,0.0
2026,10,5,0,46,00:46,262.3,1.5,2.0,2.5,0.0
2026,10,5,0,48,00:48,279.1,1.6,2.4,3.5,0.0
2026,10,5,0,49,00:49,274.6,1.3,1.8,2.7,0.0
2026,10,5,0,51,00:51,255.0,1.1,1.4,2.2,0.0
2026,10,5,0,53,00:53,280.2,1.4,1.7,2.0,0.0
2026,10,5,0,54,00:54,280.0,0.7,1.1,1.5,0.0
2026,10,5,0,56,00:56,280.0,1.6,1.8,2.1,0.0
2026,10,5,0,58,00:58,281.5,0.9,1.4,2.0,0.0
2026,10,5,0,59,00:59,281.3,1.1,2.2,2.9,0.0
2026,10,5,1,2,01:01,281.3,1.4,2.3,2.8,0.0
2026,10,5,1,3,01:03,263.4,1.5,2.1,2.8,0.0
2026,10,5,1,4,01:04,264.1,1.2,2.0,3.3,0.0
2026,10,5,1,7,01:06,272.1,1.9,2.5,3.2,0.0
2026,10,5,1,8,01:08,264.3,2.0,2.4,2.8,0.0
2026,10,5,1,9,01:09,260.4,1.5,1.9,2.4,0.0
2026,10,5,1,11,01:11,259.3,1.1,1.9,2.7,0.0
2026,10,5,1,13,01:13,268.5,1.5,1.9,2.2,0.0
2026,10,5,1,14,01:14,260.2,1.9,2.1,2.5,0.0
2026,10,5,1,16,01:16,261.1,1.8,2.1,2.6,0.0
2026,10,5,1,18,01:18,260.1,1.7,2.1,2.6,0.0
2026,10,5,1,19,01:19,254.9,0.9,1.7,2.3,0.0
2026,10,5,1,21,01:21,253.2,1.2,2.0,2.7,0.0
2026,10,5,1,23,01:23,259.5,1.1,1.5,2.0,0.0
2026,10,5,1,24,01:24,270.9,1.0,1.3,1.6,0.0
2026,10,5,1,26,01:26,245.7,1.5,2.1,2.8,0.0
2026,10,5,1,28,01:28,248.7,0.6,1.5,2.2,0.0
2026,10,5,1,29,01:29,266.9,1.0,1.3,1.9,0.0
2026,10,5,1,32,01:31,227.9,0.6,1.0,1.7,0.0
2026,10,5,1,33,01:33,236.4,1.5,1.8,2.3,0.0
2026,10,5,1,34,01:34,240.4,1.4,1.8,2.3,0.0
2026,10,5,1,36,01:36,235.0,1.4,2.2,3.2,0.0
2026,10,5,1,38,01:38,255.8,1.3,1.9,2.5,0.0
2026,10,5,1,39,01:39,256.7,1.0,1.6,2.2,0.0
2026,10,5,1,41,01:41,223.8,1.3,1.6,2.2,0.0
2026,10,5,1,43,01:43,238.8,0.6,1.1,1.7,0.0
2026,10,5,1,44,01:44,238.8,0.9,1.3,2.0,0.0
2026,10,5,1,46,01:46,239.5,1.3,1.9,2.8,0.0
2026,10,5,1,48,01:48,250.7,1.2,1.7,2.1,0.0
2026,10,5,1,49,01:49,251.7,1.4,1.9,2.4,0.0
2026,10,5,1,52,01:51,254.2,0.8,1.8,2.5,0.0
2026,10,5,1,53,01:53,239.2,1.5,2.0,2.5,0.0
2026,10,5,1,54,01:54,245.0,1.3,1.8,2.1,0.0
2026,10,5,1,56,01:56,246.7,1.6,2.0,2.3,0.0
2026,10,5,1,58,01:58,258.5,0.9,1.3,1.7,0.0
2026,10,5,1,59,01:59,238.0,1.3,2.3,3.3,0.0
2026,10,5,2,1,02:01,240.8,1.4,2.1,2.5,0.0
2026,10,5,2,3,02:03,247.8,1.7,2.2,3.0,0.0
2026,10,5,2,4,02:04,240.8,1.1,2.2,3.0,0.0
2026,10,5,2,6,02:06,243.9,1.4,2.1,2.6,0.0
2026,10,5,2,8,02:08,244.7,2.1,2.5,3.1,0.0
2026,10,5,2,9,02:09,236.9,1.6,2.2,2.7,0.0
2026,10,5,2,11,02:11,237.1,1.4,2.0,3.0,0.0
2026,10,5,2,13,02:13,246.4,1.7,2.5,3.5,0.0
2026,10,5,2,14,02:14,238.8,1.9,2.6,3.2,0.0
2026,10,5,2,16,02:16,231.2,2.2,2.7,3.7,0.0
2026,10,5,2,18,02:18,248.0,1.9,2.8,4.0,0.0
2026,10,5,2,19,02:19,240.5,1.6,2.7,3.7,0.0
2026,10,5,2,21,02:21,243.4,1.8,2.3,3.0,0.0
2026,10,5,2,23,02:23,247.4,1.2,1.8,2.7,0.0
2026,10,5,2,24,02:24,255.3,1.4,1.9,2.6,0.0
2026,10,5,2,26,02:26,246.2,1.4,1.9,2.5,0.0
2026,10,5,2,28,02:28,241.1,1.7,2.5,3.3,0.0
2026,10,5,2,29,02:29,249.7,1.4,2.2,3.0,0.0
2026,10,5,2,32,02:31,244.4,1.8,2.4,3.0,0.0
2026,10,5,2,33,02:33,237.4,1.2,1.7,2.3,0.0
2026,10,5,2,34,02:34,242.6,1.2,1.9,2.7,0.0
2026,10,5,2,37,02:36,250.0,1.1,1.5,2.3,0.0
2026,10,5,2,38,02:38,237.2,1.8,2.4,3.1,0.0
2026,10,5,2,39,02:39,246.1,1.8,2.4,3.3,0.0
2026,10,5,2,41,02:41,262.9,1.4,2.2,2.7,0.0
2026,10,5,2,43,02:43,271.9,1.9,2.2,2.5,0.0
2026,10,5,2,44,02:44,267.6,1.9,2.4,2.9,0.0
2026,10,5,2,47,02:46,262.3,1.6,2.1,2.6,0.0
2026,10,5,2,48,02:48,267.9,1.6,2.2,3.0,0.0
2026,10,5,2,49,02:49,252.7,1.7,2.4,2.9,0.0
2026,10,5,2,51,02:51,248.9,1.2,1.7,2.4,0.0
2026,10,5,2,53,02:53,249.0,1.3,1.9,2.4,0.0
2026,10,5,2,54,02:54,265.0,1.6,2.0,2.5,0.0
2026,10,5,2,56,02:56,244.0,1.4,2.1,2.7,0.0
2026,10,5,2,58,02:58,247.1,0.5,1.5,2.3,0.0
2026,10,5,2,59,02:59,244.4,1.8,2.3,2.6,0.0
2026,10,5,3,2,03:01,256.8,1.3,1.9,2.2,0.0
2026,10,5,3,3,03:03,237.2,1.3,2.1,3.3,0.0
2026,10,5,3,4,03:04,244.9,1.1,1.6,2.8,0.0
2026,10,5,3,6,03:06,253.7,1.8,2.2,2.8,0.0
2026,10,5,3,8,03:08,247.4,1.2,2.0,2.6,0.0
2026,10,5,3,9,03:09,241.8,0.9,1.4,2.3,0.0
2026,10,5,3,12,03:11,250.4,1.6,2.1,2.7,0.0
2026,10,5,3,13,03:13,246.2,1.5,1.9,2.5,0.0
2026,10,5,3,14,03:14,254.6,1.4,1.8,2.2,0.0
2026,10,5,3,16,03:16,241.5,1.4,1.8,2.1,0.0
2026,10,5,3,18,03:18,250.7,0.6,1.1,1.7,0.0
2026,10,5,3,19,03:19,245.7,0.9,1.8,2.5,0.0
2026,10,5,3,22,03:21,232.6,1.0,1.3,1.7,0.0
2026,10,5,3,23,03:23,246.0,1.0,1.5,2.1,0.0
2026,10,5,3,24,03:24,242.5,1.4,2.3,3.0,0.0
2026,10,5,3,27,03:26,235.1,1.5,2.2,2.6,0.0
2026,10,5,3,28,03:28,241.2,1.6,2.3,3.1,0.0
2026,10,5,3,29,03:29,238.9,2.2,3.0,4.1,0.0
2026,10,5,3,31,03:31,239.4,2.0,2.6,3.6,0.0
2026,10,5,3,33,03:33,239.0,1.3,2.2,3.5,0.0
2026,10,5,3,34,03:34,239.5,1.2,2.1,3.0,0.0
2026,10,5,3,36,03:36,251.5,1.2,2.2,2.9,0.0
2026,10,5,3,38,03:38,228.2,1.8,2.3,2.8,0.0
2026,10,5,3,39,03:39,228.4,1.2,2.2,2.7,0.0
2026,10,5,3,42,03:41,228.4,2.0,2.6,3.0,0.0
2026,10,5,3,43,03:43,230.3,2.0,2.2,2.5,0.0
2026,10,5,3,44,03:44,231.9,1.7,2.2,2.5,0.0
2026,10,5,3,47,03:46,230.5,1.5,1.9,2.2,0.0
2026,10,5,3,48,03:48,223.2,1.3,1.6,1.8,0.0
2026,10,5,3,49,03:49,220.2,1.0,1.4,2.0,0.0
2026,10,5,3,52,03:51,225.3,1.4,1.6,1.7,0.0
2026,10,5,3,53,03:53,231.5,1.6,1.8,2.0,0.0
2026,10,5,3,54,03:54,218.3,1.8,2.0,2.3,0.0
2026,10,5,3,56,03:56,215.7,1.6,1.8,2.2,0.0
2026,10,5,3,58,03:58,215.7,1.3,1.5,2.1,0.0
2026,10,5,3,59,03:59,215.7,1.4,1.7,2.2,0.0
2026,10,5,4,2,04:01,215.7,1.3,1.4,1.6,0.0
2026,10,5,4,3,04:03,212.1,1.8,2.5,3.2,0.0
2026,10,5,4,4,04:04,214.1,2.3,2.8,3.3,0.0
2026,10,5,4,6,04:06,219.6,2.0,2.7,3.1,0.0
2026,10,5,4,8,04:08,209.7,2.5,3.1,3.6,0.0
2026,10,5,4,9,04:08,209.7,2.5,3.1,3.6,0.0
2026,10,5,4,12,04:11,211.2,2.6,3.0,3.5,0.0
2026,10,5,4,13,04:13,217.7,2.3,3.1,3.6,0.0
2026,10,5,4,14,04:14,214.6,2.7,3.0,3.3,0.0
2026,10,5,4,16,04:16,212.5,2.3,2.5,2.9,0.0
2026,10,5,4,18,04:18,213.6,2.1,2.4,2.7,0.0
2026,10,5,4,19,04:19,213.6,2.0,2.4,2.8,0.0
2026,10,5,4,22,04:21,213.8,2.1,2.3,2.6,0.0
2026,10,5,4,23,04:23,208.7,1.8,2.2,2.9,0.0
2026,10,5,4,24,04:24,204.2,2.4,2.8,3.3,0.0
2026,10,5,4,27,04:26,214.0,2.1,2.5,2.8,0.0
2026,10,5,4,28,04:28,211.8,2.2,2.8,3.4,0.0
2026,10,5,4,29,04:29,205.0,2.3,2.6,3.0,0.0
2026,10,5,4,31,04:31,206.4,1.9,2.3,2.6,0.0
2026,10,5,4,33,04:33,201.4,2.1,2.6,3.0,0.0
2026,10,5,4,34,04:34,195.2,2.3,2.8,3.2,0.0
2026,10,5,4,37,04:36,204.1,2.5,2.8,3.1,0.0
2026,10,5,4,38,04:38,205.9,2.3,2.5,2.8,0.0
2026,10,5,4,39,04:39,199.8,2.1,2.9,3.8,0.0
2026,10,5,4,41,04:41,212.7,2.7,3.0,3.4,0.0
2026,10,5,4,43,04:43,206.3,2.9,3.2,3.6,0.0
2026,10,5,4,44,04:44,200.2,2.8,3.2,3.7,0.0
2026,10,5,4,47,04:46,202.9,2.9,3.2,3.6,0.0
2026,10,5,4,48,04:48,199.9,2.9,3.4,3.9,0.0
2026,10,5,4,49,04:49,200.9,3.3,3.6,4.2,0.0
2026,10,5,4,51,04:51,200.1,3.2,3.8,4.3,0.0
2026,10,5,4,53,04:53,197.6,3.4,3.8,4.2,0.0
2026,10,5,4,54,04:54,200.3,3.1,3.5,4.1,0.0
2026,10,5,4,56,04:56,205.5,3.2,3.9,4.6,0.0
2026,10,5,4,58,04:58,204.9,3.7,4.3,4.9,0.0
2026,10,5,4,59,04:59,200.7,3.6,4.1,4.5,0.0
2026,10,5,5,1,05:01,197.4,3.6,4.3,4.8,0.0
2026,10,5,5,3,05:03,202.7,3.5,4.1,4.9,0.0
2026,10,5,5,4,05:04,199.2,3.6,4.1,4.7,0.0
2026,10,5,5,6,05:06,198.9,3.3,3.8,4.3,0.0
2026,10,5,5,8,05:08,194.9,3.7,4.3,4.9,0.0
2026,10,5,5,9,05:09,195.4,3.3,4.0,4.6,0.0
2026,10,5,5,12,05:11,196.0,3.5,4.3,5.3,0.0
2026,10,5,5,13,05:13,198.2,3.4,4.0,4.6,0.0
2026,10,5,5,14,05:14,199.4,3.5,4.2,4.9,0.0
2026,10,5,5,17,05:16,197.2,3.9,4.5,4.9,0.0
2026,10,5,5,18,05:18,204.5,4.0,4.4,5.0,0.0
2026,10,5,5,19,05:19,200.1,3.4,3.9,4.4,0.0
2026,10,5,5,21,05:21,200.4,3.9,4.4,4.9,0.0
2026,10,5,5,23,05:23,198.4,3.6,4.9,5.5,0.0
2026,10,5,5,24,05:24,203.5,3.9,4.7,5.2,0.0
2026,10,5,5,26,05:26,202.0,3.9,4.6,5.2,0.0
2026,10,5,5,28,05:28,203.2,3.8,4.4,4.9,0.0
2026,10,5,5,29,05:29,203.3,3.9,4.4,5.1,0.0
2026,10,5,5,31,05:31,204.7,4.0,4.4,4.9,0.0
2026,10,5,5,33,05:33,204.5,3.6,4.2,4.7,0.0
2026,10,5,5,34,05:34,203.9,3.5,4.3,4.9,0.0
2026,10,5,5,36,05:36,205.3,4.0,4.6,5.2,0.0
2026,10,5,5,38,05:38,202.9,3.7,4.4,4.8,0.0
2026,10,5,5,39,05:39,201.5,3.6,4.0,4.6,0.0
2026,10,5,5,41,05:41,200.2,3.6,4.3,4.8,0.0
2026,10,5,5,43,05:43,201.6,3.8,4.5,5.2,0.0
2026,10,5,5,44,05:44,202.4,4.2,5.0,5.9,0.0
2026,10,5,5,46,05:46,202.9,4.0,4.6,5.2,0.0
2026,10,5,5,48,05:48,204.4,4.3,4.7,5.4,0.0
2026,10,5,5,49,05:49,207.3,3.8,4.3,4.8,0.0
2026,10,5,5,51,05:49,207.3,3.8,4.3,4.8,0.0
2026,10,5,5,53,05:53,209.9,3.6,4.4,5.0,0.0
2026,10,5,5,54,05:54,203.6,3.8,4.4,5.0,0.0
2026,10,5,5,57,05:56,206.3,4.1,4.8,5.4,0.0
2026,10,5,5,58,05:58,202.0,3.9,4.6,5.1,0.0
2026,10,5,5,59,05:59,208.0,3.9,4.4,5.3,0.0
2026,10,5,6,1,06:01,209.4,3.9,4.7,5.4,0.0
2026,10,5,6,3,06:03,204.8,3.4,4.0,4.7,0.0
2026,10,5,6,4,06:04,210.5,3.4,4.1,4.8,0.0
2026,10,5,6,6,06:06,208.6,3.8,4.3,5.2,0.0
2026,10,5,6,8,06:08,207.8,3.7,4.4,5.0,0.0
2026,10,5,6,9,06:09,213.4,4.0,4.9,5.9,0.0
2026,10,5,6,12,06:11,213.0,3.7,4.2,5.2,0.0
2026,10,5,6,13,06:13,208.5,4.6,5.4,6.1,0.0
2026,10,5,6,14,06:14,206.2,4.2,4.9,5.4,0.0
2026,10,5,6,17,06:16,209.2,4.0,5.2,6.2,0.0
2026,10,5,6,18,06:18,206.8,4.0,5.0,6.0,0.0
2026,10,5,6,19,06:19,217.8,3.9,4.8,5.5,0.0
2026,10,5,6,21,06:21,208.7,3.3,4.4,5.2,0.0
2026,10,5,6,23,06:23,216.1,4.5,5.4,6.5,0.0
2026,10,5,6,24,06:24,217.8,4.0,5.1,6.3,0.0
2026,10,5,6,27,06:26,215.2,3.4,4.5,5.4,0.0
2026,10,5,6,28,06:28,224.6,3.9,4.7,5.7,0.0
2026,10,5,6,29,06:29,214.0,4.2,5.2,6.0,0.0
2026,10,5,6,32,06:31,221.4,4.2,5.1,5.9,0.0
2026,10,5,6,33,06:33,221.4,4.0,5.6,7.0,0.0
2026,10,5,6,34,06:34,220.3,4.3,5.1,5.9,0.0
2026,10,5,6,36,06:36,221.7,3.9,4.7,5.5,0.0
2026,10,5,6,38,06:38,218.4,4.7,5.4,6.7,0.0
2026,10,5,6,39,06:39,226.6,4.1,4.9,5.7,0.0
2026,10,5,6,41,06:41,215.3,4.5,5.3,5.9,0.0
2026,10,5,6,43,06:43,220.9,3.8,4.6,5.5,0.0
2026,10,5,6,44,06:44,221.0,3.9,5.0,5.8,0.0
2026,10,5,6,46,06:46,223.2,3.7,4.3,5.2,0.0
2026,10,5,6,48,06:48,234.2,3.5,4.8,5.8,0.0
2026,10,5,6,49,06:49,221.5,4.0,4.8,5.7,0.0
2026,10,5,6,52,06:51,221.1,3.8,4.9,6.1,0.0
2026,10,5,6,53,06:53,219.7,3.5,4.4,5.2,0.0
2026,10,5,6,54,06:54,216.8,4.2,5.4,6.6,0.0
2026,10,5,6,56,06:56,215.9,3.6,4.4,5.0,0.0
2026,10,5,6,58,06:58,217.3,3.4,4.1,4.8,0.0
2026,10,5,6,59,06:59,223.7,3.6,4.2,4.6,0.0
2026,10,5,7,1,07:01,220.8,3.5,4.8,6.1,0.0
2026,10,5,7,3,07:03,219.0,3.5,4.8,5.9,0.0
2026,10,5,7,4,07:04,219.2,4.2,4.7,5.5,0.0
2026,10,5,7,7,07:06,219.0,3.8,4.5,5.2,0.0
2026,10,5,7,8,07:08,217.7,3.8,4.5,5.6,0.0
2026,10,5,7,9,07:09,219.9,3.9,4.8,5.3,0.0
2026,10,5,7,12,07:11,217.4,4.0,4.4,4.9,0.0
2026,10,5,7,13,07:13,218.2,3.4,4.2,5.0,0.0
2026,10,5,7,14,07:14,218.6,3.5,4.3,5.0,0.0
2026,10,5,7,16,07:16,217.9,3.3,4.2,4.9,0.0
2026,10,5,7,18,07:18,214.1,3.0,3.9,4.5,0.0
2026,10,5,7,19,07:19,220.5,3.6,4.2,5.6,0.0
2026,10,5,7,22,07:21,217.7,4.1,4.8,5.4,0.0
2026,10,5,7,23,07:23,224.2,3.5,4.4,5.6,0.0
2026,10,5,7,24,07:24,220.6,4.1,4.8,5.6,0.0
2026,10,5,7,26,07:26,217.4,3.1,4.4,5.4,0.0
2026,10,5,7,28,07:28,222.1,4.0,4.7,5.8,0.0
2026,10,5,7,29,07:29,220.1,4.8,5.4,6.2,0.0
2026,10,5,7,31,07:31,222.0,3.0,4.3,5.1,0.0
2026,10,5,7,33,07:33,218.7,3.3,4.3,5.0,0.0
2026,10,5,7,34,07:34,221.7,3.7,4.4,5.2,0.0
2026,10,5,7,36,07:36,215.9,4.0,4.5,5.2,0.0
2026,10,5,7,38,07:38,218.8,3.8,4.7,5.5,0.0
2026,10,5,7,39,07:39,220.3,2.9,4.2,5.1,0.0
2026,10,5,7,41,07:41,220.8,3.4,4.4,5.2,0.0
2026,10,5,7,43,07:43,224.5,3.8,4.8,5.5,0.0
2026,10,5,7,44,07:44,225.9,3.4,4.1,4.9,0.0
2026,10,5,7,46,07:46,219.6,3.0,4.2,5.1,0.0
2026,10,5,7,48,07:48,217.0,4.1,4.9,5.6,0.0
2026,10,5,7,49,07:49,216.3,3.5,4.5,5.7,0.0
2026,10,5,7,52,07:51,220.2,3.8,4.5,5.3,0.0
2026,10,5,7,53,07:53,230.0,2.6,3.6,4.2,0.0
2026,10,5,7,54,07:54,225.3,3.3,3.8,4.5,0.0
2026,10,5,7,56,07:56,219.6,2.7,3.4,3.8,0.0
2026,10,5,7,58,07:58,218.8,2.7,3.7,4.3,0.0
2026,10,5,7,59,07:59,218.1,2.9,3.6,4.3,0.0
2026,10,5,8,1,08:01,222.0,2.7,3.6,4.8,0.0
2026,10,5,8,3,08:03,223.8,3.1,3.7,4.6,0.0
2026,10,5,8,4,08:04,222.4,3.0,3.5,4.2,0.0
2026,10,5,8,7,08:06,222.5,3.3,4.2,5.4,0.0
2026,10,5,8,8,08:08,225.5,3.3,3.9,4.4,0.0
2026,10,5,8,9,08:09,228.9,3.2,3.7,4.3,0.0
2026,10,5,8,11,08:11,221.5,3.4,4.1,4.5,0.0
2026,10,5,8,13,08:13,231.3,2.8,3.8,4.7,0.0
2026,10,5,8,14,08:14,220.7,3.2,3.8,4.4,0.0
2026,10,5,8,16,08:16,221.8,3.5,4.1,4.8,0.0
2026,10,5,8,18,08:18,219.6,3.8,4.4,5.1,0.0
2026,10,5,8,19,08:19,221.1,2.7,4.0,4.8,0.0
2026,10,5,8,21,08:21,223.8,3.4,4.3,5.1,0.0
2026,10,5,8,23,08:23,223.3,3.1,3.8,4.5,0.0
2026,10,5,8,24,08:24,227.0,2.7,3.5,4.3,0.0
2026,10,5,8,26,08:26,225.7,3.7,4.3,4.7,0.0
2026,10,5,8,28,08:28,226.5,2.6,3.4,4.1,0.0
2026,10,5,8,29,08:29,227.5,2.2,2.9,3.6,0.0
2026,10,5,8,31,08:31,227.5,3.5,4.3,5.4,0.0
2026,10,5,8,33,08:33,223.1,3.1,3.7,4.5,0.0
2026,10,5,8,34,08:34,219.8,3.1,3.9,5.1,0.0
2026,10,5,8,36,08:36,227.2,2.9,3.6,4.6,0.0
2026,10,5,8,38,08:38,224.6,2.9,3.9,4.9,0.0
2026,10,5,8,39,08:39,236.5,2.9,3.6,4.4,0.0
2026,10,5,8,41,08:41,225.4,3.3,4.4,6.3,0.0
2026,10,5,8,43,08:43,228.2,2.6,3.4,3.8,0.0
2026,10,5,8,44,08:44,225.7,2.0,3.0,3.7,0.0
2026,10,5,8,47,08:46,229.9,3.0,3.9,5.0,0.0
2026,10,5,8,48,08:48,226.6,2.6,3.9,5.4,0.0
2026,10,5,8,49,08:49,229.1,2.3,3.4,5.1,0.0
2026,10,5,8,51,08:51,226.9,2.8,3.8,5.0,0.0
2026,10,5,8,53,08:53,222.0,2.7,3.4,4.2,0.0
2026,10,5,8,54,08:54,221.0,2.6,3.2,4.0,0.0
2026,10,5,8,56,08:56,228.5,2.4,3.5,4.3,0.0
2026,10,5,8,58,08:58,221.5,2.7,3.7,4.9,0.0
2026,10,5,8,59,08:59,235.3,3.0,3.6,4.4,0.0
2026,10,5,9,2,09:01,229.9,3.4,4.0,4.9,0.0
2026,10,5,9,3,09:03,221.5,2.7,3.3,4.0,0.0
2026,10,5,9,4,09:04,223.5,2.9,3.6,4.5,0.0
2026,10,5,9,7,09:06,228.7,2.6,3.3,3.8,0.0
2026,10,5,9,8,09:08,230.7,2.9,3.6,4.5,0.0
2026,10,5,9,9,09:09,223.4,2.9,3.6,4.5,0.0
2026,10,5,9,11,09:11,231.2,3.4,3.9,4.9,0.0
2026,10,5,9,13,09:13,231.6,3.0,4.0,4.6,0.0
2026,10,5,9,14,09:14,228.1,2.9,3.5,4.1,0.0
2026,10,5,9,17,09:16,221.1,2.9,3.5,4.1,0.0
2026,10,5,9,18,09:18,230.5,3.2,4.3,5.2,0.0
2026,10,5,9,19,09:19,230.6,2.7,3.9,4.9,0.0
2026,10,5,9,22,09:21,223.8,3.5,4.2,4.7,0.0
2026,10,5,9,23,09:23,230.5,3.0,3.6,4.2,0.0
2026,10,5,9,24,09:24,223.3,2.7,3.9,4.9,0.0
2026,10,5,9,26,09:26,227.0,2.8,3.4,4.1,0.0
2026,10,5,9,28,09:28,223.3,3.4,3.8,4.3,0.0
2026,10,5,9,29,09:29,225.3,2.7,3.4,4.3,0.0
2026,10,5,9,31,09:31,218.9,2.8,3.3,4.6,0.0
2026,10,5,9,33,09:33,220.3,2.5,3.3,3.9,0.0
2026,10,5,9,34,09:34,222.0,1.8,2.9,3.8,0.0
2026,10,5,9,36,09:36,226.3,2.2,3.1,3.6,0.0
2026,10,5,9,38,09:38,224.9,3.0,3.9,4.7,0.0
2026,10,5,9,39,09:39,222.7,3.0,3.4,4.0,0.0
2026,10,5,9,42,09:41,228.1,2.5,3.5,4.5,0.0
2026,10,5,9,43,09:43,219.1,2.7,3.5,4.1,0.0
2026,10,5,9,44,09:44,220.4,3.4,4.4,5.3,0.0
2026,10,5,9,47,09:46,225.2,3.1,3.7,4.6,0.0
2026,10,5,9,48,09:48,230.2,2.2,3.0,3.7,0.0
2026,10,5,9,49,09:49,222.1,3.0,3.4,3.9,0.0
2026,10,5,9,51,09:51,220.5,2.4,3.7,4.6,0.0
2026,10,5,9,53,09:53,222.3,2.9,3.4,3.9,0.0
2026,10,5,9,54,09:54,222.5,2.8,3.2,3.6,0.0
2026,10,5,9,56,09:56,221.6,2.6,3.4,4.2,0.0
2026,10,5,9,58,09:58,216.3,2.8,3.3,4.0,0.0
2026,10,5,9,59,09:59,215.5,3.2,3.6,3.8,0.0
2026,10,5,10,1,10:01,211.2,3.3,3.6,4.0,0.0
2026,10,5,10,3,10:03,210.8,3.3,3.8,4.4,0.0
2026,10,5,10,4,10:04,205.7,2.9,3.3,3.7,0.0
2026,10,5,10,7,10:06,213.3,2.7,3.4,4.3,0.0
2026,10,5,10,8,10:08,214.7,2.9,3.5,4.1,0.0
2026,10,5,10,9,10:09,213.2,3.3,3.9,4.7,0.0
2026,10,5,10,11,10:11,220.5,2.7,3.4,4.2,0.0
2026,10,5,10,13,10:13,236.8,2.1,2.8,3.5,0.0
2026,10,5,10,14,10:14,224.5,2.4,3.3,3.8,0.0
2026,10,5,10,17,10:16,216.2,3.1,3.4,4.0,0.0
2026,10,5,10,18,10:18,212.8,3.3,4.1,4.8,0.0
2026,10,5,10,19,10:19,215.2,3.0,3.8,4.5,0.0
2026,10,5,10,21,10:21,210.8,3.0,3.3,3.9,0.0
2026,10,5,10,23,10:23,208.8,3.3,3.7,4.5,0.0
2026,10,5,10,24,10:24,207.8,3.3,4.1,4.9,0.0
2026,10,5,10,26,10:26,213.1,3.5,4.1,4.7,0.0
2026,10,5,10,28,10:28,209.9,3.2,4.1,5.2,0.0
2026,10,5,10,29,10:29,202.8,3.7,4.7,5.5,0.0
2026,10,5,10,32,10:31,203.0,3.9,4.4,4.9,0.0
2026,10,5,10,33,10:33,214.4,3.5,4.1,4.9,0.0
2026,10,5,10,34,10:34,210.1,3.6,4.2,4.7,0.0
2026,10,5,10,36,10:36,213.2,3.3,3.8,4.3,0.0
2026,10,5,10,38,10:38,214.0,3.6,4.0,4.5,0.0
2026,10,5,10,39,10:39,216.2,3.5,4.2,4.9,0.0
2026,10,5,10,41,10:41,207.9,4.1,4.9,5.6,0.0
2026,10,5,10,43,10:43,215.2,3.1,3.6,4.4,0.0
2026,10,5,10,44,10:44,219.1,3.3,4.0,5.1,0.0
2026,10,5,10,47,10:46,215.1,3.9,4.5,5.1,0.0
2026,10,5,10,48,10:48,222.9,3.2,3.7,4.4,0.0
2026,10,5,10,49,10:49,221.2,3.1,3.5,4.0,0.0
2026,10,5,10,51,10:51,216.1,3.2,3.9,4.3,0.0
2026,10,5,10,53,10:53,216.2,3.3,3.8,4.6,0.0
2026,10,5,10,54,10:54,217.3,2.5,3.2,3.8,0.0
2026,10,5,10,56,10:56,225.2,3.2,3.6,4.2,0.0
2026,10,5,10,58,10:58,215.3,3.1,3.8,4.5,0.0
2026,10,5,10,59,10:59,212.3,3.3,3.9,4.6,0.0
2026,10,5,11,1,11:01,223.5,2.8,3.2,4.0,0.0
2026,10,5,11,3,11:03,218.5,2.8,3.7,4.6,0.0
2026,10,5,11,4,11:04,222.8,2.3,3.4,4.2,0.0
2026,10,5,11,6,11:06,219.2,2.5,3.5,4.3,0.0
2026,10,5,11,8,11:08,216.1,3.1,3.5,4.0,0.0
2026,10,5,11,9,11:09,219.9,2.6,3.3,3.9,0.0
2026,10,5,11,11,11:11,223.7,2.6,3.3,4.1,0.0
2026,10,5,11,13,11:13,218.0,2.5,3.0,3.6,0.0
2026,10,5,11,14,11:14,216.6,2.6,3.5,4.5,0.0
2026,10,5,11,16,11:16,220.4,2.6,3.2,3.7,0.0
2026,10,5,11,18,11:18,214.7,3.1,3.5,3.8,0.0
2026,10,5,11,19,11:19,217.6,3.0,3.5,4.0,0.0
2026,10,5,11,21,11:21,211.5,3.1,3.4,3.7,0.0
2026,10,5,11,23,11:23,217.9,3.0,3.4,3.8,0.0
2026,10,5,11,24,11:24,214.5,3.3,3.8,4.2,0.0
2026,10,5,11,27,11:26,218.8,3.3,3.7,4.3,0.0
2026,10,5,11,28,11:28,211.6,3.0,3.5,3.9,0.0
2026,10,5,11,29,11:29,210.6,3.6,3.9,4.7,0.0
2026,10,5,11,32,11:31,212.4,2.9,3.4,3.8,0.0
2026,10,5,11,33,11:33,219.5,3.0,3.7,4.6,0.0
2026,10,5,11,34,11:34,211.6,3.5,4.2,4.9,0.0
2026,10,5,11,37,11:36,217.5,3.4,3.8,4.2,0.0
2026,10,5,11,38,11:38,211.4,3.5,3.9,4.5,0.0
2026,10,5,11,39,11:39,213.2,3.4,3.9,4.2,0.0
2026,10,5,11,41,11:41,216.1,3.1,3.7,4.4,0.0
2026,10,5,11,43,11:43,221.2,2.7,2.9,3.2,0.0
2026,10,5,11,44,11:44,219.4,2.0,2.9,3.6,0.0
2026,10,5,11,47,11:46,216.1,3.0,3.3,3.6,0.0
2026,10,5,11,48,11:48,218.7,3.2,3.9,4.6,0.0
2026,10,5,11,49,11:49,213.5,3.3,4.0,4.6,0.0
2026,10,5,11,52,11:51,218.8,3.2,3.9,4.6,0.0
2026,10,5,11,53,11:53,218.1,2.7,3.4,3.9,0.0
2026,10,5,11,54,11:54,210.1,2.8,3.3,3.8,0.0
2026,10,5,11,56,11:56,209.6,3.2,3.7,4.2,0.0
2026,10,5,11,58,11:58,215.7,2.5,3.1,3.6,0.0
2026,10,5,11,59,11:59,210.1,2.8,3.3,3.7,0.0
2026,10,5,12,1,12:01,206.1,3.4,4.0,4.7,0.0
2026,10,5,12,3,12:03,204.2,3.5,3.9,4.5,0.0
2026,10,5,12,4,12:04,205.3,3.4,3.9,4.3,0.0
2026,10,5,12,7,12:06,204.2,3.1,3.7,4.3,0.0
2026,10,5,12,8,12:08,212.5,3.2,3.7,4.2,0.0
2026,10,5,12,9,12:09,210.1,3.0,3.6,4.1,0.0
2026,10,5,12,11,12:11,219.2,2.8,3.2,3.7,0.0
2026,10,5,12,13,12:13,213.5,3.3,3.8,4.9,0.0
2026,10,5,12,14,12:14,215.6,3.1,3.8,4.4,0.0
2026,10,5,12,17,12:16,210.7,3.1,3.7,4.2,0.0
2026,10,5,12,18,12:18,208.5,2.8,3.4,4.0,0.0
2026,10,5,12,19,12:19,209.8,2.4,3.2,4.1,0.0
2026,10,5,12,22,12:21,208.5,3.2,3.8,4.3,0.0
2026,10,5,12,23,12:23,207.0,3.3,3.7,4.1,0.0
2026,10,5,12,24,12:24,211.2,3.3,3.7,4.4,0.0
2026,10,5,12,26,12:26,200.7,3.2,3.6,4.2,0.0
2026,10,5,12,28,12:28,210.1,3.0,3.5,3.9,0.0
2026,10,5,12,30,12:29,213.4,2.7,3.1,3.5,0.0
2026,10,5,12,32,12:31,209.2,3.1,3.5,4.1,0.0
2026,10,5,12,33,12:33,202.5,2.8,3.7,4.5,0.0
2026,10,5,12,34,12:34,213.2,3.3,3.7,4.1,0.0
2026,10,5,12,36,12:36,210.1,3.4,3.9,4.5,0.0
2026,10,5,12,38,12:38,214.2,3.0,3.6,3.9,0.0
2026,10,5,12,39,12:39,206.4,2.8,3.6,4.3,0.0
2026,10,5,12,41,12:41,207.8,2.9,3.5,3.8,0.0
2026,10,5,12,43,12:43,204.9,2.9,3.2,3.6,0.0
2026,10,5,12,44,12:44,212.2,2.8,3.3,4.1,0.0
2026,10,5,12,47,12:46,210.0,3.2,3.7,4.2,0.0
2026,10,5,12,48,12:48,211.1,3.1,3.5,4.1,0.0
2026,10,5,12,49,12:49,210.0,3.2,3.5,4.1,0.0
2026,10,5,12,52,12:51,209.3,2.9,3.6,4.0,0.0
2026,10,5,12,53,12:53,211.0,3.0,3.5,3.9,0.0
2026,10,5,12,54,12:54,210.2,3.0,3.4,4.0,0.0
2026,10,5,12,57,12:56,217.9,2.7,3.3,3.9,0.0
2026,10,5,12,58,12:58,208.9,3.1,3.9,4.6,0.0
2026,10,5,12,59,12:59,213.0,3.0,3.7,4.4,0.0
2026,10,5,13,1,13:01,223.2,2.8,3.6,4.0,0.0
2026,10,5,13,3,13:03,213.1,2.7,3.6,4.1,0.0
2026,10,5,13,4,13:04,214.1,2.8,3.2,4.0,0.0
2026,10,5,13,6,13:06,208.7,3.5,4.2,5.1,0.0
2026,10,5,13,8,13:08,210.9,3.1,3.8,4.3,0.0
2026,10,5,13,9,13:09,213.3,3.3,3.9,4.3,0.0
2026,10,5,13,12,13:11,206.9,3.8,4.2,4.7,0.0
2026,10,5,13,13,13:13,206.7,3.4,4.1,4.9,0.0
2026,10,5,13,14,13:14,204.8,3.7,4.1,4.7,0.0
2026,10,5,13,16,13:16,202.5,3.6,4.3,5.1,0.0
2026,10,5,13,18,13:18,201.4,3.6,3.9,4.4,0.0
2026,10,5,13,19,13:19,200.8,3.6,4.0,4.3,0.0
2026,10,5,13,21,13:21,208.1,2.7,3.1,3.4,0.0
2026,10,5,13,23,13:23,214.2,3.0,3.5,3.9,0.0
2026,10,5,13,24,13:24,214.3,3.1,3.4,3.8,0.0
2026,10,5,13,26,13:26,216.3,2.9,3.5,4.0,0.0
2026,10,5,13,28,13:28,209.5,3.2,3.7,4.2,0.0
2026,10,5,13,29,13:29,212.9,3.4,3.6,4.0,0.0
2026,10,5,13,31,13:31,216.5,3.2,3.5,4.0,0.0
2026,10,5,13,33,13:33,218.5,2.6,3.1,3.5,0.0
2026,10,5,13,34,13:34,217.9,2.6,3.3,4.3,0.0
2026,10,5,13,36,13:36,214.3,3.1,3.6,4.5,0.0
2026,10,5,13,38,13:38,222.5,2.7,3.3,3.7,0.0
2026,10,5,13,39,13:39,219.6,3.4,3.6,3.9,0.0
2026,10,5,13,42,13:41,222.8,2.3,3.4,4.2,0.0
2026,10,5,13,43,13:43,221.4,2.3,3.0,3.4,0.0
2026,10,5,13,44,13:44,213.5,2.4,3.2,4.0,0.0
2026,10,5,13,46,13:46,221.3,2.3,2.9,3.4,0.0
2026,10,5,13,48,13:48,230.2,1.5,1.8,2.4,0.0
2026,10,5,13,49,13:49,225.9,1.3,2.0,2.6,0.0
2026,10,5,13,51,13:51,236.2,1.3,1.9,2.5,0.0
2026,10,5,13,53,13:53,228.9,1.7,2.7,3.4,0.0
2026,10,5,13,54,13:54,234.4,2.0,2.9,3.4,0.0
2026,10,5,13,57,13:56,235.8,1.8,2.7,3.4,0.0
2026,10,5,13,58,13:58,228.9,2.2,2.8,3.3,0.0
2026,10,5,13,59,13:59,233.5,1.9,2.6,3.4,0.0
2026,10,5,14,1,14:01,224.5,1.6,2.2,2.9,0.0
2026,10,5,14,3,14:03,213.8,1.9,2.4,3.2,0.0
2026,10,5,14,4,14:04,205.5,2.5,2.8,3.2,0.0
2026,10,5,14,7,14:06,204.8,2.4,2.8,3.2,0.0
2026,10,5,14,8,14:08,205.2,3.0,3.5,4.1,0.0
2026,10,5,14,9,14:09,205.5,3.1,3.8,4.8,0.0
2026,10,5,14,11,14:11,210.1,3.6,4.0,4.4,0.0
2026,10,5,14,13,14:13,206.0,3.4,4.2,4.8,0.0
2026,10,5,14,14,14:14,205.3,3.8,4.4,4.9,0.0
2026,10,5,14,17,14:16,209.1,3.7,4.2,4.5,0.0
2026,10,5,14,18,14:18,210.2,3.5,4.1,5.0,0.0
2026,10,5,14,19,14:19,217.4,3.3,3.9,5.9,0.0
2026,10,5,14,21,14:21,217.6,4.1,5.0,5.9,0.0
2026,10,5,14,23,14:23,207.4,4.7,5.6,6.5,0.0
2026,10,5,14,24,14:24,212.1,4.3,5.2,6.3,0.0
2026,10,5,14,27,14:26,218.7,4.4,5.2,5.9,0.0
2026,10,5,14,28,14:28,240.8,1.9,3.8,5.5,0.0
2026,10,5,14,29,14:29,254.3,1.3,2.7,3.9,0.0
2026,10,5,14,32,14:31,270.6,3.3,4.1,5.1,0.0
2026,10,5,14,33,14:33,260.6,2.1,2.8,3.6,0.0
2026,10,5,14,34,14:34,262.9,2.2,3.2,3.7,0.0
2026,10,5,14,37,14:36,263.3,2.5,3.4,3.9,0.0
2026,10,5,14,38,14:38,270.9,2.0,2.4,2.8,0.0
2026,10,5,14,39,14:39,276.0,2.0,2.6,3.0,0.0
2026,10,5,14,42,14:41,265.2,1.4,1.8,2.0,0.0
2026,10,5,14,43,14:43,269.9,1.7,2.3,3.0,0.0
2026,10,5,14,44,14:44,266.5,2.2,2.5,3.1,0.0
2026,10,5,14,46,14:46,273.0,2.3,3.1,4.1,0.0
2026,10,5,14,48,14:48,269.0,1.4,2.5,3.4,0.0
2026,10,5,14,49,14:49,272.9,1.6,2.7,3.8,0.0
2026,10,5,14,51,14:51,251.6,1.6,2.4,3.2,0.0
2026,10,5,14,53,14:53,270.0,2.3,3.3,4.2,0.0
2026,10,5,14,54,14:54,264.6,2.9,4.0,5.4,0.0
2026,10,5,14,56,14:56,251.7,1.8,3.1,4.0,0.0
2026,10,5,14,58,14:58,253.3,2.6,3.6,5.3,0.0
2026,10,5,14,59,14:59,251.5,1.8,3.0,3.9,0.0
2026,10,5,15,2,15:01,250.3,1.3,3.2,5.2,0.0
2026,10,5,15,3,15:03,248.6,2.2,3.3,4.3,0.0
2026,10,5,15,4,15:04,244.7,2.6,3.5,4.6,0.0
2026,10,5,15,6,15:06,234.1,2.6,3.8,5.6,0.0
2026,10,5,15,8,15:08,243.5,2.7,3.6,4.8,0.0
2026,10,5,15,9,15:09,228.7,3.1,3.9,5.1,0.0
2026,10,5,15,12,15:11,231.9,2.0,3.5,4.3,0.0
2026,10,5,15,13,15:13,230.5,2.1,3.1,4.0,0.0
2026,10,5,15,14,15:14,225.8,2.8,3.7,5.6,0.0
2026,10,5,15,16,15:16,236.6,3.1,3.9,4.7,0.0
2026,10,5,15,18,15:18,235.5,2.6,3.7,4.4,0.0
2026,10,5,15,19,15:19,234.3,3.3,3.9,4.5,0.0
2026,10,5,15,22,15:21,233.9,3.0,3.5,4.1,0.0
2026,10,5,15,23,15:23,236.6,1.8,3.7,5.3,0.0
2026,10,5,15,24,15:24,230.6,2.1,3.7,4.2,0.0
2026,10,5,15,26,15:26,234.5,2.5,3.3,4.1,0.0
2026,10,5,15,28,15:28,233.9,2.2,3.0,3.6,0.0
2026,10,5,15,29,15:29,234.2,2.3,2.9,3.5,0.0
2026,10,5,15,31,15:31,234.6,2.1,2.6,3.2,0.0
2026,10,5,15,33,15:33,246.6,1.5,2.0,2.7,0.0
2026,10,5,15,34,15:34,238.8,1.6,2.1,2.7,0.0
2026,10,5,15,37,15:36,241.5,1.2,1.6,2.1,0.0
2026,10,5,15,38,15:38,234.9,1.5,2.6,3.1,0.0
2026,10,5,15,39,15:39,231.3,1.7,2.1,2.5,0.0
2026,10,5,15,41,15:41,233.3,1.1,2.1,3.3,0.0
2026,10,5,15,43,15:43,233.8,1.3,2.0,2.7,0.0
2026,10,5,15,44,15:44,237.8,1.6,2.1,2.6,0.0
2026,10,5,15,46,15:46,236.3,1.5,2.3,3.0,0.0
2026,10,5,15,48,15:48,233.5,1.5,2.2,2.9,0.0
2026,10,5,15,49,15:49,226.3,1.9,2.3,2.8,0.0
2026,10,5,15,51,15:51,223.0,2.0,2.4,2.9,0.0
2026,10,5,15,53,15:53,235.8,1.8,2.2,2.7,0.0
2026,10,5,15,54,15:54,244.2,1.7,2.0,2.4,0.0
2026,10,5,15,56,15:56,226.6,1.8,2.2,2.6,0.0
2026,10,5,15,58,15:58,222.6,1.8,2.2,2.7,0.0
2026,10,5,15,59,15:59,228.5,2.1,2.6,2.9,0.0
2026,10,5,16,1,16:01,227.6,1.6,2.1,2.4,0.0
2026,10,5,16,3,16:03,224.2,1.1,1.7,2.1,0.0
2026,10,5,16,4,16:04,224.2,1.5,1.8,2.0,0.0
2026,10,5,16,6,16:06,229.3,1.8,2.3,3.4,0.0
2026,10,5,16,8,16:08,225.0,3.0,3.4,4.0,0.0
2026,10,5,16,9,16:09,225.6,2.6,3.2,4.1,0.0
2026,10,5,16,11,16:11,226.5,2.5,3.4,4.5,0.0
2026,10,5,16,13,16:13,220.3,3.4,4.3,4.9,0.0
2026,10,5,16,14,16:14,219.4,3.2,4.1,4.6,0.0
2026,10,5,16,16,16:16,220.7,3.4,4.0,4.4,0.0
2026,10,5,16,18,16:18,225.6,3.0,4.4,5.1,0.0
2026,10,5,16,19,16:19,224.7,3.3,4.0,4.9,0.0
2026,10,5,16,21,16:21,212.8,4.0,4.9,5.9,0.0
2026,10,5,16,23,16:23,211.5,3.3,4.2,4.7,0.0
2026,10,5,16,24,16:24,213.0,3.3,3.9,4.7,0.0
2026,10,5,16,26,16:26,219.0,3.7,4.7,5.4,0.0
2026,10,5,16,28,16:28,213.5,3.8,4.5,5.8,0.0
2026,10,5,16,29,16:29,212.7,4.6,5.4,6.3,0.0
2026,10,5,16,31,16:31,204.3,4.2,5.0,5.9,0.0
2026,10,5,16,33,16:33,204.7,3.5,4.1,4.7,0.0
2026,10,5,16,34,16:34,201.0,3.6,4.3,5.2,0.0
2026,10,5,16,36,16:36,204.5,4.1,4.5,5.1,0.0
2026,10,5,16,38,16:38,200.0,4.2,4.9,5.6,0.0
2026,10,5,16,39,16:39,197.7,3.9,4.5,5.1,0.0
2026,10,5,16,41,16:41,199.9,4.3,4.9,5.6,0.0
2026,10,5,16,43,16:43,195.1,4.5,4.9,5.4,0.0
2026,10,5,16,44,16:44,200.1,4.6,5.3,6.0,0.0
2026,10,5,16,47,16:46,199.1,4.3,5.2,6.1,0.0
2026,10,5,16,48,16:48,200.3,5.5,6.6,7.4,0.0
2026,10,5,16,49,16:49,202.8,5.8,6.6,7.3,0.0
2026,10,5,16,51,16:51,202.0,5.2,6.2,6.9,0.0
2026,10,5,16,53,16:53,205.2,5.6,6.6,7.5,0.0
2026,10,5,16,54,16:54,205.3,5.3,6.2,7.4,0.0
2026,10,5,16,56,16:56,207.7,4.4,5.3,6.8,0.0
2026,10,5,16,58,16:58,211.7,4.6,5.5,6.5,0.0
2026,10,5,16,59,16:59,208.2,4.5,5.6,6.6,0.0
2026,10,5,17,1,17:01,210.1,4.2,5.4,7.0,0.0
2026,10,5,17,3,17:03,204.8,4.7,5.5,6.3,0.0
2026,10,5,17,4,17:04,206.6,3.5,4.6,5.1,0.0
2026,10,5,17,6,17:06,204.3,4.3,5.1,5.6,0.0
2026,10,5,17,8,17:08,204.6,5.1,5.9,7.0,0.0
2026,10,5,17,9,17:09,207.5,5.0,5.8,6.9,0.0
2026,10,5,17,11,17:11,204.6,4.9,5.5,6.2,0.0
2026,10,5,17,13,17:13,203.7,4.9,5.8,7.3,0.0
2026,10,5,17,14,17:14,212.5,4.9,5.9,6.9,0.0
2026,10,5,17,16,17:16,210.6,4.9,5.6,6.4,0.0
2026,10,5,17,18,17:18,206.2,6.0,6.8,8.1,0.0
2026,10,5,17,19,17:19,207.3,5.9,6.9,8.1,0.0
2026,10,5,17,21,17:21,211.1,5.7,6.5,7.9,0.0
2026,10,5,17,23,17:23,210.2,5.6,6.7,7.9,0.0
2026,10,5,17,24,17:24,212.8,5.5,6.4,7.4,0.0
2026,10,5,17,27,17:26,216.9,4.3,4.9,5.6,0.0
2026,10,5,17,28,17:28,216.6,4.3,5.2,6.2,0.0
2026,10,5,17,29,17:29,219.2,4.5,5.4,6.4,0.0
2026,10,5,17,32,17:31,213.2,4.3,5.3,6.3,0.0
2026,10,5,17,33,17:33,214.9,3.9,4.9,5.4,0.0
2026,10,5,17,34,17:34,214.1,4.2,4.8,5.3,0.0
2026,10,5,17,37,17:36,219.7,4.3,4.9,5.6,0.0
2026,10,5,17,38,17:38,225.6,3.1,3.7,4.4,0.0
2026,10,5,17,39,17:39,221.4,3.6,4.2,4.8,0.0
2026,10,5,17,41,17:41,221.6,2.6,3.4,3.9,0.0
2026,10,5,17,43,17:43,226.3,3.2,3.8,4.7,0.0
2026,10,5,17,44,17:44,218.6,3.6,4.2,5.3,0.0
2026,10,5,17,46,17:46,210.0,3.7,4.2,4.8,0.0
2026,10,5,17,48,17:48,206.7,3.7,4.4,5.3,0.0
2026,10,5,17,49,17:49,206.1,4.4,4.9,5.4,0.0
2026,10,5,17,51,17:51,210.7,5.1,6.2,7.6,0.0
2026,10,5,17,53,17:53,232.9,3.9,4.8,6.0,0.0
2026,10,5,17,54,17:54,211.3,4.7,5.3,5.8,0.0
2026,10,5,17,56,17:56,218.7,5.3,6.0,7.0,0.0
2026,10,5,17,58,17:58,213.7,5.2,5.9,6.9,0.0
2026,10,5,17,59,17:59,218.3,5.3,6.3,7.0,0.0
2026,10,5,18,1,18:01,219.2,4.8,5.6,6.2,0.0
2026,10,5,18,3,18:03,215.5,4.7,5.9,6.5,0.0
2026,10,5,18,4,18:04,216.7,4.6,5.6,6.3,0.0
2026,10,5,18,7,18:06,221.0,4.9,6.0,7.3,0.0
2026,10,5,18,8,18:08,220.7,5.0,6.3,7.3,0.0
2026,10,5,18,9,18:09,220.8,4.3,5.5,6.7,0.0
2026,10,5,18,11,18:11,215.0,4.7,5.6,7.0,0.0
2026,10,5,18,13,18:13,221.0,4.6,5.7,7.3,0.0
2026,10,5,18,14,18:14,220.4,4.7,5.9,7.1,0.0
2026,10,5,18,16,18:16,225.8,5.3,6.5,7.7,0.0
2026,10,5,18,18,18:18,221.3,4.3,5.5,6.6,0.0
2026,10,5,18,19,18:19,219.7,5.0,6.0,6.8,0.0
2026,10,5,18,22,18:21,222.0,4.0,5.1,5.6,0.0
2026,10,5,18,23,18:23,215.5,4.7,5.6,7.2,0.0
2026,10,5,18,24,18:24,219.0,5.1,6.1,8.1,0.0
2026,10,5,18,26,18:26,216.8,4.8,5.6,6.6,0.0
2026,10,5,18,28,18:28,218.2,5.1,6.1,6.9,0.0
2026,10,5,18,29,18:29,219.5,5.0,5.9,7.3,0.0
2026,10,5,18,31,18:31,214.1,4.3,5.1,6.2,0.0
2026,10,5,18,33,18:33,213.2,4.4,5.4,6.2,0.0
2026,10,5,18,34,18:34,212.1,3.9,4.8,5.4,0.0
2026,10,5,18,36,18:36,218.9,4.4,5.7,6.8,0.0
2026,10,5,18,38,18:38,222.5,4.2,4.7,6.0,0.0
2026,10,5,18,39,18:39,219.7,4.1,5.2,6.3,0.0
2026,10,5,18,42,18:41,217.4,3.7,5.0,6.0,0.0
2026,10,5,18,43,18:43,212.6,5.0,5.7,6.5,0.0
2026,10,5,18,44,18:44,210.9,4.9,5.5,6.5,0.0
2026,10,5,18,47,18:46,216.9,4.7,5.5,6.5,0.0
2026,10,5,18,48,18:48,210.3,4.8,5.5,6.4,0.0
2026,10,5,18,49,18:49,212.5,4.6,5.2,6.1,0.0
2026,10,5,18,51,18:51,208.1,4.4,5.5,6.4,0.0
2026,10,5,18,53,18:53,205.8,4.9,5.6,6.3,0.0
2026,10,5,18,54,18:54,211.1,4.6,5.2,6.2,0.0
2026,10,5,18,56,18:56,211.1,4.7,5.5,6.3,0.0
2026,10,5,18,58,18:58,212.6,4.1,5.2,6.2,0.0
2026,10,5,18,59,18:59,211.8,4.5,5.2,6.8,0.0
2026,10,5,19,2,19:01,222.8,4.1,5.4,6.9,0.0
2026,10,5,19,3,19:03,213.6,4.8,5.6,7.2,0.0
2026,10,5,19,4,19:04,222.6,5.1,6.1,7.4,0.0
2026,10,5,19,7,19:06,217.5,5.5,6.5,7.4,0.0
2026,10,5,19,8,19:08,216.1,5.0,5.9,6.9,0.0
2026,10,5,19,9,19:09,216.4,5.7,6.5,7.8,0.0
2026,10,5,19,11,19:11,210.1,5.5,6.4,7.4,0.0
2026,10,5,19,13,19:13,210.2,5.1,6.2,7.4,0.0
2026,10,5,19,14,19:14,213.3,4.5,6.2,7.5,0.0
2026,10,5,19,16,19:16,213.1,5.4,6.1,6.9,0.0
2026,10,5,19,18,19:18,213.3,4.8,6.0,7.3,0.0
2026,10,5,19,19,19:19,218.9,5.2,6.1,7.1,0.0
2026,10,5,19,22,19:21,213.4,5.5,7.4,9.6,0.0
2026,10,5,19,23,19:23,218.3,5.4,6.6,8.0,0.0
2026,10,5,19,24,19:24,216.2,5.6,6.9,9.2,0.0
2026,10,5,19,27,19:26,215.7,4.8,5.8,7.1,0.0
2026,10,5,19,28,19:28,214.6,5.1,6.8,8.3,0.0
2026,10,5,19,29,19:29,213.6,4.5,5.6,6.5,0.0
2026,10,5,19,31,19:31,208.8,5.3,6.0,6.8,0.0
2026,10,5,19,33,19:33,208.8,6.1,7.5,10.1,0.0
2026,10,5,19,34,19:34,209.4,5.5,6.8,7.6,0.0
2026,10,5,19,36,19:36,208.7,5.4,6.3,7.7,0.0
2026,10,5,19,38,19:38,209.4,5.6,6.8,8.1,0.0
2026,10,5,19,39,19:39,208.6,5.6,6.5,7.5,0.0
2026,10,5,19,42,19:41,207.5,5.4,6.6,8.1,0.0
2026,10,5,19,43,19:43,214.6,5.7,7.0,8.5,0.0
2026,10,5,19,44,19:44,213.3,5.8,6.8,8.4,0.0
2026,10,5,19,47,19:46,214.8,6.1,7.4,8.8,0.0
2026,10,5,19,48,19:48,211.9,6.3,7.9,9.8,0.0
2026,10,5,19,49,19:49,216.5,6.3,7.6,9.0,0.0
2026,10,5,19,51,19:51,210.0,7.0,8.3,9.8,0.0
2026,10,5,19,53,19:53,213.1,6.0,8.3,10.2,0.0
2026,10,5,19,54,19:54,219.8,7.2,8.8,10.1,0.0
2026,10,5,19,57,19:56,217.3,8.2,9.7,11.2,0.0
2026,10,5,19,58,19:58,216.7,7.7,9.3,11.4,0.0
2026,10,5,19,59,19:59,218.5,7.3,9.1,10.4,0.0
2026,10,5,20,1,20:01,218.2,6.3,7.8,9.3,0.0
2026,10,5,20,3,20:03,208.0,5.6,7.4,9.1,0.0
2026,10,5,20,4,20:04,217.0,6.3,8.6,11.1,0.0
2026,10,5,20,6,20:06,213.4,6.8,9.0,11.0,0.0
2026,10,5,20,8,20:08,211.9,7.2,8.5,11.2,0.0
2026,10,5,20,9,20:09,214.4,7.7,9.7,11.5,0.0
2026,10,5,20,11,20:11,208.3,7.3,8.3,10.2,0.0
2026,10,5,20,13,20:13,206.5,6.1,7.9,9.6,0.0
2026,10,5,20,14,20:14,208.2,6.3,7.8,9.5,0.0
2026,10,5,20,17,20:16,210.0,5.8,6.9,8.1,0.0
2026,10,5,20,18,20:18,209.8,6.2,7.1,8.5,0.0
2026,10,5,20,19,20:19,212.9,6.1,6.8,7.7,0.0
2026,10,5,20,22,20:21,218.2,4.8,6.1,7.4,0.0
2026,10,5,20,23,20:23,214.6,6.0,7.0,9.0,0.0
2026,10,5,20,24,20:24,212.0,5.4,6.3,7.3,0.0
2026,10,5,20,26,20:26,210.5,5.8,6.8,7.8,0.0
2026,10,5,20,28,20:28,217.6,4.9,5.8,6.9,0.0
2026,10,5,20,29,20:29,212.3,5.1,6.1,7.1,0.0
2026,10,5,20,31,20:31,208.5,5.3,6.7,8.3,0.0
2026,10,5,20,33,20:33,212.8,6.3,7.7,9.8,0.0
2026,10,5,20,34,20:34,202.4,5.9,7.0,8.1,0.0
2026,10,5,20,37,20:36,202.6,5.9,8.3,9.8,0.0
2026,10,5,20,38,20:38,202.9,5.8,7.5,8.5,0.0
2026,10,5,20,39,20:39,207.3,6.3,7.4,8.3,0.0
2026,10,5,20,42,20:41,203.1,6.2,7.9,10.3,0.0
2026,10,5,20,43,20:43,207.6,6.8,8.5,10.3,0.0
2026,10,5,20,44,20:44,207.4,7.4,8.7,9.9,0.0
2026,10,5,20,46,20:46,204.7,7.1,8.2,9.0,0.0
2026,10,5,20,48,20:48,207.7,6.7,8.4,9.5,0.0
2026,10,5,20,49,20:49,207.6,7.3,9.5,11.0,0.0
2026,10,5,20,51,20:51,204.9,7.1,8.5,9.9,0.0
2026,10,5,20,53,20:53,207.0,8.3,9.7,11.0,0.0
2026,10,5,20,54,20:54,202.4,7.2,8.8,10.4,0.0
2026,10,5,20,56,20:56,201.7,7.9,9.5,11.5,0.0
2026,10,5,20,58,20:58,202.3,6.5,8.1,9.3,0.0
2026,10,5,20,59,20:59,202.9,6.3,8.0,9.7,0.0
2026,10,5,21,2,21:01,204.1,6.0,7.2,8.6,0.0
2026,10,5,21,3,21:03,199.4,7.2,8.6,9.9,0.0
2026,10,5,21,4,21:04,203.2,6.4,8.0,9.4,0.0
2026,10,5,21,6,21:06,205.2,7.4,8.8,10.2,0.0
2026,10,5,21,8,21:08,208.2,7.4,8.6,9.8,0.0
2026,10,5,21,9,21:09,205.4,6.7,7.9,9.2,0.0
2026,10,5,21,11,21:11,208.9,8.3,9.5,11.7,0.0
2026,10,5,21,13,21:13,204.4,7.4,8.5,9.5,0.0
2026,10,5,21,14,21:14,203.0,7.4,9.3,10.7,0.0
2026,10,5,21,16,21:16,202.8,9.8,11.4,13.3,0.0
2026,10,5,21,18,21:18,210.8,8.8,10.2,12.6,0.0
2026,10,5,21,19,21:19,213.4,7.4,9.2,10.4,0.0
2026,10,5,21,21,21:21,207.3,6.9,8.5,9.8,0.0
2026,10,5,21,23,21:23,209.3,7.7,9.0,10.8,0.0
2026,10,5,21,24,21:24,208.2,8.2,9.6,11.1,0.0
2026,10,5,21,27,21:26,207.9,7.0,8.4,9.7,0.0
2026,10,5,21,28,21:28,210.1,7.4,8.5,9.8,0.0
2026,10,5,21,29,21:29,211.3,7.7,9.3,11.0,0.0
2026,10,5,21,31,21:31,206.2,7.9,9.8,11.2,0.0
2026,10,5,21,33,21:33,210.6,8.1,9.4,10.8,0.0
2026,10,5,21,34,21:34,205.5,7.7,9.5,12.0,0.0
2026,10,5,21,36,21:36,209.9,8.8,10.5,12.2,0.0
2026,10,5,21,38,21:38,208.9,8.5,10.3,11.9,0.0
2026,10,5,21,39,21:39,205.8,9.0,10.1,11.5,0.0
2026,10,5,21,41,21:41,206.8,9.1,10.7,12.6,0.0
2026,10,5,21,43,21:43,211.5,8.0,9.4,10.8,0.0
2026,10,5,21,44,21:44,206.7,8.1,9.7,11.1,0.0
2026,10,5,21,46,21:46,206.6,6.5,9.1,10.4,0.0
2026,10,5,21,48,21:48,206.2,8.3,9.8,11.7,0.0
2026,10,5,21,49,21:49,206.7,8.3,10.1,11.9,0.0
2026,10,5,21,51,21:51,203.6,9.6,10.9,12.6,0.0
2026,10,5,21,53,21:53,209.6,8.5,10.2,12.0,0.0
2026,10,5,21,54,21:54,214.0,7.5,9.1,11.0,0.0
2026,10,5,21,56,21:56,208.2,8.0,9.9,11.2,0.0
2026,10,5,21,58,21:58,205.8,8.1,9.7,11.9,0.0
2026,10,5,21,59,21:59,203.8,7.3,10.0,11.7,0.0
2026,10,5,22,2,22:01,208.8,8.5,10.7,12.5,0.0
2026,10,5,22,3,22:03,207.9,8.3,10.7,13.6,0.0
2026,10,5,22,4,22:04,206.7,8.9,11.1,13.1,0.0
2026,10,5,22,7,22:06,211.6,8.5,10.9,13.3,0.0
2026,10,5,22,8,22:08,207.8,8.8,11.1,13.8,0.0
2026,10,5,22,9,22:09,206.4,7.9,9.8,12.2,0.0
2026,10,5,22,11,22:11,205.3,9.7,11.7,14.2,0.0
2026,10,5,22,13,22:13,213.9,8.7,11.2,14.0,0.0
2026,10,5,22,14,22:14,207.7,9.4,11.4,13.8,0.0
2026,10,5,22,16,22:16,205.9,8.8,10.8,12.0,0.0
2026,10,5,22,18,22:18,208.7,8.1,10.8,12.9,0.0
2026,10,5,22,19,22:19,207.5,9.0,11.1,15.0,0.0
2026,10,5,22,21,22:21,210.6,9.8,11.6,13.3,0.0
2026,10,5,22,23,22:23,209.8,9.3,10.9,12.6,0.0
2026,10,5,22,24,22:24,214.5,9.1,11.6,14.2,0.0
2026,10,5,22,26,22:26,212.8,8.3,10.4,12.3,0.0
2026,10,5,22,28,22:28,212.9,9.1,11.1,13.3,0.0
2026,10,5,22,29,22:29,212.9,8.2,10.7,12.5,0.0
2026,10,5,22,31,22:31,214.4,9.8,11.6,13.3,0.0
2026,10,5,22,33,22:33,210.3,9.1,11.6,14.4,0.0
2026,10,5,22,34,22:34,207.6,9.0,11.5,14.8,0.0
2026,10,5,22,36,22:36,211.8,9.5,11.4,14.0,0.0
2026,10,5,22,38,22:38,211.1,8.5,11.5,15.0,0.0
2026,10,5,22,39,22:39,213.0,9.6,12.0,15.4,0.0
2026,10,5,22,41,22:41,212.3,9.7,12.0,14.6,0.0
2026,10,5,22,43,22:43,213.1,9.9,12.8,15.9,0.0
2026,10,5,22,44,22:44,220.1,8.7,12.0,15.7,0.0
2026,10,5,22,46,22:46,209.6,9.0,11.0,12.9,0.0
2026,10,5,22,48,22:48,207.9,8.5,11.1,14.2,0.0
2026,10,5,22,49,22:49,208.7,10.5,12.0,15.0,0.0
2026,10,5,22,51,22:51,205.3,9.8,11.9,13.6,0.0
2026,10,5,22,53,22:53,207.8,9.5,11.1,12.6,0.0
2026,10,5,22,54,22:54,205.5,8.8,10.8,12.9,0.0
2026,10,5,22,56,22:56,207.0,9.8,12.2,15.9,0.0
2026,10,5,22,58,22:58,208.9,10.7,12.3,13.8,0.0
2026,10,5,22,59,22:59,207.6,10.8,12.5,14.4,0.0
2026,10,5,23,1,23:01,214.1,10.4,12.3,15.0,0.0
2026,10,5,23,3,23:03,211.0,9.8,12.6,14.6,0.0
2026,10,5,23,4,23:04,212.3,10.2,12.6,15.7,0.0
2026,10,5,23,6,23:06,211.3,9.4,11.6,14.2,0.0
2026,10,5,23,8,23:08,213.7,9.6,11.4,15.4,0.0
2026,10,5,23,9,23:09,211.1,8.3,11.0,13.8,0.0
2026,10,5,23,11,23:11,213.7,9.4,11.6,14.0,0.0
2026,10,5,23,13,23:13,210.5,9.1,11.5,13.8,0.0
2026,10,5,23,14,23:14,212.0,9.1,11.0,13.4,0.0
2026,10,5,23,16,23:16,212.4,9.1,11.1,13.3,0.0
2026,10,5,23,18,23:18,215.7,8.1,10.2,12.0,0.0
2026,10,5,23,19,23:19,206.7,9.7,11.6,13.8,0.0
2026,10,5,23,21,23:21,209.5,9.8,12.3,14.8,0.0
2026,10,5,23,23,23:23,210.3,10.8,12.6,15.0,0.0
2026,10,5,23,24,23:24,206.7,9.8,12.2,14.4,0.0
2026,10,5,23,26,23:26,210.5,9.6,12.0,14.2,0.0
2026,10,5,23,28,23:28,208.8,9.6,11.7,15.4,0.0
2026,10,5,23,29,23:29,212.2,9.4,12.0,14.6,0.0
2026,10,5,23,32,23:31,208.0,9.9,12.0,13.6,0.0
2026,10,5,23,33,23:33,211.3,9.3,11.5,13.1,0.0
2026,10,5,23,34,23:34,216.0,8.2,10.8,13.4,0.0
2026,10,5,23,36,23:36,202.7,8.5,10.4,12.5,0.0
2026,10,5,23,38,23:38,211.7,9.5,11.6,14.4,0.0
2026,10,5,23,39,23:39,206.9,9.1,10.4,12.5,0.0
2026,10,5,23,41,23:41,205.3,10.5,12.8,14.6,0.0
2026,10,5,23,43,23:43,212.7,8.3,10.5,13.8,0.0
2026,10,5,23,44,23:44,206.0,9.1,12.0,15.0,0.0
2026,10,5,23,47,23:46,207.0,9.1,11.7,15.0,0.0
2026,10,5,23,48,23:48,208.9,8.9,11.2,13.8,0.0
2026,10,5,23,49,23:49,212.2,8.5,10.2,12.3,0.0
2026,10,5,23,51,23:51,206.3,9.7,12.3,15.2,0.0
2026,10,5,23,53,23:53,209.1,9.1,12.0,14.8,0.0
2026,10,5,23,54,23:54,211.8,11.4,12.8,15.7,0.0
2026,10,5,23,57,23:56,207.2,8.9,11.2,14.0,0.0
2026,10,5,23,58,23:58,209.7,10.1,12.2,15.2,0.0
2026,10,5,23,59,23:59,211.2,9.3,11.4,14.4,0.0
