# Helsinki Laru (dlarah.org Lauttasaari) 2026-09-30 Suomen aikaa — lähteen Laru_2026-273.txt sellaisenaan
# vuosi kk pv kirjoitus-h kirjoitus-min hh:mm suunta min ka max lämpötila (asemalla ei mittaria)
2026,9,30,0,2,00:01,352.9,0.4,0.6,0.9,0.0
2026,9,30,0,3,00:02,7.7,0.6,1.0,1.9,0.0
2026,9,30,0,4,00:03,37.8,0.5,0.7,1.1,0.0
2026,9,30,0,6,00:05,22.1,0.3,0.6,2.0,0.0
2026,9,30,0,8,00:07,3.3,0.5,0.8,1.6,0.0
2026,9,30,0,9,00:08,10.1,0.0,0.4,0.5,0.0
2026,9,30,0,12,00:11,13.7,0.5,0.9,2.0,0.0
2026,9,30,0,13,00:12,14.2,0.0,0.6,1.5,0.0
2026,9,30,0,14,00:13,356.8,0.5,1.2,2.4,0.0
2026,9,30,0,17,00:16,26.1,0.0,0.7,1.8,0.0
2026,9,30,0,18,00:17,354.0,0.5,1.4,2.3,0.0
2026,9,30,0,21,00:20,346.6,2.0,2.5,2.8,0.0
2026,9,30,0,23,00:22,354.2,0.8,1.7,2.4,0.0
2026,9,30,0,24,00:23,354.3,0.7,1.7,2.6,0.0
2026,9,30,0,26,00:25,356.2,1.7,2.2,2.7,0.0
2026,9,30,0,28,00:27,354.6,1.2,1.9,2.5,0.0
2026,9,30,0,29,00:28,355.7,0.7,1.9,2.9,0.0
2026,9,30,0,32,00:31,351.5,1.3,2.1,2.5,0.0
2026,9,30,0,33,00:32,354.4,1.0,1.9,3.0,0.0
2026,9,30,0,34,00:33,358.2,0.8,1.9,2.7,0.0
2026,9,30,0,37,00:36,350.4,1.0,1.7,2.4,0.0
2026,9,30,0,38,00:37,348.4,0.6,1.6,2.3,0.0
2026,9,30,0,39,00:38,352.4,1.2,2.1,2.8,0.0
2026,9,30,0,41,00:40,354.5,0.6,1.5,2.9,0.0
2026,9,30,0,43,00:42,351.8,1.1,1.9,2.6,0.0
2026,9,30,0,44,00:43,354.1,1.0,1.7,2.7,0.0
2026,9,30,0,46,00:45,352.1,0.7,1.7,2.8,0.0
2026,9,30,0,48,00:47,355.7,1.4,2.2,3.3,0.0
2026,9,30,0,49,00:48,351.8,1.0,1.5,2.4,0.0
2026,9,30,0,51,00:50,356.9,0.6,1.3,2.8,0.0
2026,9,30,0,53,00:52,352.8,0.8,1.9,3.4,0.0
2026,9,30,0,54,00:53,357.9,0.9,1.7,2.8,0.0
2026,9,30,0,57,00:56,11.4,0.5,0.9,1.8,0.0
2026,9,30,0,58,00:57,7.6,0.6,1.0,1.7,0.0
2026,9,30,0,59,00:58,351.5,0.6,1.3,3.1,0.0
2026,9,30,1,1,01:00,356.5,0.8,1.6,3.5,0.0
2026,9,30,1,3,01:02,348.5,0.0,1.6,3.7,0.0
2026,9,30,1,4,01:03,351.2,1.0,2.6,3.6,0.0
2026,9,30,1,6,01:05,356.0,0.7,1.7,3.4,0.0
2026,9,30,1,8,01:07,3.4,0.9,1.6,2.7,0.0
2026,9,30,1,9,01:08,5.9,0.7,1.5,2.9,0.0
2026,9,30,1,12,01:11,354.8,0.6,1.2,2.9,0.0
2026,9,30,1,13,01:12,0.2,1.1,1.9,3.8,0.0
2026,9,30,1,14,01:13,15.6,0.6,0.9,1.3,0.0
2026,9,30,1,17,01:16,12.1,0.5,0.9,1.8,0.0
2026,9,30,1,18,01:17,17.4,0.5,0.8,1.0,0.0
2026,9,30,1,19,01:18,22.6,0.0,0.9,1.5,0.0
2026,9,30,1,21,01:20,7.2,0.6,0.9,1.3,0.0
2026,9,30,1,23,01:22,9.5,0.0,1.3,3.1,0.0
2026,9,30,1,24,01:23,10.8,0.4,0.8,1.2,0.0
2026,9,30,1,26,01:25,27.1,0.0,1.2,3.0,0.0
2026,9,30,1,28,01:27,11.6,0.0,0.8,1.7,0.0
2026,9,30,1,29,01:28,30.6,0.0,0.6,0.9,0.0
2026,9,30,1,32,01:31,18.4,0.5,0.7,0.9,0.0
2026,9,30,1,33,01:32,357.7,0.0,0.7,1.4,0.0
2026,9,30,1,34,01:33,4.7,0.5,0.9,1.6,0.0
2026,9,30,1,36,01:35,10.1,0.0,1.1,2.5,0.0
2026,9,30,1,38,01:37,8.4,0.7,1.1,2.4,0.0
2026,9,30,1,39,01:38,352.9,0.4,0.8,1.5,0.0
2026,9,30,1,41,01:40,1.7,0.0,1.1,3.7,0.0
2026,9,30,1,43,01:42,26.7,0.8,1.1,2.4,0.0
2026,9,30,1,44,01:43,9.1,0.7,1.4,2.8,0.0
2026,9,30,1,47,01:46,15.0,0.7,1.4,2.9,0.0
2026,9,30,1,48,01:47,13.3,0.7,1.2,2.4,0.0
2026,9,30,1,49,01:48,4.0,0.7,0.9,1.7,0.0
2026,9,30,1,51,01:50,10.2,0.7,1.1,2.4,0.0
2026,9,30,1,53,01:52,352.8,0.6,1.2,2.5,0.0
2026,9,30,1,54,01:53,355.1,0.6,1.3,3.3,0.0
2026,9,30,1,57,01:56,9.7,0.7,1.4,3.1,0.0
2026,9,30,1,58,01:57,11.6,0.6,1.6,3.7,0.0
2026,9,30,1,59,01:58,4.1,0.8,1.6,3.3,0.0
2026,9,30,2,1,02:00,359.5,0.6,1.7,3.3,0.0
2026,9,30,2,3,02:02,6.9,0.8,1.3,2.3,0.0
2026,9,30,2,4,02:03,2.2,0.5,0.9,1.5,0.0
2026,9,30,2,6,02:05,25.4,0.7,1.5,2.8,0.0
2026,9,30,2,8,02:07,12.6,0.6,1.4,3.1,0.0
2026,9,30,2,11,02:10,17.8,0.7,1.1,2.8,0.0
2026,9,30,2,13,02:12,0.9,0.7,1.1,1.7,0.0
2026,9,30,2,14,02:13,22.1,0.6,1.1,2.2,0.0
2026,9,30,2,17,02:16,14.3,0.7,1.3,2.3,0.0
2026,9,30,2,18,02:17,9.7,0.7,1.2,2.4,0.0
2026,9,30,2,19,02:19,14.9,0.7,1.6,3.3,0.0
2026,9,30,2,22,02:21,9.7,0.5,1.0,1.9,0.0
2026,9,30,2,23,02:22,3.1,0.6,1.1,2.9,0.0
2026,9,30,2,24,02:23,25.9,0.6,0.9,2.2,0.0
2026,9,30,2,27,02:26,12.7,0.0,0.7,1.5,0.0
2026,9,30,2,28,02:27,28.3,0.0,0.8,1.3,0.0
2026,9,30,2,29,02:28,6.3,0.0,0.9,1.6,0.0
2026,9,30,2,32,02:31,18.1,0.0,0.6,1.2,0.0
2026,9,30,2,33,02:32,23.0,0.7,1.0,2.2,0.0
2026,9,30,2,34,02:33,352.8,0.6,1.3,2.4,0.0
2026,9,30,2,36,02:35,12.3,0.7,1.1,1.9,0.0
2026,9,30,2,38,02:37,354.4,0.0,0.7,1.3,0.0
2026,9,30,2,39,02:38,8.2,0.0,1.1,2.8,0.0
2026,9,30,2,41,02:40,32.3,0.0,0.6,0.9,0.0
2026,9,30,2,43,02:42,32.4,0.0,0.6,0.9,0.0
2026,9,30,2,44,02:43,10.8,0.0,0.9,1.8,0.0
2026,9,30,2,46,02:46,353.2,0.0,1.0,2.4,0.0
2026,9,30,2,48,02:47,352.1,0.5,1.5,2.4,0.0
2026,9,30,2,49,02:48,358.8,0.0,0.9,2.3,0.0
2026,9,30,2,51,02:51,16.2,0.0,0.8,1.2,0.0
2026,9,30,2,53,02:52,49.4,0.4,0.6,0.9,0.0
2026,9,30,2,54,02:53,6.8,0.0,0.9,2.3,0.0
2026,9,30,2,57,02:56,17.2,0.0,1.0,2.4,0.0
2026,9,30,2,58,02:57,13.1,0.0,0.7,1.9,0.0
2026,9,30,2,59,02:58,1.2,0.4,0.6,0.8,0.0
2026,9,30,3,2,03:01,1.1,0.0,0.7,1.0,0.0
2026,9,30,3,3,03:02,1.1,0.5,0.6,0.8,0.0
2026,9,30,3,4,03:03,18.5,0.0,0.9,2.1,0.0
2026,9,30,3,6,03:05,29.3,0.0,0.5,0.5,0.0
2026,9,30,3,8,03:07,9.0,0.6,0.8,1.2,0.0
2026,9,30,3,9,03:08,356.5,0.0,1.2,2.2,0.0
2026,9,30,3,12,03:11,351.2,0.5,0.8,1.6,0.0
2026,9,30,3,13,03:12,351.2,0.4,0.6,1.2,0.0
2026,9,30,3,14,03:13,351.2,0.0,0.3,0.7,0.0
2026,9,30,3,17,03:16,356.2,0.0,0.5,1.2,0.0
2026,9,30,3,18,03:17,356.2,0.4,0.5,1.1,0.0
2026,9,30,3,19,03:18,356.2,0.0,0.2,0.4,0.0
2026,9,30,3,22,03:21,356.2,0.0,0.3,0.4,0.0
2026,9,30,3,23,03:22,356.2,0.0,0.5,0.9,0.0
2026,9,30,3,24,03:23,356.2,0.0,0.9,1.4,0.0
2026,9,30,3,27,03:26,356.2,0.0,0.6,1.7,0.0
2026,9,30,3,28,03:27,356.2,0.0,0.7,0.9,0.0
2026,9,30,3,29,03:28,356.2,0.5,0.5,1.0,0.0
2026,9,30,3,31,03:30,356.2,0.5,0.7,1.3,0.0
2026,9,30,3,33,03:32,356.4,0.5,1.2,2.3,0.0
2026,9,30,3,34,03:33,358.6,0.0,1.0,2.1,0.0
2026,9,30,3,36,03:35,353.1,1.4,2.3,3.2,0.0
2026,9,30,3,38,03:37,354.7,0.5,1.1,2.4,0.0
2026,9,30,3,39,03:38,359.9,0.5,1.1,2.9,0.0
2026,9,30,3,41,03:40,359.3,0.4,0.6,1.1,0.0
2026,9,30,3,43,03:42,359.3,0.0,0.5,0.9,0.0
2026,9,30,3,44,03:43,359.3,0.0,0.5,1.1,0.0
2026,9,30,3,46,03:45,359.3,0.0,0.7,0.8,0.0
2026,9,30,3,48,03:47,28.6,0.4,0.6,0.8,0.0
2026,9,30,3,49,03:48,28.6,0.0,0.7,1.1,0.0
2026,9,30,3,52,03:51,28.6,0.0,0.4,0.7,0.0
2026,9,30,3,53,03:52,28.6,0.0,0.4,1.2,0.0
2026,9,30,3,54,03:53,353.4,0.4,0.8,2.1,0.0
2026,9,30,3,56,03:56,342.2,0.3,0.7,1.5,0.0
2026,9,30,3,58,03:57,353.4,0.0,0.5,0.8,0.0
2026,9,30,4,1,04:00,0.8,0.5,0.8,1.3,0.0
2026,9,30,4,3,04:02,0.8,0.0,0.2,0.4,0.0
2026,9,30,4,4,04:03,0.8,0.0,0.2,0.4,0.0
2026,9,30,4,7,04:06,1.2,0.0,0.5,0.8,0.0
2026,9,30,4,8,04:07,1.2,0.0,0.4,0.6,0.0
2026,9,30,4,9,04:08,6.5,0.4,0.7,1.0,0.0
2026,9,30,4,11,04:10,356.8,0.0,0.7,1.6,0.0
2026,9,30,4,13,04:12,351.7,0.0,0.5,1.0,0.0
2026,9,30,4,14,04:13,351.7,0.3,0.5,0.6,0.0
2026,9,30,4,16,04:15,351.7,0.4,0.7,1.9,0.0
2026,9,30,4,18,04:17,353.3,0.8,1.2,1.9,0.0
2026,9,30,4,19,04:18,350.3,0.0,0.9,1.4,0.0
2026,9,30,4,21,04:20,3.4,0.7,1.6,3.2,0.0
2026,9,30,4,23,04:22,358.8,0.0,1.3,3.3,0.0
2026,9,30,4,24,04:23,3.3,0.5,0.9,2.4,0.0
2026,9,30,4,26,04:25,19.1,0.6,1.1,2.7,0.0
2026,9,30,4,28,04:27,10.4,0.6,1.4,2.8,0.0
2026,9,30,4,29,04:28,35.0,0.5,1.1,2.0,0.0
2026,9,30,4,32,04:31,13.8,0.5,0.9,2.2,0.0
2026,9,30,4,33,04:32,5.7,0.7,1.3,2.5,0.0
2026,9,30,4,34,04:33,11.8,0.7,0.8,1.0,0.0
2026,9,30,4,37,04:36,2.4,0.8,1.5,2.5,0.0
2026,9,30,4,38,04:37,21.1,1.0,1.3,1.9,0.0
2026,9,30,4,39,04:38,30.5,0.0,1.0,1.6,0.0
2026,9,30,4,41,04:40,358.5,0.5,0.8,1.5,0.0
2026,9,30,4,43,04:42,9.8,0.0,1.5,3.1,0.0
2026,9,30,4,44,04:43,350.3,0.6,1.4,2.3,0.0
2026,9,30,4,46,04:46,16.7,0.0,1.2,2.5,0.0
2026,9,30,4,48,04:47,20.2,0.4,0.9,1.8,0.0
2026,9,30,4,49,04:48,11.5,0.7,1.5,3.2,0.0
2026,9,30,4,51,04:51,5.9,0.7,1.1,2.0,0.0
2026,9,30,4,53,04:52,23.2,0.9,1.4,2.9,0.0
2026,9,30,4,54,04:53,3.4,0.4,0.8,1.1,0.0
2026,9,30,4,57,04:56,6.8,0.9,1.6,3.1,0.0
2026,9,30,4,58,04:57,1.1,0.6,1.3,3.0,0.0
2026,9,30,4,59,04:58,17.9,0.6,1.2,2.8,0.0
2026,9,30,5,1,05:00,14.5,0.0,1.2,2.3,0.0
2026,9,30,5,3,05:02,2.8,0.7,1.7,4.5,0.0
2026,9,30,5,4,05:03,6.9,0.7,1.3,3.0,0.0
2026,9,30,5,7,05:06,23.8,0.0,0.9,1.3,0.0
2026,9,30,5,8,05:07,16.6,0.6,1.0,1.4,0.0
2026,9,30,5,9,05:08,356.7,0.6,1.8,3.3,0.0
2026,9,30,5,12,05:11,5.4,0.4,1.0,2.1,0.0
2026,9,30,5,13,05:12,17.4,0.6,1.0,2.3,0.0
2026,9,30,5,14,05:13,14.6,0.6,1.0,2.1,0.0
2026,9,30,5,16,05:15,17.6,0.5,0.7,1.1,0.0
2026,9,30,5,18,05:17,14.7,0.5,0.8,1.8,0.0
2026,9,30,5,19,05:18,5.3,0.6,0.9,1.6,0.0
2026,9,30,5,21,05:21,41.9,0.0,0.7,1.0,0.0
2026,9,30,5,23,05:22,17.3,0.0,0.8,1.4,0.0
2026,9,30,5,24,05:24,19.8,0.5,1.0,3.1,0.0
2026,9,30,5,26,05:26,2.7,0.6,1.5,3.5,0.0
2026,9,30,5,28,05:27,1.8,0.4,1.2,3.0,0.0
2026,9,30,5,29,05:28,5.4,0.8,1.5,2.9,0.0
2026,9,30,5,31,05:30,3.0,0.0,1.1,2.1,0.0
2026,9,30,5,33,05:32,20.1,0.7,1.0,2.3,0.0
2026,9,30,5,34,05:33,3.2,0.7,1.1,1.7,0.0
2026,9,30,5,36,05:35,27.0,0.7,1.0,1.3,0.0
2026,9,30,5,38,05:37,38.1,0.0,0.9,1.2,0.0
2026,9,30,5,39,05:38,25.4,0.0,1.4,3.1,0.0
2026,9,30,5,42,05:41,9.5,0.0,0.8,1.6,0.0
2026,9,30,5,43,05:42,37.5,0.7,1.1,1.9,0.0
2026,9,30,5,44,05:43,22.3,0.5,0.8,1.2,0.0
2026,9,30,5,46,05:45,33.2,0.6,1.1,2.0,0.0
2026,9,30,5,48,05:47,25.1,0.6,1.1,2.3,0.0
2026,9,30,5,49,05:48,11.1,0.0,0.7,1.2,0.0
2026,9,30,5,51,05:50,33.7,0.6,0.8,1.2,0.0
2026,9,30,5,53,05:52,38.0,0.6,0.8,1.2,0.0
2026,9,30,5,54,05:53,37.9,0.0,0.7,1.1,0.0
2026,9,30,5,56,05:55,8.4,0.5,0.8,1.4,0.0
2026,9,30,5,58,05:57,32.8,0.0,1.0,1.6,0.0
2026,9,30,5,59,05:58,30.8,0.3,0.7,1.3,0.0
2026,9,30,6,2,06:01,36.7,0.5,0.8,1.2,0.0
2026,9,30,6,3,06:02,21.1,0.5,0.7,1.0,0.0
2026,9,30,6,4,06:03,32.1,0.0,0.7,1.9,0.0
2026,9,30,6,6,06:05,44.5,0.4,0.8,1.7,0.0
2026,9,30,6,8,06:07,41.5,0.0,0.4,0.5,0.0
2026,9,30,6,9,06:08,41.5,0.6,0.9,1.4,0.0
2026,9,30,6,12,06:11,43.7,0.0,0.7,1.1,0.0
2026,9,30,6,13,06:12,43.7,0.0,0.6,0.9,0.0
2026,9,30,6,14,06:13,41.3,0.5,0.7,1.2,0.0
2026,9,30,6,16,06:15,29.5,0.0,0.4,0.7,0.0
2026,9,30,6,18,06:17,36.3,0.0,0.7,0.9,0.0
2026,9,30,6,19,06:18,40.2,0.5,0.7,1.1,0.0
2026,9,30,6,21,06:20,37.6,0.0,0.7,1.4,0.0
2026,9,30,6,23,06:22,38.3,0.9,1.3,1.6,0.0
2026,9,30,6,24,06:23,40.8,0.9,1.3,1.9,0.0
2026,9,30,6,26,06:26,40.2,0.5,1.0,1.4,0.0
2026,9,30,6,28,06:27,40.6,0.5,0.9,1.3,0.0
2026,9,30,6,29,06:28,40.7,0.6,0.8,1.8,0.0
2026,9,30,6,32,06:31,38.9,0.0,0.9,1.5,0.0
2026,9,30,6,33,06:32,37.8,0.5,0.9,1.2,0.0
2026,9,30,6,34,06:33,37.9,0.0,0.6,0.9,0.0
2026,9,30,6,36,06:35,37.8,0.0,0.5,1.1,0.0
2026,9,30,6,38,06:37,36.0,0.7,1.1,1.5,0.0
2026,9,30,6,39,06:38,35.8,0.0,0.8,1.2,0.0
2026,9,30,6,41,06:40,35.8,0.0,0.8,1.3,0.0
2026,9,30,6,43,06:42,35.8,0.5,0.6,1.1,0.0
2026,9,30,6,44,06:43,35.8,0.4,0.9,1.5,0.0
2026,9,30,6,46,06:46,47.9,0.5,1.0,1.8,0.0
2026,9,30,6,48,06:47,43.7,0.7,1.0,1.7,0.0
2026,9,30,6,49,06:48,29.7,0.7,1.1,1.7,0.0
2026,9,30,6,52,06:51,36.0,0.7,1.2,2.2,0.0
2026,9,30,6,53,06:52,46.1,0.5,1.0,1.9,0.0
2026,9,30,6,54,06:53,52.1,0.5,1.2,1.9,0.0
2026,9,30,6,57,06:56,42.6,0.6,0.9,1.4,0.0
2026,9,30,6,58,06:57,45.2,0.5,0.7,1.0,0.0
2026,9,30,7,2,07:01,42.3,0.6,1.0,1.4,0.0
2026,9,30,7,3,07:02,33.0,0.6,1.2,2.0,0.0
2026,9,30,7,4,07:03,41.9,0.0,0.7,1.3,0.0
2026,9,30,7,7,07:06,49.8,0.0,1.0,1.6,0.0
2026,9,30,7,8,07:07,43.7,0.6,1.2,1.5,0.0
2026,9,30,7,11,07:10,42.8,0.7,1.4,2.0,0.0
2026,9,30,7,13,07:12,46.8,0.0,1.1,1.4,0.0
2026,9,30,7,14,07:14,34.8,0.0,1.3,1.7,0.0
2026,9,30,7,17,07:16,39.8,0.8,1.3,1.7,0.0
2026,9,30,7,18,07:17,54.7,0.5,1.0,1.5,0.0
2026,9,30,7,19,07:18,32.4,0.9,1.3,1.9,0.0
2026,9,30,7,22,07:21,14.5,0.5,0.8,1.5,0.0
2026,9,30,7,23,07:22,45.7,0.0,1.7,3.1,0.0
2026,9,30,7,24,07:23,37.4,0.9,1.4,2.3,0.0
2026,9,30,7,26,07:25,43.8,0.7,2.0,3.7,0.0
2026,9,30,7,28,07:27,43.5,0.6,1.2,2.7,0.0
2026,9,30,7,29,07:28,19.8,0.8,1.5,2.7,0.0
2026,9,30,7,31,07:30,38.2,0.7,1.1,2.0,0.0
2026,9,30,7,33,07:32,25.3,0.6,1.2,2.3,0.0
2026,9,30,7,34,07:33,43.4,0.8,1.1,1.9,0.0
2026,9,30,7,36,07:35,32.7,0.7,1.3,2.0,0.0
2026,9,30,7,38,07:37,39.0,0.7,1.2,2.4,0.0
2026,9,30,7,39,07:38,34.4,0.7,1.0,1.4,0.0
2026,9,30,7,41,07:40,36.2,0.6,1.2,1.9,0.0
2026,9,30,7,43,07:42,44.4,0.0,1.2,2.0,0.0
2026,9,30,7,44,07:43,36.6,0.9,1.4,2.3,0.0
2026,9,30,7,47,07:46,33.5,0.8,1.6,2.6,0.0
2026,9,30,7,48,07:47,52.7,1.0,2.1,3.4,0.0
2026,9,30,7,49,07:48,43.8,0.5,1.0,1.7,0.0
2026,9,30,7,51,07:50,36.5,0.7,1.2,2.1,0.0
2026,9,30,7,53,07:52,35.1,0.6,1.2,1.8,0.0
2026,9,30,7,54,07:53,38.9,0.8,1.1,1.9,0.0
2026,9,30,7,57,07:56,33.0,0.7,1.2,2.4,0.0
2026,9,30,7,58,07:57,36.0,0.9,1.4,2.4,0.0
2026,9,30,8,1,08:00,41.6,0.9,1.3,2.1,0.0
2026,9,30,8,3,08:02,44.8,0.6,1.0,1.5,0.0
2026,9,30,8,4,08:03,41.9,0.0,0.9,1.8,0.0
2026,9,30,8,7,08:06,34.4,0.8,1.4,2.0,0.0
2026,9,30,8,8,08:07,40.0,0.5,0.9,1.4,0.0
2026,9,30,8,9,08:08,43.6,0.0,0.9,1.7,0.0
2026,9,30,8,12,08:11,40.6,0.5,1.0,1.5,0.0
2026,9,30,8,13,08:12,47.1,0.5,0.9,1.3,0.0
2026,9,30,8,14,08:13,38.5,1.1,1.6,2.3,0.0
2026,9,30,8,17,08:16,36.6,0.7,1.4,2.3,0.0
2026,9,30,8,18,08:17,34.2,0.7,1.1,2.0,0.0
2026,9,30,8,19,08:18,37.5,0.6,1.3,1.8,0.0
2026,9,30,8,21,08:20,34.4,0.7,1.2,2.0,0.0
2026,9,30,8,23,08:22,35.4,0.6,1.1,1.8,0.0
2026,9,30,8,24,08:23,43.3,0.6,1.1,1.6,0.0
2026,9,30,8,26,08:25,42.3,0.9,1.2,1.8,0.0
2026,9,30,8,28,08:27,35.0,0.6,1.1,1.7,0.0
2026,9,30,8,29,08:28,27.7,0.9,1.4,2.3,0.0
2026,9,30,8,31,08:30,37.4,0.5,0.8,1.5,0.0
2026,9,30,8,33,08:32,21.5,0.7,1.1,2.0,0.0
2026,9,30,8,34,08:33,36.4,0.7,1.3,2.2,0.0
2026,9,30,8,36,08:35,44.4,0.8,1.3,2.0,0.0
2026,9,30,8,38,08:37,33.4,1.0,1.6,2.7,0.0
2026,9,30,8,41,08:40,41.2,1.2,1.7,2.1,0.0
2026,9,30,8,43,08:42,36.3,0.5,1.3,2.6,0.0
2026,9,30,8,44,08:43,26.2,0.5,0.9,1.6,0.0
2026,9,30,8,46,08:45,28.2,0.0,1.1,1.9,0.0
2026,9,30,8,48,08:47,34.9,0.0,0.8,1.1,0.0
2026,9,30,8,49,08:48,42.0,0.9,1.6,2.5,0.0
2026,9,30,8,52,08:51,37.4,0.6,1.2,2.4,0.0
2026,9,30,8,53,08:52,45.3,0.6,1.0,1.5,0.0
2026,9,30,8,54,08:53,27.6,0.4,1.0,1.7,0.0
2026,9,30,8,56,08:56,35.0,0.7,1.3,2.6,0.0
2026,9,30,8,58,08:57,43.4,0.7,1.2,2.0,0.0
2026,9,30,9,1,09:00,41.7,0.8,1.3,2.2,0.0
2026,9,30,9,3,09:02,45.0,0.6,1.2,2.4,0.0
2026,9,30,9,4,09:03,37.4,0.0,1.1,1.4,0.0
2026,9,30,9,7,09:06,40.4,0.0,0.5,0.7,0.0
2026,9,30,9,8,09:07,47.2,0.5,0.9,1.3,0.0
2026,9,30,9,9,09:08,39.1,0.0,0.8,1.4,0.0
2026,9,30,9,12,09:11,50.0,0.9,1.2,1.8,0.0
2026,9,30,9,13,09:12,51.7,0.6,1.2,1.7,0.0
2026,9,30,9,14,09:13,51.7,0.0,0.7,1.1,0.0
2026,9,30,9,17,09:16,51.7,0.0,0.7,1.0,0.0
2026,9,30,9,18,09:17,51.7,0.6,0.8,1.0,0.0
2026,9,30,9,19,09:18,51.7,0.4,0.7,0.8,0.0
2026,9,30,9,22,09:21,51.1,0.0,0.5,0.9,0.0
2026,9,30,9,23,09:22,47.8,0.6,0.9,1.1,0.0
2026,9,30,9,24,09:23,47.8,0.9,1.2,1.6,0.0
2026,9,30,9,27,09:26,47.8,0.7,0.9,1.3,0.0
2026,9,30,9,28,09:27,47.8,0.0,0.9,1.3,0.0
2026,9,30,9,29,09:28,47.8,0.0,0.7,0.9,0.0
2026,9,30,9,31,09:30,47.8,0.5,0.7,0.9,0.0
2026,9,30,9,33,09:32,47.8,0.0,0.7,1.1,0.0
2026,9,30,9,34,09:33,43.9,0.9,1.1,1.4,0.0
2026,9,30,9,36,09:35,48.5,0.0,0.8,1.2,0.0
2026,9,30,9,38,09:37,46.9,0.4,0.9,1.6,0.0
2026,9,30,9,39,09:38,47.1,0.0,0.4,0.8,0.0
2026,9,30,9,42,09:41,60.1,0.0,1.1,1.7,0.0
2026,9,30,9,43,09:42,61.1,0.0,0.1,0.1,0.0
2026,9,30,9,44,09:43,61.1,0.0,0.3,0.4,0.0
2026,9,30,9,46,09:45,61.0,0.5,0.6,0.7,0.0
2026,9,30,9,48,09:47,359.1,0.5,0.8,1.1,0.0
2026,9,30,9,49,09:48,359.2,0.5,0.8,1.1,0.0
2026,9,30,9,51,09:50,359.2,0.0,0.3,0.4,0.0
2026,9,30,9,53,09:52,359.2,0.0,1.0,1.6,0.0
2026,9,30,9,54,09:53,357.9,0.0,0.4,1.2,0.0
2026,9,30,9,57,09:56,355.2,0.0,0.4,0.7,0.0
2026,9,30,9,58,09:57,355.2,0.0,0.4,0.5,0.0
2026,9,30,9,59,09:58,355.2,0.0,0.3,0.5,0.0
2026,9,30,10,1,10:00,355.3,0.0,0.5,1.2,0.0
2026,9,30,10,3,10:02,1.8,0.0,0.7,1.3,0.0
2026,9,30,10,4,10:03,48.6,0.0,0.3,1.0,0.0
2026,9,30,10,7,10:06,0.8,0.3,0.4,0.7,0.0
2026,9,30,10,8,10:07,0.8,0.6,0.8,1.0,0.0
2026,9,30,10,9,10:08,0.8,0.7,1.1,1.5,0.0
2026,9,30,10,12,10:11,346.2,1.0,1.4,1.8,0.0
2026,9,30,10,13,10:12,348.1,1.3,1.5,1.7,0.0
2026,9,30,10,14,10:13,348.1,1.1,1.7,2.1,0.0
2026,9,30,10,16,10:15,346.3,1.2,1.6,1.8,0.0
2026,9,30,10,18,10:17,350.6,0.8,1.1,1.2,0.0
2026,9,30,10,19,10:18,350.6,0.9,1.0,1.2,0.0
2026,9,30,10,21,10:20,350.6,0.0,0.6,0.7,0.0
2026,9,30,10,23,10:22,350.6,0.0,0.4,0.8,0.0
2026,9,30,10,24,10:23,350.6,0.5,0.4,0.5,0.0
2026,9,30,10,26,10:25,348.3,0.6,0.8,0.9,0.0
2026,9,30,10,28,10:27,348.3,0.0,0.1,0.2,0.0
2026,9,30,10,29,10:28,348.3,0.0,0.0,0.0,0.0
2026,9,30,10,31,10:28,348.3,0.0,0.0,0.0,0.0
2026,9,30,10,33,10:28,348.3,0.0,0.0,0.0,0.0
2026,9,30,10,34,10:33,348.3,0.0,0.3,0.4,0.0
2026,9,30,10,36,10:36,348.3,0.4,0.7,1.1,0.0
2026,9,30,10,38,10:37,12.7,0.0,0.5,0.8,0.0
2026,9,30,10,39,10:38,24.7,0.0,0.4,0.6,0.0
2026,9,30,10,41,10:40,24.6,0.3,0.4,0.8,0.0
2026,9,30,10,43,10:42,43.8,0.8,1.1,1.5,0.0
2026,9,30,10,44,10:43,47.1,0.9,1.4,2.1,0.0
2026,9,30,10,46,10:45,46.9,0.8,1.1,1.4,0.0
2026,9,30,10,48,10:47,46.9,0.5,0.8,1.1,0.0
2026,9,30,10,49,10:48,46.9,0.0,0.5,0.8,0.0
2026,9,30,10,52,10:51,63.9,0.0,1.2,1.7,0.0
2026,9,30,10,53,10:52,74.9,0.0,0.8,1.5,0.0
2026,9,30,10,54,10:53,78.6,0.0,0.3,0.6,0.0
2026,9,30,10,56,10:55,78.6,0.0,0.2,0.4,0.0
2026,9,30,10,58,10:57,78.6,0.0,0.0,0.0,0.0
2026,9,30,11,1,11:00,78.7,0.0,0.2,0.5,0.0
2026,9,30,11,3,11:02,78.7,0.0,0.0,0.0,0.0
2026,9,30,11,4,11:03,78.7,0.0,0.0,0.0,0.0
2026,9,30,11,7,11:06,78.6,0.5,0.7,0.9,0.0
2026,9,30,11,8,11:07,78.6,0.0,0.7,1.1,0.0
2026,9,30,11,9,11:08,59.0,0.7,1.0,1.5,0.0
2026,9,30,11,11,11:10,49.2,0.6,0.8,1.3,0.0
2026,9,30,11,13,11:12,49.2,0.6,0.9,1.3,0.0
2026,9,30,11,14,11:13,49.2,0.0,0.5,0.7,0.0
2026,9,30,11,16,11:15,49.3,0.0,0.5,0.9,0.0
2026,9,30,11,18,11:17,55.1,0.5,1.2,1.8,0.0
2026,9,30,11,19,11:18,66.9,0.0,0.5,0.9,0.0
2026,9,30,11,21,11:20,64.9,0.8,1.2,1.5,0.0
2026,9,30,11,23,11:22,70.1,0.7,1.0,1.3,0.0
2026,9,30,11,24,11:23,64.2,0.7,0.9,1.5,0.0
2026,9,30,11,26,11:25,58.0,0.4,0.8,1.4,0.0
2026,9,30,11,28,11:27,57.0,0.0,0.3,0.6,0.0
2026,9,30,11,29,11:28,57.0,0.0,0.5,1.0,0.0
2026,9,30,11,31,11:30,57.0,0.0,0.7,0.9,0.0
2026,9,30,11,33,11:32,57.0,0.0,0.0,0.0,0.0
2026,9,30,11,34,11:32,57.0,0.0,0.0,0.0,0.0
2026,9,30,11,36,11:35,57.0,0.0,0.0,0.0,0.0
2026,9,30,11,38,11:37,57.1,0.0,0.2,0.6,0.0
2026,9,30,11,39,11:38,57.1,0.0,0.0,0.0,0.0
2026,9,30,11,41,11:40,162.2,0.0,0.7,1.1,0.0
2026,9,30,11,43,11:42,162.8,0.0,0.3,0.5,0.0
2026,9,30,11,44,11:43,162.7,0.0,0.0,0.0,0.0
2026,9,30,11,46,11:45,94.4,0.0,0.3,0.8,0.0
2026,9,30,11,48,11:47,93.7,0.0,0.0,0.0,0.0
2026,9,30,11,49,11:48,93.7,0.0,0.1,0.4,0.0
2026,9,30,11,52,11:51,93.7,0.0,0.2,0.5,0.0
2026,9,30,11,53,11:52,93.7,0.0,0.7,1.1,0.0
2026,9,30,11,54,11:53,93.7,0.0,0.2,0.6,0.0
2026,9,30,11,56,11:55,93.7,0.0,0.0,0.0,0.0
2026,9,30,11,58,11:57,93.8,0.0,0.7,0.9,0.0
2026,9,30,11,59,11:58,93.8,0.0,0.1,0.5,0.0
2026,9,30,12,2,12:01,69.4,0.8,1.1,1.4,0.0
2026,9,30,12,3,12:02,71.6,0.4,0.7,0.9,0.0
2026,9,30,12,4,12:03,71.6,0.0,0.7,1.1,0.0
2026,9,30,12,6,12:05,71.6,0.0,0.0,0.0,0.0
2026,9,30,12,8,12:07,71.6,0.0,0.0,0.0,0.0
2026,9,30,12,9,12:08,71.6,0.0,0.0,0.0,0.0
2026,9,30,12,12,12:11,61.1,0.0,0.3,1.0,0.0
2026,9,30,12,13,12:12,57.4,0.0,0.1,0.3,0.0
2026,9,30,12,14,12:13,57.4,0.0,0.0,0.0,0.0
2026,9,30,12,17,12:16,68.6,0.0,0.1,0.1,0.0
2026,9,30,12,18,12:17,158.4,0.0,0.0,0.0,0.0
2026,9,30,12,19,12:18,73.9,0.0,0.5,1.2,0.0
2026,9,30,12,21,12:20,50.0,0.0,0.1,0.5,0.0
2026,9,30,12,23,12:22,50.0,0.0,0.0,0.0,0.0
2026,9,30,12,24,12:23,94.1,0.0,0.6,1.8,0.0
2026,9,30,12,26,12:25,96.1,0.0,0.1,0.3,0.0
2026,9,30,12,28,12:27,73.0,0.0,0.9,1.5,0.0
2026,9,30,12,29,12:28,71.4,0.0,0.5,1.5,0.0
2026,9,30,12,31,12:30,52.4,0.0,0.2,0.6,0.0
2026,9,30,12,33,12:32,52.4,0.0,0.3,0.7,0.0
2026,9,30,12,34,12:33,52.4,0.0,0.0,0.0,0.0
2026,9,30,12,37,12:36,62.9,0.0,1.0,2.0,0.0
2026,9,30,12,38,12:37,71.3,0.0,0.7,1.2,0.0
2026,9,30,12,39,12:38,62.6,0.0,0.7,1.9,0.0
2026,9,30,12,41,12:40,60.2,0.0,0.4,0.9,0.0
2026,9,30,12,43,12:41,60.2,0.0,0.0,0.0,0.0
2026,9,30,12,44,12:41,60.2,0.0,0.0,0.0,0.0
2026,9,30,12,47,12:46,60.2,0.0,0.2,0.4,0.0
2026,9,30,12,48,12:47,60.2,0.0,0.0,0.0,0.0
2026,9,30,12,49,12:48,60.2,0.0,0.0,0.0,0.0
2026,9,30,12,51,12:50,60.1,0.0,0.0,0.0,0.0
2026,9,30,12,53,12:52,60.4,0.0,0.0,0.0,0.0
2026,9,30,12,54,12:53,66.7,0.0,0.2,0.5,0.0
2026,9,30,12,56,12:55,77.5,0.0,0.2,0.5,0.0
2026,9,30,12,58,12:57,91.1,0.0,0.2,0.4,0.0
2026,9,30,12,59,12:58,91.1,0.0,0.3,0.6,0.0
2026,9,30,13,2,13:01,77.3,0.0,0.3,0.7,0.0
2026,9,30,13,3,13:02,79.7,0.0,0.1,0.2,0.0
2026,9,30,13,4,13:03,79.7,0.0,0.1,0.3,0.0
2026,9,30,13,6,13:05,175.2,0.0,0.2,0.4,0.0
2026,9,30,13,8,13:07,147.9,0.0,0.2,0.8,0.0
2026,9,30,13,9,13:08,109.2,0.0,0.0,0.0,0.0
2026,9,30,13,11,13:10,151.0,0.7,2.3,3.1,0.0
2026,9,30,13,13,13:12,158.6,1.4,2.1,3.0,0.0
2026,9,30,13,14,13:13,154.3,1.2,1.8,2.5,0.0
2026,9,30,13,16,13:16,151.3,0.8,2.2,3.5,0.0
2026,9,30,13,18,13:17,154.9,1.6,2.7,3.9,0.0
2026,9,30,13,19,13:18,137.8,0.8,1.6,2.6,0.0
2026,9,30,13,21,13:20,147.7,0.0,1.2,2.5,0.0
2026,9,30,13,23,13:22,151.1,1.3,2.0,3.0,0.0
2026,9,30,13,24,13:23,154.3,0.6,1.6,3.0,0.0
2026,9,30,13,26,13:25,142.5,0.0,1.2,2.1,0.0
2026,9,30,13,28,13:27,158.9,0.0,0.8,1.9,0.0
2026,9,30,13,29,13:28,153.0,0.0,0.6,1.1,0.0
2026,9,30,13,31,13:30,140.4,0.5,1.3,3.2,0.0
2026,9,30,13,33,13:32,148.9,0.7,1.3,2.3,0.0
2026,9,30,13,34,13:33,136.0,0.5,1.2,2.3,0.0
2026,9,30,13,37,13:36,153.7,0.0,0.5,1.2,0.0
2026,9,30,13,38,13:37,143.8,0.4,0.7,1.1,0.0
2026,9,30,13,39,13:38,139.4,0.5,0.8,1.2,0.0
2026,9,30,13,41,13:40,165.5,0.0,1.2,3.0,0.0
2026,9,30,13,43,13:42,162.1,0.0,0.6,1.3,0.0
2026,9,30,13,44,13:43,143.5,0.0,0.8,1.5,0.0
2026,9,30,13,47,13:46,145.9,0.6,1.0,2.0,0.0
2026,9,30,13,48,13:47,146.6,0.9,1.9,3.5,0.0
2026,9,30,13,49,13:48,141.4,0.6,1.5,3.6,0.0
2026,9,30,13,51,13:50,141.0,0.6,1.0,1.5,0.0
2026,9,30,13,53,13:52,150.8,0.0,0.3,0.4,0.0
2026,9,30,13,54,13:53,143.1,0.0,0.5,1.0,0.0
2026,9,30,13,56,13:55,138.4,0.0,0.9,2.4,0.0
2026,9,30,13,58,13:57,140.6,0.6,0.9,1.6,0.0
2026,9,30,13,59,13:58,159.6,0.0,1.1,2.7,0.0
2026,9,30,14,1,14:00,152.3,0.0,0.4,0.8,0.0
2026,9,30,14,3,14:02,140.0,0.0,0.6,1.0,0.0
2026,9,30,14,4,14:03,149.8,0.0,1.6,2.7,0.0
2026,9,30,14,7,14:06,147.3,0.8,1.3,1.9,0.0
2026,9,30,14,8,14:07,159.2,0.5,1.2,3.0,0.0
2026,9,30,14,9,14:08,128.1,0.0,0.8,2.0,0.0
2026,9,30,14,11,14:10,142.4,0.0,0.4,0.6,0.0
2026,9,30,14,13,14:12,144.3,0.0,0.6,1.5,0.0
2026,9,30,14,14,14:13,131.5,0.0,0.5,1.5,0.0
2026,9,30,14,17,14:16,118.2,0.0,0.2,0.3,0.0
2026,9,30,14,18,14:17,95.8,0.0,0.4,0.8,0.0
2026,9,30,14,19,14:18,111.3,0.0,0.3,0.6,0.0
2026,9,30,14,21,14:20,135.5,0.6,1.2,2.2,0.0
2026,9,30,14,23,14:22,158.0,0.0,0.3,0.9,0.0
2026,9,30,14,24,14:23,136.8,0.0,0.6,1.5,0.0
2026,9,30,14,27,14:26,116.8,0.0,0.4,1.0,0.0
2026,9,30,14,28,14:27,116.8,0.0,0.2,0.3,0.0
2026,9,30,14,29,14:28,118.2,0.0,0.6,1.1,0.0
2026,9,30,14,31,14:30,158.4,0.0,0.8,1.8,0.0
2026,9,30,14,33,14:32,142.8,0.0,0.6,1.2,0.0
2026,9,30,14,34,14:33,150.1,0.0,0.5,1.5,0.0
2026,9,30,14,36,14:35,164.7,0.4,0.9,2.1,0.0
2026,9,30,14,38,14:37,136.4,0.0,0.5,0.8,0.0
2026,9,30,14,39,14:38,149.0,0.6,1.6,2.7,0.0
2026,9,30,14,41,14:40,109.0,0.0,0.4,0.8,0.0
2026,9,30,14,43,14:42,130.2,0.0,0.6,1.4,0.0
2026,9,30,14,44,14:43,127.2,0.0,0.2,0.3,0.0
2026,9,30,14,47,14:46,133.2,0.0,1.4,3.3,0.0
2026,9,30,14,48,14:47,139.1,0.0,1.2,3.0,0.0
2026,9,30,14,49,14:48,135.6,0.5,0.9,2.0,0.0
2026,9,30,14,52,14:51,179.3,0.0,0.6,1.1,0.0
2026,9,30,14,53,14:52,127.6,0.0,1.3,3.3,0.0
2026,9,30,14,54,14:53,113.7,0.3,0.5,0.9,0.0
2026,9,30,14,56,14:55,166.8,0.0,0.6,1.1,0.0
2026,9,30,14,58,14:57,158.6,0.0,0.7,2.5,0.0
2026,9,30,14,59,14:58,158.5,0.0,0.4,0.7,0.0
2026,9,30,15,1,15:00,131.5,0.5,0.6,1.1,0.0
2026,9,30,15,3,15:02,79.8,0.0,0.6,1.5,0.0
2026,9,30,15,4,15:03,102.6,0.0,0.5,0.8,0.0
2026,9,30,15,6,15:05,133.1,0.5,0.7,0.9,0.0
2026,9,30,15,8,15:07,153.9,0.5,0.9,2.0,0.0
2026,9,30,15,9,15:08,142.0,0.3,0.6,0.9,0.0
2026,9,30,15,11,15:10,144.7,0.0,0.4,0.8,0.0
2026,9,30,15,13,15:12,150.0,0.4,0.5,0.7,0.0
2026,9,30,15,14,15:13,150.0,0.0,0.5,0.8,0.0
2026,9,30,15,17,15:16,160.2,0.6,0.8,1.3,0.0
2026,9,30,15,18,15:17,120.7,0.5,0.9,1.8,0.0
2026,9,30,15,19,15:18,121.1,0.0,0.7,1.7,0.0
2026,9,30,15,22,15:21,141.5,0.0,0.5,1.3,0.0
2026,9,30,15,23,15:22,160.0,0.4,0.6,1.0,0.0
2026,9,30,15,24,15:23,123.2,0.5,0.8,1.7,0.0
2026,9,30,15,27,15:26,92.3,0.0,0.5,0.8,0.0
2026,9,30,15,28,15:27,168.2,0.0,1.0,1.8,0.0
2026,9,30,15,29,15:28,156.2,0.3,0.5,0.8,0.0
2026,9,30,15,32,15:31,142.5,0.0,0.7,1.3,0.0
2026,9,30,15,33,15:32,142.5,0.0,0.3,0.7,0.0
2026,9,30,15,34,15:33,142.5,0.0,0.4,0.8,0.0
2026,9,30,15,36,15:35,136.5,0.4,0.8,1.6,0.0
2026,9,30,15,38,15:37,126.4,0.0,0.5,1.2,0.0
2026,9,30,15,39,15:38,79.1,0.0,0.4,0.7,0.0
2026,9,30,15,41,15:40,125.6,0.4,0.8,2.7,0.0
2026,9,30,15,43,15:42,157.5,0.4,0.7,1.5,0.0
2026,9,30,15,44,15:43,157.5,0.0,0.4,0.4,0.0
2026,9,30,15,46,15:45,157.5,0.0,0.6,0.9,0.0
2026,9,30,15,48,15:47,151.9,0.0,0.9,1.9,0.0
2026,9,30,15,49,15:48,169.7,0.0,0.8,1.6,0.0
2026,9,30,15,51,15:50,150.8,0.0,0.8,2.2,0.0
2026,9,30,15,53,15:52,152.3,0.0,0.9,2.2,0.0
2026,9,30,15,54,15:53,145.1,0.0,1.1,1.7,0.0
2026,9,30,15,56,15:55,143.5,0.7,1.1,1.8,0.0
2026,9,30,15,58,15:57,148.7,0.7,1.5,2.8,0.0
2026,9,30,15,59,15:58,156.2,0.0,1.0,2.7,0.0
2026,9,30,16,1,16:00,145.3,0.4,0.6,1.2,0.0
2026,9,30,16,3,16:02,125.8,0.6,0.8,1.4,0.0
2026,9,30,16,4,16:03,161.2,0.0,1.2,3.1,0.0
2026,9,30,16,7,16:06,143.4,0.6,1.2,2.8,0.0
2026,9,30,16,8,16:07,134.8,0.0,1.1,2.0,0.0
2026,9,30,16,9,16:08,135.0,0.4,1.1,2.0,0.0
2026,9,30,16,11,16:10,155.9,0.7,1.0,1.4,0.0
2026,9,30,16,13,16:12,173.3,0.0,0.5,0.8,0.0
2026,9,30,16,14,16:13,173.3,0.4,0.6,0.9,0.0
2026,9,30,16,16,16:15,135.9,0.4,0.6,0.9,0.0
2026,9,30,16,18,16:17,131.9,0.5,1.1,1.9,0.0
2026,9,30,16,19,16:18,164.7,0.4,0.9,3.1,0.0
2026,9,30,16,21,16:20,97.4,0.0,0.4,0.6,0.0
2026,9,30,16,23,16:22,121.8,0.0,0.6,2.1,0.0
2026,9,30,16,24,16:23,137.0,0.0,0.4,0.7,0.0
2026,9,30,16,26,16:25,129.3,0.0,0.7,2.5,0.0
2026,9,30,16,28,16:27,126.4,0.0,0.4,0.5,0.0
2026,9,30,16,29,16:28,126.4,0.0,0.1,0.3,0.0
2026,9,30,16,31,16:30,18.2,0.0,0.4,0.6,0.0
2026,9,30,16,33,16:32,48.8,0.0,0.1,0.2,0.0
2026,9,30,16,34,16:33,70.8,0.5,0.6,0.7,0.0
2026,9,30,16,36,16:35,92.8,0.0,0.5,1.4,0.0
2026,9,30,16,38,16:37,116.7,0.0,0.3,0.6,0.0
2026,9,30,16,39,16:38,116.7,0.0,0.2,0.3,0.0
2026,9,30,16,41,16:40,75.0,0.0,1.1,2.1,0.0
2026,9,30,16,43,16:42,62.2,0.0,0.6,1.4,0.0
2026,9,30,16,44,16:43,62.2,0.0,0.3,0.6,0.0
2026,9,30,16,46,16:46,189.3,0.0,0.0,0.0,0.0
2026,9,30,16,48,16:47,189.3,0.0,0.2,0.3,0.0
2026,9,30,16,49,16:48,135.3,0.0,0.3,0.6,0.0
2026,9,30,16,51,16:50,70.9,0.0,0.3,0.7,0.0
2026,9,30,16,53,16:52,70.9,0.0,0.4,0.8,0.0
2026,9,30,16,54,16:53,70.9,0.0,0.3,0.6,0.0
2026,9,30,16,56,16:55,70.9,0.0,0.2,0.3,0.0
2026,9,30,16,58,16:57,70.9,0.0,0.2,0.6,0.0
2026,9,30,16,59,16:58,70.9,0.0,0.1,0.5,0.0
2026,9,30,17,1,17:00,70.9,0.0,0.3,0.6,0.0
2026,9,30,17,3,17:02,70.9,0.0,0.3,0.5,0.0
2026,9,30,17,4,17:03,102.8,0.0,0.7,1.9,0.0
2026,9,30,17,6,17:05,138.5,0.3,0.4,0.5,0.0
2026,9,30,17,8,17:07,138.5,0.0,0.4,0.7,0.0
2026,9,30,17,9,17:08,138.5,0.0,0.5,0.7,0.0
2026,9,30,17,11,17:10,138.5,0.0,0.1,0.2,0.0
2026,9,30,17,13,17:11,138.5,0.0,0.2,0.3,0.0
2026,9,30,17,14,17:13,138.5,0.0,0.4,0.6,0.0
2026,9,30,17,16,17:16,138.5,0.0,0.3,0.5,0.0
2026,9,30,17,18,17:17,138.5,0.0,0.3,0.7,0.0
2026,9,30,17,19,17:18,138.5,0.0,0.3,0.4,0.0
2026,9,30,17,21,17:20,138.5,0.0,0.5,0.9,0.0
2026,9,30,17,23,17:22,134.9,0.0,0.4,0.7,0.0
2026,9,30,17,24,17:23,134.9,0.0,0.4,0.7,0.0
2026,9,30,17,26,17:25,52.2,0.0,0.1,0.2,0.0
2026,9,30,17,28,17:27,58.0,0.0,0.3,1.4,0.0
2026,9,30,17,29,17:28,101.8,0.0,0.6,1.3,0.0
2026,9,30,17,31,17:30,99.7,0.0,0.4,0.8,0.0
2026,9,30,17,33,17:32,90.9,0.0,0.4,1.2,0.0
2026,9,30,17,34,17:33,82.9,0.0,0.4,0.7,0.0
2026,9,30,17,36,17:35,192.2,0.0,0.0,0.0,0.0
2026,9,30,17,38,17:37,192.1,0.0,0.4,0.7,0.0
2026,9,30,17,39,17:38,192.1,0.0,0.4,0.6,0.0
2026,9,30,17,41,17:40,192.1,0.0,0.0,0.0,0.0
2026,9,30,17,43,17:42,83.3,0.0,0.3,0.8,0.0
2026,9,30,17,44,17:43,87.3,0.0,0.4,0.8,0.0
2026,9,30,17,46,17:45,131.1,0.0,0.3,1.0,0.0
2026,9,30,17,48,17:47,98.5,0.0,0.0,0.0,0.0
2026,9,30,17,49,17:48,98.5,0.0,0.3,0.6,0.0
2026,9,30,17,52,17:51,98.5,0.0,0.1,0.3,0.0
2026,9,30,17,53,17:52,129.7,0.0,0.4,0.8,0.0
2026,9,30,17,54,17:53,144.6,0.0,0.3,0.5,0.0
2026,9,30,17,57,17:56,144.7,0.0,0.5,0.8,0.0
2026,9,30,17,58,17:57,144.7,0.0,0.2,0.2,0.0
2026,9,30,17,59,17:58,144.7,0.0,0.2,0.5,0.0
2026,9,30,18,1,18:00,144.7,0.0,0.1,0.3,0.0
2026,9,30,18,3,18:02,144.6,0.0,0.2,0.4,0.0
2026,9,30,18,4,18:03,144.7,0.0,0.1,0.2,0.0
2026,9,30,18,7,18:05,144.7,0.0,0.0,0.0,0.0
2026,9,30,18,8,18:07,144.6,0.0,0.1,0.2,0.0
2026,9,30,18,9,18:08,144.7,0.0,0.1,0.2,0.0
2026,9,30,18,11,18:10,144.6,0.0,0.1,0.2,0.0
2026,9,30,18,13,18:12,144.6,0.0,0.0,0.0,0.0
2026,9,30,18,14,18:13,144.6,0.0,0.0,0.0,0.0
2026,9,30,18,16,18:15,144.6,0.0,0.3,0.7,0.0
2026,9,30,18,18,18:17,144.6,0.0,0.0,0.0,0.0
2026,9,30,18,19,18:18,144.6,0.0,0.4,0.5,0.0
2026,9,30,18,21,18:20,144.6,0.0,0.1,0.1,0.0
2026,9,30,18,23,18:22,144.6,0.0,0.2,0.3,0.0
2026,9,30,18,24,18:23,144.6,0.0,0.3,0.6,0.0
2026,9,30,18,26,18:25,144.6,0.0,0.4,1.2,0.0
2026,9,30,18,28,18:27,52.4,0.0,0.6,0.8,0.0
2026,9,30,18,29,18:28,52.3,0.0,0.1,0.4,0.0
2026,9,30,18,31,18:30,52.4,0.0,0.0,0.0,0.0
2026,9,30,18,33,18:32,52.4,0.0,0.1,0.4,0.0
2026,9,30,18,34,18:33,52.4,0.0,0.3,0.4,0.0
2026,9,30,18,36,18:35,52.3,0.0,0.1,0.4,0.0
2026,9,30,18,38,18:37,52.3,0.0,0.5,0.8,0.0
2026,9,30,18,39,18:38,52.3,0.0,0.0,0.0,0.0
2026,9,30,18,41,18:40,52.3,0.0,0.0,0.0,0.0
2026,9,30,18,43,18:42,52.3,0.0,0.3,0.5,0.0
2026,9,30,18,44,18:43,52.3,0.0,0.0,0.0,0.0
2026,9,30,18,46,18:45,52.3,0.0,0.1,0.3,0.0
2026,9,30,18,48,18:47,52.3,0.0,0.7,1.3,0.0
2026,9,30,18,49,18:48,52.3,0.0,0.2,0.6,0.0
2026,9,30,18,51,18:51,52.3,0.0,0.6,0.9,0.0
2026,9,30,18,53,18:52,52.3,0.0,0.7,1.0,0.0
2026,9,30,18,54,18:53,52.3,0.0,0.9,1.3,0.0
2026,9,30,18,56,18:55,52.3,0.0,0.2,0.5,0.0
2026,9,30,18,58,18:57,52.3,0.7,0.9,1.3,0.0
2026,9,30,18,59,18:58,52.3,0.0,0.0,0.0,0.0
2026,9,30,19,1,18:58,52.3,0.0,0.0,0.0,0.0
2026,9,30,19,3,18:58,52.3,0.0,0.0,0.0,0.0
2026,9,30,19,4,18:58,52.3,0.0,0.0,0.0,0.0
2026,9,30,19,6,18:58,52.3,0.0,0.0,0.0,0.0
2026,9,30,19,8,19:07,52.3,0.0,0.1,0.3,0.0
2026,9,30,19,11,19:08,52.3,0.0,0.0,0.0,0.0
2026,9,30,19,13,19:08,52.3,0.0,0.0,0.0,0.0
2026,9,30,19,14,19:08,52.3,0.0,0.0,0.0,0.0
2026,9,30,19,16,19:15,52.3,0.0,0.0,0.0,0.0
2026,9,30,19,18,19:17,52.3,0.0,0.1,0.4,0.0
2026,9,30,19,19,19:18,52.3,0.0,0.0,0.0,0.0
2026,9,30,19,22,19:18,52.3,0.0,0.0,0.0,0.0
2026,9,30,19,23,19:18,52.3,0.0,0.0,0.0,0.0
2026,9,30,19,24,19:18,52.3,0.0,0.0,0.0,0.0
2026,9,30,19,27,19:25,52.3,0.0,0.1,0.4,0.0
2026,9,30,19,28,19:27,52.3,0.0,0.1,0.3,0.0
2026,9,30,19,29,19:28,52.3,0.0,0.1,0.2,0.0
2026,9,30,19,31,19:30,52.3,0.0,0.6,0.8,0.0
2026,9,30,19,33,19:32,52.3,0.0,0.5,0.6,0.0
2026,9,30,19,34,19:33,52.3,0.4,0.6,0.8,0.0
2026,9,30,19,36,19:35,52.3,0.0,0.6,0.9,0.0
2026,9,30,19,38,19:37,52.3,0.0,0.3,0.5,0.0
2026,9,30,19,39,19:38,52.3,0.0,0.0,0.0,0.0
2026,9,30,19,41,19:38,52.3,0.0,0.0,0.0,0.0
2026,9,30,19,43,19:38,52.3,0.0,0.0,0.0,0.0
2026,9,30,19,47,19:46,52.3,0.0,0.0,0.0,0.0
2026,9,30,19,48,19:47,52.3,0.0,0.0,0.0,0.0
2026,9,30,19,49,19:48,52.3,0.0,0.0,0.0,0.0
2026,9,30,19,52,19:49,52.3,0.0,0.0,0.0,0.0
2026,9,30,19,53,19:52,52.3,0.0,0.0,0.0,0.0
2026,9,30,19,54,19:53,52.3,0.0,0.0,0.0,0.0
2026,9,30,19,56,19:55,52.3,0.0,0.0,0.0,0.0
2026,9,30,19,58,19:57,52.3,0.0,0.0,0.0,0.0
2026,9,30,19,59,19:57,52.3,0.0,0.0,0.0,0.0
2026,9,30,20,1,20:00,52.3,0.0,0.0,0.0,0.0
2026,9,30,20,3,20:02,52.3,0.0,0.0,0.0,0.0
2026,9,30,20,4,20:03,52.3,0.0,0.0,0.0,0.0
2026,9,30,20,6,20:05,52.3,0.0,0.0,0.0,0.0
2026,9,30,20,8,20:07,52.3,0.0,0.0,0.0,0.0
2026,9,30,20,9,20:08,52.3,0.0,0.0,0.0,0.0
2026,9,30,20,11,20:10,52.2,0.0,0.0,0.0,0.0
2026,9,30,20,13,20:12,52.3,0.0,0.0,0.0,0.0
2026,9,30,20,14,20:13,52.3,0.0,0.0,0.0,0.0
2026,9,30,20,16,20:15,52.3,0.0,0.0,0.0,0.0
2026,9,30,20,18,20:17,52.3,0.0,0.0,0.0,0.0
2026,9,30,20,19,20:17,52.3,0.0,0.0,0.0,0.0
2026,9,30,20,21,20:20,52.3,0.0,0.0,0.0,0.0
2026,9,30,20,23,20:22,52.3,0.0,0.0,0.0,0.0
2026,9,30,20,24,20:23,52.2,0.0,0.0,0.0,0.0
2026,9,30,20,27,20:26,52.3,0.0,0.0,0.0,0.0
2026,9,30,20,28,20:27,52.3,0.0,0.0,0.0,0.0
2026,9,30,20,29,20:28,52.2,0.0,0.0,0.0,0.0
2026,9,30,20,31,20:30,52.2,0.0,0.0,0.0,0.0
2026,9,30,20,33,20:32,52.2,0.0,0.0,0.0,0.0
2026,9,30,20,34,20:33,52.2,0.0,0.0,0.0,0.0
2026,9,30,20,36,20:35,52.2,0.0,0.0,0.0,0.0
2026,9,30,20,38,20:37,52.3,0.0,0.0,0.0,0.0
2026,9,30,20,41,20:40,52.3,0.0,0.0,0.0,0.0
2026,9,30,20,43,20:42,52.3,0.0,0.0,0.0,0.0
2026,9,30,20,44,20:43,52.2,0.0,0.0,0.0,0.0
2026,9,30,20,46,20:45,52.3,0.0,0.0,0.0,0.0
2026,9,30,20,48,20:47,52.2,0.0,0.3,0.5,0.0
2026,9,30,20,52,20:51,52.3,0.0,0.1,0.3,0.0
2026,9,30,20,53,20:52,52.2,0.0,0.3,0.4,0.0
2026,9,30,20,54,20:53,52.3,0.0,0.1,0.2,0.0
2026,9,30,20,56,20:55,52.2,0.0,0.2,0.3,0.0
2026,9,30,20,58,20:57,52.2,0.0,0.2,0.3,0.0
2026,9,30,20,59,20:58,52.3,0.0,0.2,0.3,0.0
2026,9,30,21,2,21:01,52.2,0.0,0.3,0.3,0.0
2026,9,30,21,3,21:02,52.3,0.0,0.4,0.5,0.0
2026,9,30,21,4,21:03,52.2,0.0,0.3,0.4,0.0
2026,9,30,21,6,21:05,52.3,0.0,0.4,0.5,0.0
2026,9,30,21,8,21:07,52.2,0.0,0.4,0.5,0.0
2026,9,30,21,9,21:08,52.3,0.0,0.4,0.6,0.0
2026,9,30,21,11,21:10,52.3,0.3,0.4,0.6,0.0
2026,9,30,21,13,21:12,52.3,0.0,0.2,0.3,0.0
2026,9,30,21,14,21:13,52.2,0.0,0.4,0.5,0.0
2026,9,30,21,16,21:15,52.3,0.0,0.3,0.4,0.0
2026,9,30,21,18,21:17,52.2,0.0,0.2,0.2,0.0
2026,9,30,21,19,21:18,52.2,0.0,0.0,0.0,0.0
2026,9,30,21,22,21:21,52.2,0.0,0.3,0.4,0.0
2026,9,30,21,23,21:22,52.3,0.0,0.4,0.5,0.0
2026,9,30,21,24,21:23,52.2,0.0,0.3,0.4,0.0
2026,9,30,21,26,21:25,52.2,0.0,0.3,0.4,0.0
2026,9,30,21,28,21:27,52.2,0.0,0.1,0.3,0.0
2026,9,30,21,29,21:28,52.2,0.0,0.0,0.0,0.0
2026,9,30,21,31,21:30,52.3,0.0,0.0,0.0,0.0
2026,9,30,21,33,21:32,52.2,0.0,0.2,0.3,0.0
2026,9,30,21,34,21:33,52.2,0.0,0.1,0.1,0.0
2026,9,30,21,36,21:35,52.2,0.0,0.1,0.2,0.0
2026,9,30,21,38,21:37,52.3,0.0,0.1,0.1,0.0
2026,9,30,21,39,21:38,52.2,0.0,0.1,0.3,0.0
2026,9,30,21,41,21:40,52.2,0.0,0.3,0.5,0.0
2026,9,30,21,43,21:42,52.2,0.0,0.2,0.3,0.0
2026,9,30,21,44,21:43,52.3,0.0,0.3,0.5,0.0
2026,9,30,21,46,21:45,52.3,0.0,0.1,0.1,0.0
2026,9,30,21,51,21:50,52.2,0.0,0.1,0.5,0.0
2026,9,30,21,53,21:52,52.2,0.0,0.1,0.3,0.0
2026,9,30,21,54,21:53,52.2,0.0,0.0,0.0,0.0
2026,9,30,21,56,21:55,52.2,0.0,0.4,0.6,0.0
2026,9,30,21,58,21:57,52.2,0.4,0.6,0.7,0.0
2026,9,30,22,1,22:00,52.2,0.5,0.5,0.6,0.0
2026,9,30,22,3,22:02,52.2,0.5,0.7,0.8,0.0
2026,9,30,22,4,22:03,52.2,0.6,0.7,0.9,0.0
2026,9,30,22,6,22:05,52.3,0.5,0.6,0.7,0.0
2026,9,30,22,8,22:07,52.2,0.0,0.5,0.6,0.0
2026,9,30,22,9,22:08,52.2,0.0,0.5,0.7,0.0
2026,9,30,22,12,22:11,52.2,0.0,0.5,0.5,0.0
2026,9,30,22,13,22:12,52.3,0.0,0.4,0.6,0.0
2026,9,30,22,14,22:13,52.3,0.0,0.4,0.5,0.0
2026,9,30,22,16,22:15,52.2,0.4,0.5,0.6,0.0
2026,9,30,22,18,22:17,52.2,0.5,0.7,0.8,0.0
2026,9,30,22,21,22:20,52.2,0.5,0.6,0.7,0.0
2026,9,30,22,23,22:22,52.2,0.0,0.1,0.2,0.0
2026,9,30,22,24,22:23,52.2,0.0,0.3,0.5,0.0
2026,9,30,22,26,22:25,52.2,0.0,0.6,1.0,0.0
2026,9,30,22,28,22:27,52.2,0.5,0.6,0.7,0.0
2026,9,30,22,31,22:30,52.2,0.5,0.6,0.7,0.0
2026,9,30,22,33,22:32,52.2,0.4,0.6,0.8,0.0
2026,9,30,22,34,22:33,52.2,0.0,0.6,0.9,0.0
2026,9,30,22,36,22:35,52.3,0.7,0.9,1.2,0.0
2026,9,30,22,38,22:37,52.2,0.9,1.0,1.3,0.0
2026,9,30,22,39,22:38,52.2,0.8,0.9,1.2,0.0
2026,9,30,22,42,22:41,52.2,0.5,0.8,1.0,0.0
2026,9,30,22,43,22:42,52.2,0.0,0.6,0.9,0.0
2026,9,30,22,44,22:43,52.2,0.0,0.5,0.7,0.0
2026,9,30,22,46,22:45,52.2,0.5,0.8,1.1,0.0
2026,9,30,22,48,22:47,52.2,0.7,0.8,1.2,0.0
2026,9,30,22,49,22:48,52.2,0.5,0.7,0.8,0.0
2026,9,30,22,51,22:50,52.2,0.6,0.8,1.1,0.0
2026,9,30,22,53,22:52,52.2,0.4,0.6,0.8,0.0
2026,9,30,22,54,22:53,52.2,0.6,0.7,1.0,0.0
2026,9,30,22,57,22:56,52.2,0.6,0.7,0.9,0.0
2026,9,30,22,58,22:57,52.2,0.0,0.8,1.0,0.0
2026,9,30,23,1,23:00,52.2,0.5,0.7,1.1,0.0
2026,9,30,23,3,23:02,52.2,0.5,0.6,0.8,0.0
2026,9,30,23,4,23:03,52.2,0.6,0.7,0.8,0.0
2026,9,30,23,6,23:05,52.2,0.0,0.5,0.6,0.0
2026,9,30,23,8,23:07,52.2,0.0,0.5,0.6,0.0
2026,9,30,23,9,23:08,52.2,0.0,0.5,0.5,0.0
2026,9,30,23,11,23:10,52.2,0.0,0.5,0.7,0.0
2026,9,30,23,13,23:12,52.2,0.5,0.6,0.9,0.0
2026,9,30,23,14,23:13,52.2,0.5,0.6,0.9,0.0
2026,9,30,23,16,23:15,52.2,0.7,0.8,0.9,0.0
2026,9,30,23,18,23:17,52.2,0.5,0.6,0.7,0.0
2026,9,30,23,19,23:18,52.2,0.5,0.7,0.8,0.0
2026,9,30,23,21,23:20,52.2,0.6,0.6,0.7,0.0
2026,9,30,23,23,23:22,52.2,0.6,0.7,0.9,0.0
2026,9,30,23,24,23:23,52.2,0.5,0.6,0.8,0.0
2026,9,30,23,27,23:26,52.2,0.6,0.8,0.9,0.0
2026,9,30,23,28,23:27,52.2,0.6,0.7,0.7,0.0
2026,9,30,23,29,23:28,52.2,0.5,0.6,0.8,0.0
2026,9,30,23,31,23:30,52.2,0.0,0.6,0.8,0.0
2026,9,30,23,33,23:32,52.2,0.6,0.7,0.8,0.0
2026,9,30,23,34,23:33,52.2,0.6,0.7,0.9,0.0
2026,9,30,23,36,23:35,52.2,0.5,0.7,0.9,0.0
2026,9,30,23,38,23:37,52.2,0.5,0.6,0.8,0.0
2026,9,30,23,39,23:38,52.2,0.5,0.7,0.9,0.0
2026,9,30,23,42,23:41,52.2,0.5,0.8,1.1,0.0
2026,9,30,23,43,23:42,52.3,0.7,1.0,1.1,0.0
2026,9,30,23,44,23:43,52.2,0.7,1.0,1.2,0.0
2026,9,30,23,46,23:45,52.2,0.7,0.9,1.3,0.0
2026,9,30,23,48,23:47,52.3,0.5,0.8,1.0,0.0
2026,9,30,23,49,23:48,52.2,0.7,1.0,1.3,0.0
2026,9,30,23,52,23:51,52.2,0.8,0.9,1.2,0.0
2026,9,30,23,53,23:52,52.2,0.7,0.9,1.1,0.0
2026,9,30,23,54,23:54,52.2,0.6,0.8,1.1,0.0
2026,9,30,23,57,23:56,52.2,0.8,1.0,1.4,0.0
2026,9,30,23,58,23:57,52.2,0.7,1.0,1.3,0.0
2026,9,30,23,59,23:58,52.2,0.7,1.1,1.3,0.0
