# Helsinki Laru (dlarah.org Lauttasaari) 2026-09-09 Suomen aikaa — lähteen Laru_2026-252.txt sellaisenaan
# vuosi kk pv kirjoitus-h kirjoitus-min hh:mm suunta min ka max lämpötila (asemalla ei mittaria)
2026,9,9,0,2,00:01,209.2,6.9,8.1,9.1,0.0
2026,9,9,0,3,00:02,211.6,6.2,7.7,9.4,0.0
2026,9,9,0,4,00:03,206.2,6.6,7.7,8.8,0.0
2026,9,9,0,6,00:06,209.5,6.2,7.3,8.5,0.0
2026,9,9,0,8,00:07,210.3,6.1,7.4,8.8,0.0
2026,9,9,0,9,00:08,206.6,6.2,7.3,8.0,0.0
2026,9,9,0,12,00:11,205.5,5.6,6.7,7.5,0.0
2026,9,9,0,13,00:12,208.4,5.8,6.9,8.3,0.0
2026,9,9,0,14,00:13,208.5,6.6,7.5,8.5,0.0
2026,9,9,0,17,00:16,207.0,5.1,6.1,7.2,0.0
2026,9,9,0,18,00:17,211.8,4.8,5.6,6.7,0.0
2026,9,9,0,19,00:19,208.2,4.4,5.2,6.4,0.0
2026,9,9,0,22,00:21,212.7,4.2,5.2,6.0,0.0
2026,9,9,0,23,00:22,211.3,4.4,5.2,6.3,0.0
2026,9,9,0,24,00:24,205.4,4.0,5.4,6.6,0.0
2026,9,9,0,26,00:26,211.2,4.5,5.0,5.5,0.0
2026,9,9,0,28,00:27,208.9,4.4,5.1,6.0,0.0
2026,9,9,0,29,00:28,205.6,4.4,5.1,6.0,0.0
2026,9,9,0,31,00:31,210.9,4.3,5.5,6.3,0.0
2026,9,9,0,33,00:32,207.1,4.6,5.4,6.3,0.0
2026,9,9,0,34,00:33,203.9,4.6,5.5,6.2,0.0
2026,9,9,0,36,00:35,201.9,4.8,5.6,6.5,0.0
2026,9,9,0,38,00:37,203.0,4.8,5.3,6.3,0.0
2026,9,9,0,39,00:39,204.1,4.1,5.3,6.0,0.0
2026,9,9,0,41,00:41,204.4,5.4,6.3,7.0,0.0
2026,9,9,0,43,00:42,206.9,5.4,6.2,7.3,0.0
2026,9,9,0,44,00:44,202.4,4.9,5.9,7.1,0.0
2026,9,9,0,47,00:46,199.8,5.0,5.4,6.0,0.0
2026,9,9,0,48,00:47,203.8,4.7,5.3,5.8,0.0
2026,9,9,0,49,00:49,205.2,4.5,5.3,6.0,0.0
2026,9,9,0,51,00:51,203.2,4.6,5.4,6.6,0.0
2026,9,9,0,53,00:52,201.9,4.6,5.6,6.7,0.0
2026,9,9,0,54,00:54,208.2,4.6,5.2,6.0,0.0
2026,9,9,0,57,00:56,202.7,4.4,5.2,6.2,0.0
2026,9,9,0,58,00:57,206.9,4.6,5.2,5.9,0.0
2026,9,9,0,59,00:59,203.4,5.1,5.7,6.4,0.0
2026,9,9,1,1,01:01,200.3,4.3,5.0,6.3,0.0
2026,9,9,1,3,01:02,205.0,4.7,5.6,6.3,0.0
2026,9,9,1,4,01:04,209.5,3.7,4.5,5.2,0.0
2026,9,9,1,6,01:05,206.8,3.9,4.5,5.1,0.0
2026,9,9,1,8,01:07,211.2,4.5,4.8,5.6,0.0
2026,9,9,1,9,01:09,213.8,4.3,4.8,5.5,0.0
2026,9,9,1,12,01:11,215.9,3.7,4.8,5.7,0.0
2026,9,9,1,13,01:12,216.1,4.1,5.2,6.0,0.0
2026,9,9,1,14,01:14,219.1,3.9,4.9,5.8,0.0
2026,9,9,1,16,01:16,214.3,4.3,5.1,5.9,0.0
2026,9,9,1,18,01:17,217.5,3.7,4.3,5.2,0.0
2026,9,9,1,19,01:19,215.1,3.7,4.6,5.2,0.0
2026,9,9,1,21,01:20,219.3,4.1,4.9,6.1,0.0
2026,9,9,1,23,01:22,208.9,3.6,4.3,4.9,0.0
2026,9,9,1,24,01:23,211.8,3.4,4.3,5.2,0.0
2026,9,9,1,26,01:25,212.2,3.6,4.1,4.8,0.0
2026,9,9,1,28,01:27,210.1,3.8,4.6,5.4,0.0
2026,9,9,1,29,01:28,211.7,3.2,4.3,5.5,0.0
2026,9,9,1,31,01:30,211.4,3.7,4.4,5.2,0.0
2026,9,9,1,33,01:32,207.5,4.0,4.5,5.2,0.0
2026,9,9,1,34,01:33,207.9,3.5,4.3,4.8,0.0
2026,9,9,1,36,01:35,209.5,4.2,4.8,5.6,0.0
2026,9,9,1,38,01:37,205.2,3.7,4.1,4.7,0.0
2026,9,9,1,39,01:39,202.7,3.5,3.9,4.6,0.0
2026,9,9,1,42,01:41,207.1,3.5,3.9,4.6,0.0
2026,9,9,1,43,01:42,200.2,3.3,4.0,5.1,0.0
2026,9,9,1,44,01:43,201.7,3.1,3.8,4.4,0.0
2026,9,9,1,47,01:46,200.7,2.8,3.5,4.1,0.0
2026,9,9,1,48,01:47,202.4,2.9,3.4,3.8,0.0
2026,9,9,1,49,01:49,202.7,3.0,3.6,4.1,0.0
2026,9,9,1,52,01:51,195.9,2.6,3.1,3.5,0.0
2026,9,9,1,53,01:52,200.4,2.9,3.3,3.8,0.0
2026,9,9,1,54,01:53,202.7,3.2,3.7,4.2,0.0
2026,9,9,1,56,01:55,205.3,3.0,3.5,3.9,0.0
2026,9,9,1,58,01:57,202.9,2.8,3.2,3.6,0.0
2026,9,9,1,59,01:59,202.8,3.4,3.8,4.3,0.0
2026,9,9,2,2,02:01,205.0,3.1,3.7,4.3,0.0
2026,9,9,2,3,02:02,207.8,3.0,3.6,4.4,0.0
2026,9,9,2,4,02:03,208.1,3.2,3.8,4.3,0.0
2026,9,9,2,6,02:05,207.2,2.9,3.4,4.1,0.0
2026,9,9,2,8,02:07,203.7,3.0,3.3,3.7,0.0
2026,9,9,2,9,02:09,201.5,2.6,3.1,4.2,0.0
2026,9,9,2,11,02:10,202.4,3.2,3.6,4.4,0.0
2026,9,9,2,13,02:12,201.8,3.1,3.6,4.0,0.0
2026,9,9,2,14,02:13,204.6,3.2,3.6,4.2,0.0
2026,9,9,2,16,02:15,205.6,3.0,3.4,3.7,0.0
2026,9,9,2,18,02:17,204.0,3.4,4.1,4.7,0.0
2026,9,9,2,19,02:19,202.4,3.4,4.1,4.8,0.0
2026,9,9,2,21,02:21,203.8,4.0,4.6,5.4,0.0
2026,9,9,2,23,02:22,201.1,3.8,4.4,5.0,0.0
2026,9,9,2,24,02:24,194.4,3.7,4.3,5.1,0.0
2026,9,9,2,26,02:26,192.4,4.2,4.9,5.7,0.0
2026,9,9,2,28,02:27,197.3,4.3,4.9,5.4,0.0
2026,9,9,2,29,02:29,197.5,4.6,5.2,5.8,0.0
2026,9,9,2,31,02:30,195.5,4.3,4.9,5.6,0.0
2026,9,9,2,33,02:32,195.9,4.2,4.8,5.4,0.0
2026,9,9,2,34,02:34,199.5,4.1,4.7,5.6,0.0
2026,9,9,2,37,02:36,200.9,4.3,5.0,5.4,0.0
2026,9,9,2,38,02:37,200.2,3.9,4.7,5.6,0.0
2026,9,9,2,39,02:39,200.1,4.9,5.6,6.1,0.0
2026,9,9,2,42,02:41,198.6,4.2,4.9,5.4,0.0
2026,9,9,2,43,02:42,198.6,4.2,5.0,5.9,0.0
2026,9,9,2,44,02:43,197.8,4.1,4.7,5.3,0.0
2026,9,9,2,46,02:46,194.0,4.0,4.5,5.0,0.0
2026,9,9,2,48,02:47,195.5,3.5,4.3,4.9,0.0
2026,9,9,2,49,02:48,194.1,3.2,4.1,5.1,0.0
2026,9,9,2,51,02:51,202.2,3.5,4.3,4.7,0.0
2026,9,9,2,53,02:52,199.4,3.6,4.1,4.8,0.0
2026,9,9,2,54,02:54,192.0,4.0,5.0,5.8,0.0
2026,9,9,2,56,02:56,192.2,4.9,5.4,6.0,0.0
2026,9,9,2,58,02:57,188.5,4.7,5.5,6.3,0.0
2026,9,9,2,59,02:59,187.8,4.7,5.6,6.3,0.0
2026,9,9,3,2,03:01,184.4,4.9,5.4,6.3,0.0
2026,9,9,3,3,03:02,187.3,4.5,5.4,6.1,0.0
2026,9,9,3,4,03:04,185.7,4.0,4.7,5.4,0.0
2026,9,9,3,7,03:06,191.5,3.8,4.4,4.9,0.0
2026,9,9,3,8,03:07,190.0,3.5,4.1,4.5,0.0
2026,9,9,3,9,03:09,186.9,3.5,3.8,4.2,0.0
2026,9,9,3,11,03:10,185.5,3.2,4.0,5.1,0.0
2026,9,9,3,13,03:12,186.2,4.2,4.5,4.8,0.0
2026,9,9,3,14,03:14,190.6,3.5,3.9,4.4,0.0
2026,9,9,3,17,03:16,188.1,2.9,3.4,3.9,0.0
2026,9,9,3,18,03:17,194.5,3.6,4.8,5.6,0.0
2026,9,9,3,19,03:19,185.3,3.9,4.3,5.0,0.0
2026,9,9,3,21,03:21,190.9,3.9,4.5,5.0,0.0
2026,9,9,3,23,03:22,192.5,3.7,4.5,5.1,0.0
2026,9,9,3,24,03:24,194.2,3.8,4.2,4.8,0.0
2026,9,9,3,26,03:26,194.5,3.6,4.0,4.5,0.0
2026,9,9,3,28,03:27,196.9,3.3,3.8,4.7,0.0
2026,9,9,3,29,03:28,197.3,2.9,3.6,4.1,0.0
2026,9,9,3,31,03:31,201.2,3.2,3.6,4.1,0.0
2026,9,9,3,33,03:32,198.4,3.4,3.9,4.2,0.0
2026,9,9,3,34,03:33,196.4,3.3,3.7,4.2,0.0
2026,9,9,3,36,03:35,195.8,3.4,4.0,4.6,0.0
2026,9,9,3,38,03:37,198.9,3.4,4.0,4.7,0.0
2026,9,9,3,39,03:39,199.0,3.6,4.0,4.5,0.0
2026,9,9,3,41,03:41,198.8,3.3,3.9,4.4,0.0
2026,9,9,3,43,03:42,198.8,3.2,3.7,4.2,0.0
2026,9,9,3,44,03:44,197.1,2.4,2.8,3.4,0.0
2026,9,9,3,47,03:46,199.3,2.7,3.2,3.6,0.0
2026,9,9,3,48,03:47,204.6,2.8,3.2,4.1,0.0
2026,9,9,3,49,03:48,203.4,2.8,3.3,4.0,0.0
2026,9,9,3,51,03:51,196.8,3.1,3.9,4.6,0.0
2026,9,9,3,53,03:52,202.2,4.1,4.5,5.2,0.0
2026,9,9,3,54,03:54,201.7,3.2,4.0,4.7,0.0
2026,9,9,3,57,03:56,199.8,3.1,3.6,4.2,0.0
2026,9,9,3,58,03:57,201.4,2.9,3.7,4.4,0.0
2026,9,9,3,59,03:59,199.0,3.4,4.0,4.7,0.0
2026,9,9,4,1,04:01,199.9,3.4,4.0,4.8,0.0
2026,9,9,4,3,04:02,198.2,3.9,4.3,4.8,0.0
2026,9,9,4,4,04:04,199.2,3.5,4.0,4.3,0.0
2026,9,9,4,6,04:06,199.5,2.4,2.8,3.3,0.0
2026,9,9,4,8,04:07,197.2,2.6,3.0,3.3,0.0
2026,9,9,4,9,04:09,195.0,2.5,2.9,3.2,0.0
2026,9,9,4,11,04:10,202.7,3.0,3.6,4.8,0.0
2026,9,9,4,13,04:12,188.6,3.6,4.0,4.7,0.0
2026,9,9,4,14,04:13,190.6,4.1,4.5,5.1,0.0
2026,9,9,4,16,04:15,184.8,4.4,5.0,5.6,0.0
2026,9,9,4,18,04:17,184.9,4.6,5.5,6.5,0.0
2026,9,9,4,19,04:18,186.3,4.9,5.9,6.8,0.0
2026,9,9,4,21,04:20,182.2,5.0,6.1,6.7,0.0
2026,9,9,4,23,04:22,187.6,4.9,5.5,6.0,0.0
2026,9,9,4,24,04:24,184.8,4.7,5.2,5.9,0.0
2026,9,9,4,26,04:25,187.4,4.1,5.0,5.8,0.0
2026,9,9,4,28,04:27,188.3,4.4,4.8,5.2,0.0
2026,9,9,4,29,04:28,190.9,3.7,4.3,5.1,0.0
2026,9,9,4,31,04:31,190.8,3.1,3.8,4.4,0.0
2026,9,9,4,33,04:32,197.5,3.2,3.7,4.3,0.0
2026,9,9,4,34,04:34,198.8,2.9,3.3,3.7,0.0
2026,9,9,4,36,04:35,198.6,2.3,2.8,3.2,0.0
2026,9,9,4,38,04:37,196.2,2.0,2.5,3.0,0.0
2026,9,9,4,39,04:39,195.6,2.1,2.4,2.6,0.0
2026,9,9,4,41,04:40,195.8,1.9,2.4,2.8,0.0
2026,9,9,4,43,04:42,188.6,2.0,2.2,2.4,0.0
2026,9,9,4,44,04:44,185.3,2.1,2.3,2.6,0.0
2026,9,9,4,47,04:46,194.7,2.3,2.6,2.9,0.0
2026,9,9,4,48,04:47,194.3,2.3,2.6,2.9,0.0
2026,9,9,4,49,04:48,198.2,2.3,2.7,3.2,0.0
2026,9,9,4,51,04:51,200.1,2.5,2.7,2.8,0.0
2026,9,9,4,53,04:52,195.1,2.2,2.5,2.9,0.0
2026,9,9,4,54,04:54,195.4,1.8,2.0,2.3,0.0
2026,9,9,4,56,04:56,195.0,1.6,1.8,2.1,0.0
2026,9,9,4,58,04:57,188.7,1.6,1.8,2.0,0.0
2026,9,9,4,59,04:58,192.3,1.5,1.7,2.1,0.0
2026,9,9,5,1,05:00,201.1,2.2,2.5,2.8,0.0
2026,9,9,5,3,05:02,177.2,1.6,2.4,3.1,0.0
2026,9,9,5,4,05:04,199.1,2.3,2.7,3.4,0.0
2026,9,9,5,7,05:06,182.9,2.4,2.7,3.0,0.0
2026,9,9,5,8,05:07,174.1,2.8,3.2,3.5,0.0
2026,9,9,5,9,05:09,171.3,2.5,3.2,3.6,0.0
2026,9,9,5,11,05:10,164.4,2.4,3.3,4.1,0.0
2026,9,9,5,13,05:12,162.0,3.1,3.6,4.4,0.0
2026,9,9,5,14,05:13,162.4,2.9,3.6,4.2,0.0
2026,9,9,5,16,05:15,154.6,3.2,3.9,4.8,0.0
2026,9,9,5,18,05:17,163.7,2.8,3.8,4.7,0.0
2026,9,9,5,19,05:19,165.1,3.2,3.9,4.7,0.0
2026,9,9,5,21,05:21,165.5,2.8,3.6,4.4,0.0
2026,9,9,5,23,05:22,156.6,3.0,3.7,4.4,0.0
2026,9,9,5,24,05:23,151.4,2.9,3.7,4.4,0.0
2026,9,9,5,26,05:25,153.9,2.4,3.4,4.1,0.0
2026,9,9,5,28,05:27,142.4,1.7,2.9,4.3,0.0
2026,9,9,5,29,05:29,154.8,2.3,3.7,5.0,0.0
2026,9,9,5,31,05:31,158.3,3.0,4.1,5.8,0.0
2026,9,9,5,33,05:32,156.0,2.8,3.7,5.6,0.0
2026,9,9,5,34,05:34,158.2,2.9,3.8,4.7,0.0
2026,9,9,5,37,05:36,162.1,3.0,4.3,5.4,0.0
2026,9,9,5,38,05:37,159.2,3.0,4.3,5.5,0.0
2026,9,9,5,39,05:38,161.5,3.6,4.3,5.6,0.0
2026,9,9,5,41,05:40,163.0,3.3,3.8,4.3,0.0
2026,9,9,5,43,05:42,160.7,3.0,3.4,4.2,0.0
2026,9,9,5,44,05:43,158.0,3.1,3.7,4.6,0.0
2026,9,9,5,46,05:46,160.0,3.0,4.1,5.6,0.0
2026,9,9,5,48,05:47,153.3,1.3,3.5,5.2,0.0
2026,9,9,5,49,05:49,158.0,3.7,4.8,5.7,0.0
2026,9,9,5,51,05:51,154.9,3.3,4.9,6.0,0.0
2026,9,9,5,53,05:52,156.8,3.1,4.5,6.3,0.0
2026,9,9,5,54,05:54,161.8,3.5,4.8,6.4,0.0
2026,9,9,5,57,05:56,152.8,4.1,4.9,6.0,0.0
2026,9,9,5,58,05:57,151.6,3.7,5.0,6.6,0.0
2026,9,9,5,59,05:58,152.3,1.7,4.4,6.4,0.0
2026,9,9,6,2,06:01,154.5,1.1,2.3,3.7,0.0
2026,9,9,6,3,06:02,165.4,1.6,2.8,4.6,0.0
2026,9,9,6,4,06:03,162.8,2.7,3.8,5.8,0.0
2026,9,9,6,6,06:06,153.3,2.2,3.6,5.0,0.0
2026,9,9,6,8,06:07,163.3,1.3,2.6,4.2,0.0
2026,9,9,6,9,06:08,159.9,1.8,2.9,4.0,0.0
2026,9,9,6,11,06:11,162.8,2.2,3.7,4.6,0.0
2026,9,9,6,13,06:12,159.1,0.9,2.5,4.7,0.0
2026,9,9,6,14,06:14,154.6,1.6,3.3,5.3,0.0
2026,9,9,6,16,06:16,144.7,1.4,3.3,5.1,0.0
2026,9,9,6,18,06:17,143.9,2.5,3.5,4.9,0.0
2026,9,9,6,19,06:19,169.0,1.4,2.8,4.9,0.0
2026,9,9,6,22,06:21,163.8,1.6,3.2,4.4,0.0
2026,9,9,6,23,06:22,154.8,3.2,4.3,6.5,0.0
2026,9,9,6,24,06:24,160.0,2.8,4.3,5.7,0.0
2026,9,9,6,26,06:26,161.5,2.3,3.7,4.8,0.0
2026,9,9,6,28,06:27,156.0,3.1,4.1,5.1,0.0
2026,9,9,6,29,06:29,170.9,2.2,3.4,4.6,0.0
2026,9,9,6,31,06:31,147.0,1.4,3.0,4.7,0.0
2026,9,9,6,33,06:32,151.5,0.9,2.5,4.5,0.0
2026,9,9,6,34,06:34,154.6,0.5,1.5,3.1,0.0
2026,9,9,6,37,06:36,147.3,1.2,2.0,3.2,0.0
2026,9,9,6,38,06:37,164.6,0.8,1.8,3.5,0.0
2026,9,9,6,39,06:38,168.8,0.8,1.2,2.2,0.0
2026,9,9,6,41,06:40,152.7,1.3,3.2,5.1,0.0
2026,9,9,6,43,06:42,164.0,2.1,3.4,4.5,0.0
2026,9,9,6,44,06:43,145.3,0.9,3.4,5.7,0.0
2026,9,9,6,47,06:46,150.9,1.2,2.1,3.8,0.0
2026,9,9,6,48,06:47,152.1,1.0,2.7,5.0,0.0
2026,9,9,6,49,06:49,147.3,1.5,3.1,5.6,0.0
2026,9,9,6,52,06:51,149.1,1.3,2.7,4.2,0.0
2026,9,9,6,53,06:52,148.1,1.1,2.5,4.7,0.0
2026,9,9,6,54,06:54,153.1,1.3,2.9,4.8,0.0
2026,9,9,6,56,06:56,159.3,2.4,3.4,5.0,0.0
2026,9,9,6,58,06:57,138.2,1.6,3.8,7.1,0.0
2026,9,9,6,59,06:58,148.8,2.2,3.3,5.0,0.0
2026,9,9,7,1,07:00,154.8,2.3,4.4,6.4,0.0
2026,9,9,7,3,07:02,160.0,2.4,4.0,5.3,0.0
2026,9,9,7,4,07:03,161.1,2.8,4.7,7.1,0.0
2026,9,9,7,6,07:05,159.3,4.2,5.7,8.3,0.0
2026,9,9,7,8,07:07,163.9,4.0,6.2,8.7,0.0
2026,9,9,7,9,07:09,153.4,4.3,6.3,7.6,0.0
2026,9,9,7,11,07:11,158.9,5.3,7.0,9.4,0.0
2026,9,9,7,13,07:12,159.0,4.3,6.8,8.3,0.0
2026,9,9,7,14,07:14,151.5,5.2,6.8,8.7,0.0
2026,9,9,7,16,07:16,154.4,4.5,6.7,9.5,0.0
2026,9,9,7,18,07:17,155.9,5.3,7.0,8.5,0.0
2026,9,9,7,19,07:19,158.5,5.4,7.0,8.8,0.0
2026,9,9,7,22,07:21,154.7,5.5,6.8,8.0,0.0
2026,9,9,7,23,07:22,158.0,4.5,7.2,9.1,0.0
2026,9,9,7,24,07:23,158.2,5.4,6.8,8.7,0.0
2026,9,9,7,26,07:26,167.5,5.9,7.0,8.3,0.0
2026,9,9,7,28,07:27,171.5,6.1,7.1,8.5,0.0
2026,9,9,7,29,07:29,172.3,6.8,7.9,8.6,0.0
2026,9,9,7,31,07:30,171.0,6.2,7.4,8.6,0.0
2026,9,9,7,33,07:32,176.2,6.6,7.4,8.2,0.0
2026,9,9,7,34,07:33,177.7,6.5,7.7,8.9,0.0
2026,9,9,7,36,07:36,178.1,6.2,7.0,8.0,0.0
2026,9,9,7,38,07:37,178.6,6.2,7.2,8.6,0.0
2026,9,9,7,39,07:39,172.2,6.7,8.0,9.0,0.0
2026,9,9,7,42,07:41,170.8,6.2,8.5,9.8,0.0
2026,9,9,7,43,07:42,169.2,7.6,9.1,10.1,0.0
2026,9,9,7,44,07:43,180.5,7.8,9.2,10.1,0.0
2026,9,9,7,47,07:46,178.0,7.3,8.8,10.7,0.0
2026,9,9,7,48,07:47,175.0,7.7,9.0,9.8,0.0
2026,9,9,7,49,07:49,166.4,7.8,9.2,11.1,0.0
2026,9,9,7,52,07:51,170.2,8.0,9.1,10.1,0.0
2026,9,9,7,53,07:52,174.8,8.2,9.2,10.7,0.0
2026,9,9,7,54,07:54,175.9,7.3,9.0,10.8,0.0
2026,9,9,7,56,07:56,175.2,7.0,8.4,9.7,0.0
2026,9,9,7,58,07:57,176.4,6.7,8.0,9.2,0.0
2026,9,9,7,59,07:59,180.0,7.4,8.7,9.8,0.0
2026,9,9,8,2,08:01,178.4,7.1,8.5,9.8,0.0
2026,9,9,8,3,08:02,178.0,6.9,8.1,9.4,0.0
2026,9,9,8,4,08:03,179.7,6.7,7.8,9.0,0.0
2026,9,9,8,6,08:05,177.5,6.7,8.0,8.9,0.0
2026,9,9,8,8,08:07,178.0,6.0,7.5,8.6,0.0
2026,9,9,8,9,08:08,174.2,6.6,7.4,8.5,0.0
2026,9,9,8,11,08:10,175.2,6.1,7.2,8.3,0.0
2026,9,9,8,13,08:12,171.2,6.5,7.2,8.2,0.0
2026,9,9,8,14,08:14,171.7,6.4,7.5,8.8,0.0
2026,9,9,8,17,08:16,173.6,6.7,7.8,9.1,0.0
2026,9,9,8,18,08:17,174.2,6.5,7.8,8.8,0.0
2026,9,9,8,21,08:21,172.7,5.4,7.2,8.5,0.0
2026,9,9,8,23,08:22,172.6,6.6,7.6,8.8,0.0
2026,9,9,8,24,08:23,173.2,6.7,7.5,8.7,0.0
2026,9,9,8,26,08:25,171.8,6.9,7.8,8.7,0.0
2026,9,9,8,28,08:27,169.7,6.5,7.6,9.0,0.0
2026,9,9,8,29,08:28,173.7,6.5,7.6,8.5,0.0
2026,9,9,8,31,08:30,161.4,6.4,7.8,8.7,0.0
2026,9,9,8,33,08:32,167.2,6.4,7.3,8.0,0.0
2026,9,9,8,34,08:33,171.6,6.7,7.4,8.1,0.0
2026,9,9,8,36,08:36,166.0,6.4,7.1,8.0,0.0
2026,9,9,8,38,08:37,166.0,6.3,7.2,8.3,0.0
2026,9,9,8,39,08:38,168.3,6.4,7.4,8.3,0.0
2026,9,9,8,42,08:41,175.9,6.3,7.2,8.2,0.0
2026,9,9,8,43,08:42,172.4,6.0,7.0,8.3,0.0
2026,9,9,8,44,08:44,174.2,5.6,7.0,8.3,0.0
2026,9,9,8,47,08:46,170.9,6.2,7.2,8.5,0.0
2026,9,9,8,48,08:47,173.3,6.6,7.3,8.2,0.0
2026,9,9,8,49,08:49,173.1,6.2,7.4,8.9,0.0
2026,9,9,8,51,08:50,178.2,6.7,7.6,8.7,0.0
2026,9,9,8,53,08:52,178.3,7.2,8.3,9.8,0.0
2026,9,9,8,54,08:54,173.6,6.8,8.5,9.7,0.0
2026,9,9,8,56,08:56,178.5,7.3,8.3,9.8,0.0
2026,9,9,8,58,08:57,176.0,6.5,7.5,9.3,0.0
2026,9,9,8,59,08:59,175.5,6.9,8.1,9.3,0.0
2026,9,9,9,2,09:01,176.1,6.9,7.8,9.8,0.0
2026,9,9,9,3,09:02,174.9,7.0,8.2,9.1,0.0
2026,9,9,9,4,09:04,168.6,7.1,8.3,9.8,0.0
2026,9,9,9,7,09:06,175.7,7.4,8.6,9.6,0.0
2026,9,9,9,8,09:07,168.8,7.5,8.8,10.2,0.0
2026,9,9,9,9,09:08,172.1,7.2,8.1,9.2,0.0
2026,9,9,9,11,09:10,178.8,7.3,8.4,9.2,0.0
2026,9,9,9,13,09:12,175.5,7.7,8.7,9.7,0.0
2026,9,9,9,14,09:14,177.4,6.7,8.1,9.6,0.0
2026,9,9,9,16,09:16,177.4,6.8,8.1,9.5,0.0
2026,9,9,9,18,09:17,180.8,7.2,8.4,9.4,0.0
2026,9,9,9,19,09:19,180.9,7.7,9.1,9.9,0.0
2026,9,9,9,22,09:21,176.4,7.9,9.1,10.5,0.0
2026,9,9,9,23,09:22,173.9,7.0,8.5,9.5,0.0
2026,9,9,9,24,09:24,178.8,7.6,9.1,10.9,0.0
2026,9,9,9,26,09:26,180.4,7.8,9.3,11.1,0.0
2026,9,9,9,28,09:27,186.8,8.6,9.8,11.6,0.0
2026,9,9,9,29,09:29,184.7,8.5,9.8,11.1,0.0
2026,9,9,9,32,09:31,183.2,8.3,9.6,11.1,0.0
2026,9,9,9,33,09:32,186.4,7.5,9.1,10.7,0.0
2026,9,9,9,34,09:34,190.0,7.4,8.8,10.2,0.0
2026,9,9,9,36,09:36,193.5,6.9,8.0,9.3,0.0
2026,9,9,9,38,09:37,190.6,7.4,8.4,9.4,0.0
2026,9,9,9,39,09:38,190.5,6.9,8.2,9.8,0.0
2026,9,9,9,42,09:41,191.8,8.1,9.3,11.0,0.0
2026,9,9,9,43,09:42,187.7,7.4,9.3,10.5,0.0
2026,9,9,9,44,09:44,191.2,8.8,10.0,12.0,0.0
2026,9,9,9,46,09:46,187.0,7.7,9.5,11.2,0.0
2026,9,9,9,48,09:47,193.5,7.8,9.5,11.6,0.0
2026,9,9,9,49,09:48,195.1,8.2,9.2,10.3,0.0
2026,9,9,9,52,09:51,193.7,7.4,9.2,11.0,0.0
2026,9,9,9,53,09:52,196.1,8.0,9.3,11.1,0.0
2026,9,9,9,54,09:54,188.6,8.0,9.7,11.0,0.0
2026,9,9,9,57,09:56,191.8,8.5,9.9,11.6,0.0
2026,9,9,9,58,09:57,197.4,7.2,8.9,10.9,0.0
2026,9,9,9,59,09:58,191.1,8.1,10.0,12.0,0.0
2026,9,9,10,1,10:00,195.2,8.1,9.5,11.2,0.0
2026,9,9,10,3,10:02,193.9,9.1,10.4,12.8,0.0
2026,9,9,10,4,10:04,185.5,7.4,9.2,11.4,0.0
2026,9,9,10,6,10:06,190.5,7.5,9.4,10.8,0.0
2026,9,9,10,8,10:07,197.9,7.8,9.1,10.2,0.0
2026,9,9,10,9,10:09,198.8,8.0,9.4,10.8,0.0
2026,9,9,10,11,10:11,198.3,7.0,8.7,10.3,0.0
2026,9,9,10,13,10:12,189.8,8.3,9.5,11.5,0.0
2026,9,9,10,14,10:13,198.6,7.8,10.1,11.6,0.0
2026,9,9,10,17,10:16,209.6,6.9,8.2,9.5,0.0
2026,9,9,10,18,10:17,207.5,7.8,9.0,10.7,0.0
2026,9,9,10,19,10:18,200.1,7.4,9.3,11.0,0.0
2026,9,9,10,21,10:20,205.8,7.7,9.2,10.9,0.0
2026,9,9,10,23,10:22,205.9,6.5,8.1,9.9,0.0
2026,9,9,10,24,10:24,199.9,7.7,9.1,10.2,0.0
2026,9,9,10,27,10:26,207.0,7.1,8.0,9.5,0.0
2026,9,9,10,28,10:27,205.3,7.7,8.7,10.2,0.0
2026,9,9,10,29,10:29,202.8,7.3,8.9,10.5,0.0
2026,9,9,10,31,10:31,204.2,7.3,8.7,11.1,0.0
2026,9,9,10,33,10:32,204.7,7.4,9.4,10.5,0.0
2026,9,9,10,34,10:34,203.2,6.6,8.8,9.9,0.0
2026,9,9,10,36,10:36,199.0,7.2,8.5,9.7,0.0
2026,9,9,10,38,10:37,203.9,6.4,8.4,9.8,0.0
2026,9,9,10,39,10:38,195.4,7.1,8.7,10.1,0.0
2026,9,9,10,42,10:41,202.8,6.2,8.6,10.1,0.0
2026,9,9,10,43,10:42,199.2,6.7,8.1,9.5,0.0
2026,9,9,10,44,10:44,198.5,7.0,8.3,9.8,0.0
2026,9,9,10,46,10:46,205.7,7.4,8.3,9.1,0.0
2026,9,9,10,48,10:47,198.0,7.3,8.3,10.1,0.0
2026,9,9,10,49,10:49,208.7,6.8,7.9,8.8,0.0
2026,9,9,10,51,10:51,201.8,7.3,8.4,10.1,0.0
2026,9,9,10,53,10:52,200.5,6.5,8.0,9.4,0.0
2026,9,9,10,54,10:54,203.1,6.9,8.0,9.2,0.0
2026,9,9,10,57,10:56,205.8,6.4,7.8,9.2,0.0
2026,9,9,10,58,10:57,204.9,7.0,8.4,9.7,0.0
2026,9,9,10,59,10:58,197.3,6.9,8.5,10.4,0.0
2026,9,9,11,1,11:00,208.6,6.3,7.4,8.6,0.0
2026,9,9,11,3,11:02,203.9,6.8,8.3,9.9,0.0
2026,9,9,11,4,11:03,204.8,6.8,8.0,10.0,0.0
2026,9,9,11,7,11:06,204.3,6.2,7.7,9.8,0.0
2026,9,9,11,8,11:07,203.4,7.3,8.6,10.0,0.0
2026,9,9,11,9,11:08,205.9,7.0,8.0,9.1,0.0
2026,9,9,11,12,11:11,198.9,6.9,7.8,8.7,0.0
2026,9,9,11,13,11:12,195.6,6.6,7.8,8.9,0.0
2026,9,9,11,14,11:14,195.5,6.7,7.5,8.5,0.0
2026,9,9,11,17,11:16,195.8,6.3,7.5,8.4,0.0
2026,9,9,11,18,11:17,194.1,6.8,7.9,8.9,0.0
2026,9,9,11,19,11:19,196.9,6.4,7.2,8.4,0.0
2026,9,9,11,22,11:21,200.2,5.9,6.6,7.3,0.0
2026,9,9,11,23,11:22,200.8,6.3,7.3,8.3,0.0
2026,9,9,11,24,11:24,199.8,6.5,7.6,8.7,0.0
2026,9,9,11,27,11:26,202.7,6.2,7.4,8.5,0.0
2026,9,9,11,28,11:27,203.3,6.4,7.2,7.8,0.0
2026,9,9,11,29,11:28,204.3,5.9,7.0,8.8,0.0
2026,9,9,11,31,11:30,209.7,5.6,6.4,7.8,0.0
2026,9,9,11,33,11:32,204.9,5.8,6.8,7.7,0.0
2026,9,9,11,34,11:34,203.4,5.5,6.7,7.6,0.0
2026,9,9,11,36,11:36,205.3,5.8,6.6,7.4,0.0
2026,9,9,11,38,11:37,208.9,5.4,6.1,7.1,0.0
2026,9,9,11,39,11:39,208.0,5.4,6.5,7.4,0.0
2026,9,9,11,42,11:41,207.5,5.2,6.4,7.5,0.0
2026,9,9,11,43,11:42,210.0,5.6,6.5,7.8,0.0
2026,9,9,11,44,11:44,213.9,5.1,5.8,6.8,0.0
2026,9,9,11,47,11:46,212.1,4.8,5.9,7.3,0.0
2026,9,9,11,48,11:47,211.3,4.9,5.8,6.7,0.0
2026,9,9,11,49,11:48,211.8,5.4,6.1,6.9,0.0
2026,9,9,11,51,11:51,212.8,4.8,5.6,6.8,0.0
2026,9,9,11,53,11:52,210.7,4.7,5.6,6.5,0.0
2026,9,9,11,54,11:54,205.1,5.2,6.4,8.0,0.0
2026,9,9,11,57,11:56,206.2,5.3,6.1,7.3,0.0
2026,9,9,11,58,11:57,212.6,5.4,6.3,7.2,0.0
2026,9,9,11,59,11:59,204.9,5.3,6.4,7.3,0.0
2026,9,9,12,1,12:00,212.1,4.8,5.9,7.1,0.0
2026,9,9,12,3,12:02,210.4,5.3,6.2,7.1,0.0
2026,9,9,12,4,12:04,218.3,4.3,5.4,6.1,0.0
2026,9,9,12,6,12:06,215.5,4.8,5.9,7.0,0.0
2026,9,9,12,8,12:07,207.1,4.9,5.8,7.0,0.0
2026,9,9,12,9,12:09,212.5,4.9,6.0,7.0,0.0
2026,9,9,12,12,12:11,214.7,5.1,6.1,7.0,0.0
2026,9,9,12,13,12:12,214.9,5.2,6.7,7.6,0.0
2026,9,9,12,14,12:14,207.2,5.1,6.2,7.2,0.0
2026,9,9,12,16,12:16,214.2,4.8,5.9,6.8,0.0
2026,9,9,12,18,12:17,213.2,4.9,5.7,6.4,0.0
2026,9,9,12,19,12:19,208.2,4.9,6.0,6.8,0.0
2026,9,9,12,21,12:21,209.5,5.2,6.3,7.3,0.0
2026,9,9,12,23,12:22,209.0,4.6,5.9,7.1,0.0
2026,9,9,12,24,12:23,208.0,4.9,5.9,7.1,0.0
2026,9,9,12,26,12:26,209.4,4.3,5.5,6.2,0.0
2026,9,9,12,28,12:27,207.0,4.9,6.1,7.1,0.0
2026,9,9,12,29,12:29,205.8,4.9,5.6,6.6,0.0
2026,9,9,12,32,12:31,209.1,4.6,5.3,6.0,0.0
2026,9,9,12,33,12:32,206.1,4.3,5.1,5.8,0.0
2026,9,9,12,34,12:34,209.9,3.6,4.2,4.7,0.0
2026,9,9,12,36,12:35,210.3,3.4,4.3,5.4,0.0
2026,9,9,12,38,12:37,207.2,3.9,4.7,6.2,0.0
2026,9,9,12,39,12:39,201.5,4.3,4.9,5.3,0.0
2026,9,9,12,42,12:41,199.1,4.1,5.0,5.6,0.0
2026,9,9,12,43,12:42,198.9,4.3,4.9,5.6,0.0
2026,9,9,12,44,12:44,198.6,4.2,4.7,5.1,0.0
2026,9,9,12,47,12:46,197.3,4.2,4.9,5.6,0.0
2026,9,9,12,48,12:47,191.5,4.7,5.2,5.6,0.0
2026,9,9,12,49,12:49,189.3,4.8,5.7,6.5,0.0
2026,9,9,12,52,12:51,192.9,5.1,6.0,6.8,0.0
2026,9,9,12,53,12:52,189.7,5.2,5.7,6.5,0.0
2026,9,9,12,54,12:54,193.4,4.6,5.4,6.4,0.0
2026,9,9,12,57,12:56,192.2,4.4,5.6,6.2,0.0
2026,9,9,12,58,12:57,196.6,4.6,5.5,6.3,0.0
2026,9,9,12,59,12:59,196.6,4.3,5.0,5.7,0.0
2026,9,9,13,1,13:01,200.1,3.7,4.3,5.0,0.0
2026,9,9,13,3,13:02,202.2,3.1,3.7,4.1,0.0
2026,9,9,13,4,13:04,203.2,3.1,3.7,4.3,0.0
2026,9,9,13,6,13:05,203.1,3.1,3.4,3.9,0.0
2026,9,9,13,8,13:07,200.7,3.3,3.6,4.1,0.0
2026,9,9,13,9,13:08,206.1,3.3,3.9,4.2,0.0
2026,9,9,13,11,13:10,203.6,2.9,3.3,3.7,0.0
2026,9,9,13,13,13:12,200.5,3.0,3.6,4.2,0.0
2026,9,9,13,14,13:14,202.9,3.6,4.1,4.7,0.0
2026,9,9,13,17,13:16,195.7,3.8,4.3,4.9,0.0
2026,9,9,13,18,13:17,191.8,3.4,3.7,4.1,0.0
2026,9,9,13,19,13:19,189.5,3.1,3.9,4.4,0.0
2026,9,9,13,22,13:21,184.0,3.7,4.1,4.5,0.0
2026,9,9,13,23,13:22,189.4,3.6,4.1,4.9,0.0
2026,9,9,13,24,13:23,192.5,3.7,4.1,4.5,0.0
2026,9,9,13,26,13:25,193.9,3.8,4.1,4.5,0.0
2026,9,9,13,28,13:27,197.2,3.3,3.9,4.4,0.0
2026,9,9,13,29,13:28,197.7,3.4,3.7,4.0,0.0
2026,9,9,13,31,13:30,194.2,3.4,3.9,4.3,0.0
2026,9,9,13,33,13:32,192.2,3.2,3.8,4.3,0.0
2026,9,9,13,34,13:34,194.1,3.4,4.0,4.6,0.0
2026,9,9,13,36,13:36,193.4,3.3,3.8,4.1,0.0
2026,9,9,13,38,13:37,194.7,3.1,3.7,4.0,0.0
2026,9,9,13,39,13:39,193.9,3.4,3.8,4.2,0.0
2026,9,9,13,42,13:41,191.7,3.0,3.5,4.1,0.0
2026,9,9,13,43,13:42,188.4,3.1,3.4,3.7,0.0
2026,9,9,13,44,13:43,188.3,3.2,3.4,3.8,0.0
2026,9,9,13,47,13:46,182.2,3.0,3.6,4.1,0.0
2026,9,9,13,48,13:47,181.1,3.3,3.7,4.1,0.0
2026,9,9,13,49,13:48,178.5,3.5,3.8,4.4,0.0
2026,9,9,13,51,13:51,186.7,2.8,3.3,3.7,0.0
2026,9,9,13,53,13:52,187.8,2.9,3.4,3.8,0.0
2026,9,9,13,54,13:54,189.6,2.3,2.7,3.0,0.0
2026,9,9,13,56,13:55,187.8,2.4,2.6,2.9,0.0
2026,9,9,13,58,13:57,175.3,2.4,2.7,3.1,0.0
2026,9,9,13,59,13:59,168.1,3.4,3.8,4.5,0.0
2026,9,9,14,2,14:01,169.2,4.0,4.6,5.2,0.0
2026,9,9,14,3,14:02,168.2,4.0,4.5,5.0,0.0
2026,9,9,14,4,14:04,174.2,3.5,4.1,4.6,0.0
2026,9,9,14,6,14:06,168.9,3.4,3.9,4.3,0.0
2026,9,9,14,8,14:07,164.3,3.3,3.8,4.3,0.0
2026,9,9,14,9,14:09,169.8,3.3,3.7,4.2,0.0
2026,9,9,14,12,14:11,172.3,2.8,3.5,4.2,0.0
2026,9,9,14,13,14:12,168.5,2.9,3.4,3.9,0.0
2026,9,9,14,14,14:14,171.1,3.4,3.7,4.0,0.0
2026,9,9,14,16,14:16,172.4,2.7,3.1,3.5,0.0
2026,9,9,14,18,14:17,174.3,3.0,3.2,3.6,0.0
2026,9,9,14,19,14:19,167.8,2.5,2.7,3.1,0.0
2026,9,9,14,22,14:21,167.9,1.9,2.7,3.2,0.0
2026,9,9,14,23,14:22,161.1,1.7,2.1,2.5,0.0
2026,9,9,14,24,14:24,154.5,0.7,1.4,2.1,0.0
2026,9,9,14,27,14:26,153.2,0.5,1.1,1.5,0.0
2026,9,9,14,28,14:27,140.8,0.0,0.7,1.2,0.0
2026,9,9,14,29,14:28,140.8,0.0,0.3,0.7,0.0
2026,9,9,14,32,14:31,140.8,0.0,0.2,0.5,0.0
2026,9,9,14,33,14:32,140.8,0.0,0.1,0.5,0.0
2026,9,9,14,34,14:34,148.2,0.7,1.1,1.7,0.0
2026,9,9,14,36,14:36,155.7,0.9,1.2,1.6,0.0
2026,9,9,14,38,14:37,155.6,1.2,1.4,1.9,0.0
2026,9,9,14,39,14:39,159.1,1.9,2.3,2.8,0.0
2026,9,9,14,41,14:41,158.1,1.5,2.4,3.0,0.0
2026,9,9,14,43,14:42,161.1,1.7,2.4,3.1,0.0
2026,9,9,14,44,14:44,158.2,2.1,2.7,3.3,0.0
2026,9,9,14,47,14:46,156.3,1.8,2.6,3.0,0.0
2026,9,9,14,48,14:47,160.9,2.5,3.0,3.5,0.0
2026,9,9,14,49,14:48,159.2,2.4,2.8,3.2,0.0
2026,9,9,14,51,14:51,158.6,2.2,3.2,3.8,0.0
2026,9,9,14,53,14:52,160.7,2.0,3.1,3.9,0.0
2026,9,9,14,54,14:54,157.6,2.5,3.1,4.1,0.0
2026,9,9,14,56,14:56,160.7,2.9,3.4,3.9,0.0
2026,9,9,14,58,14:57,159.7,2.2,2.8,3.2,0.0
2026,9,9,14,59,14:59,164.3,2.3,2.8,3.1,0.0
2026,9,9,15,1,15:01,169.1,2.2,2.5,2.7,0.0
2026,9,9,15,3,15:02,164.0,2.3,2.7,3.0,0.0
2026,9,9,15,4,15:04,175.3,2.6,2.7,3.1,0.0
2026,9,9,15,6,15:05,174.9,2.4,2.8,3.1,0.0
2026,9,9,15,8,15:07,174.0,3.3,3.5,3.7,0.0
2026,9,9,15,9,15:09,169.5,2.9,3.1,3.5,0.0
2026,9,9,15,11,15:11,175.6,3.3,3.5,3.7,0.0
2026,9,9,15,13,15:12,179.4,3.2,3.6,4.2,0.0
2026,9,9,15,14,15:14,184.0,3.4,4.0,4.7,0.0
2026,9,9,15,16,15:16,185.7,3.9,4.7,5.6,0.0
2026,9,9,15,18,15:17,186.9,4.2,5.2,5.9,0.0
2026,9,9,15,19,15:19,186.0,4.1,4.8,5.5,0.0
2026,9,9,15,22,15:21,191.8,4.4,5.0,5.6,0.0
2026,9,9,15,23,15:22,186.3,3.7,4.6,5.4,0.0
2026,9,9,15,24,15:24,188.3,4.3,5.0,5.5,0.0
2026,9,9,15,27,15:26,185.3,3.6,4.7,5.2,0.0
2026,9,9,15,28,15:27,183.1,3.5,4.3,5.1,0.0
2026,9,9,15,29,15:28,181.1,4.2,4.6,5.2,0.0
2026,9,9,15,32,15:31,186.8,3.5,4.0,4.8,0.0
2026,9,9,15,33,15:32,186.0,3.3,4.1,4.7,0.0
2026,9,9,15,34,15:33,184.2,3.3,3.6,4.0,0.0
2026,9,9,15,36,15:36,191.7,3.0,3.2,3.5,0.0
2026,9,9,15,38,15:37,194.8,3.1,3.5,3.9,0.0
2026,9,9,15,39,15:39,193.8,3.0,3.6,4.3,0.0
2026,9,9,15,42,15:41,185.9,2.8,3.3,3.8,0.0
2026,9,9,15,43,15:42,186.8,2.8,3.2,3.6,0.0
2026,9,9,15,44,15:43,182.1,2.7,3.0,3.4,0.0
2026,9,9,15,46,15:46,166.6,2.4,2.7,3.0,0.0
2026,9,9,15,48,15:47,162.2,2.2,2.6,2.9,0.0
2026,9,9,15,49,15:49,169.6,2.3,2.6,2.9,0.0
2026,9,9,15,52,15:51,175.3,2.5,2.8,3.1,0.0
2026,9,9,15,53,15:52,174.0,2.5,2.8,3.1,0.0
2026,9,9,15,54,15:53,176.2,2.4,2.8,3.2,0.0
2026,9,9,15,56,15:56,180.5,2.0,2.2,2.4,0.0
2026,9,9,15,58,15:57,180.4,1.7,1.9,2.2,0.0
2026,9,9,15,59,15:59,180.4,1.6,1.8,2.0,0.0
2026,9,9,16,1,16:01,180.4,1.5,1.8,2.0,0.0
2026,9,9,16,3,16:02,180.6,1.5,1.8,2.0,0.0
2026,9,9,16,4,16:04,180.4,1.5,1.7,2.0,0.0
2026,9,9,16,7,16:06,168.5,1.3,1.7,2.0,0.0
2026,9,9,16,8,16:07,162.6,1.3,1.6,1.9,0.0
2026,9,9,16,9,16:08,162.6,1.1,1.3,1.4,0.0
2026,9,9,16,11,16:11,162.6,0.9,1.0,1.1,0.0
2026,9,9,16,13,16:12,162.6,1.0,1.1,1.2,0.0
2026,9,9,16,14,16:14,162.6,1.0,1.2,1.4,0.0
2026,9,9,16,16,16:16,162.6,1.0,1.1,1.3,0.0
2026,9,9,16,18,16:17,162.6,0.9,1.0,1.1,0.0
2026,9,9,16,19,16:18,162.6,0.6,0.8,0.9,0.0
2026,9,9,16,21,16:20,162.6,0.8,0.9,1.1,0.0
2026,9,9,16,23,16:22,162.6,0.8,1.0,1.1,0.0
2026,9,9,16,24,16:23,162.6,0.8,0.9,1.0,0.0
2026,9,9,16,27,16:25,162.6,0.7,0.8,0.9,0.0
2026,9,9,16,28,16:27,162.6,1.0,1.1,1.2,0.0
2026,9,9,16,29,16:29,162.6,1.0,1.4,1.8,0.0
2026,9,9,16,31,16:31,162.6,1.3,1.5,1.7,0.0
2026,9,9,16,33,16:32,162.6,1.0,1.3,1.5,0.0
2026,9,9,16,34,16:33,162.6,0.7,1.0,1.2,0.0
2026,9,9,16,36,16:36,162.6,0.0,0.3,0.4,0.0
2026,9,9,16,38,16:37,162.6,0.0,0.4,0.4,0.0
2026,9,9,16,39,16:38,162.6,0.0,0.2,0.2,0.0
2026,9,9,16,41,16:41,162.6,0.0,0.3,0.5,0.0
2026,9,9,16,43,16:42,162.6,0.6,0.7,0.8,0.0
2026,9,9,16,44,16:43,162.6,0.5,0.6,0.7,0.0
2026,9,9,16,46,16:46,162.6,0.0,0.3,0.5,0.0
2026,9,9,16,48,16:47,162.6,0.0,0.4,0.5,0.0
2026,9,9,16,49,16:49,162.6,0.5,0.5,0.6,0.0
2026,9,9,16,51,16:50,162.6,0.0,0.2,0.4,0.0
2026,9,9,16,53,16:52,162.6,1.0,1.2,1.3,0.0
2026,9,9,16,54,16:53,162.6,1.3,1.3,1.4,0.0
2026,9,9,16,56,16:56,162.6,1.4,1.5,1.6,0.0
2026,9,9,16,58,16:57,162.6,1.3,1.4,1.5,0.0
2026,9,9,16,59,16:59,162.6,0.7,0.9,1.2,0.0
2026,9,9,17,2,17:01,162.6,0.8,1.2,1.4,0.0
2026,9,9,17,3,17:02,162.6,1.0,1.2,1.4,0.0
2026,9,9,17,4,17:04,162.6,1.3,1.5,1.7,0.0
2026,9,9,17,7,17:06,162.6,1.4,1.6,1.8,0.0
2026,9,9,17,8,17:07,162.6,1.2,1.4,1.6,0.0
2026,9,9,17,9,17:08,162.6,1.1,1.2,1.2,0.0
2026,9,9,17,11,17:11,162.6,1.3,1.4,1.5,0.0
2026,9,9,17,13,17:12,162.6,1.1,1.3,1.5,0.0
2026,9,9,17,14,17:13,162.6,1.0,1.1,1.2,0.0
2026,9,9,17,16,17:15,162.6,0.9,1.1,1.2,0.0
2026,9,9,17,18,17:17,162.6,0.9,1.0,1.1,0.0
2026,9,9,17,19,17:19,162.6,0.9,0.9,1.0,0.0
2026,9,9,17,22,17:21,162.6,1.0,1.2,1.4,0.0
2026,9,9,17,23,17:22,162.6,1.1,1.2,1.2,0.0
2026,9,9,17,24,17:24,192.4,1.1,1.4,1.7,0.0
2026,9,9,17,27,17:26,192.4,1.0,1.1,1.3,0.0
2026,9,9,17,28,17:27,192.3,0.9,1.1,1.2,0.0
2026,9,9,17,29,17:28,191.5,0.9,1.1,1.3,0.0
2026,9,9,17,31,17:31,183.1,1.0,1.1,1.3,0.0
2026,9,9,17,33,17:32,183.1,0.0,0.5,0.9,0.0
2026,9,9,17,34,17:34,183.1,0.8,0.9,1.1,0.0
2026,9,9,17,36,17:36,183.1,0.5,0.6,0.7,0.0
2026,9,9,17,38,17:37,193.8,0.7,1.3,1.7,0.0
2026,9,9,17,39,17:39,215.6,0.9,1.2,1.5,0.0
2026,9,9,17,41,17:40,215.5,0.6,0.9,1.3,0.0
2026,9,9,17,43,17:42,215.6,0.7,0.7,0.9,0.0
2026,9,9,17,44,17:44,215.5,0.7,0.9,1.1,0.0
2026,9,9,17,46,17:46,215.6,0.6,0.6,0.9,0.0
2026,9,9,17,48,17:47,215.5,0.6,1.0,1.3,0.0
2026,9,9,17,49,17:48,215.6,0.6,0.8,1.0,0.0
2026,9,9,17,51,17:51,215.5,0.7,0.8,1.1,0.0
2026,9,9,17,53,17:52,215.6,0.8,1.3,1.8,0.0
2026,9,9,17,54,17:54,222.1,1.1,1.4,1.8,0.0
2026,9,9,17,57,17:56,224.4,0.9,1.1,1.4,0.0
2026,9,9,17,58,17:57,221.8,1.1,1.4,1.8,0.0
2026,9,9,17,59,17:58,213.8,1.2,1.4,1.5,0.0
2026,9,9,18,1,18:00,212.6,1.3,1.5,1.7,0.0
2026,9,9,18,3,18:02,212.7,1.4,1.6,1.7,0.0
2026,9,9,18,4,18:03,212.6,1.4,1.6,1.8,0.0
2026,9,9,18,6,18:06,212.6,1.3,1.4,1.6,0.0
2026,9,9,18,8,18:07,212.6,1.3,1.5,1.7,0.0
2026,9,9,18,9,18:09,212.7,1.1,1.3,1.4,0.0
2026,9,9,18,12,18:11,212.6,1.2,1.3,1.4,0.0
2026,9,9,18,13,18:12,212.7,0.9,1.2,1.4,0.0
2026,9,9,18,14,18:14,212.7,0.9,1.0,1.2,0.0
2026,9,9,18,17,18:16,212.7,1.0,1.2,1.3,0.0
2026,9,9,18,18,18:17,212.6,1.1,1.2,1.3,0.0
2026,9,9,18,19,18:19,212.6,0.9,1.2,1.5,0.0
2026,9,9,18,21,18:21,212.6,0.8,1.0,1.1,0.0
2026,9,9,18,23,18:22,233.2,0.9,1.2,1.4,0.0
2026,9,9,18,24,18:24,226.0,1.0,1.4,1.9,0.0
2026,9,9,18,27,18:26,237.8,1.0,1.4,1.7,0.0
2026,9,9,18,28,18:27,238.2,0.9,1.2,1.6,0.0
2026,9,9,18,29,18:29,252.5,0.8,1.1,1.7,0.0
2026,9,9,18,31,18:31,258.2,0.8,0.7,0.8,0.0
2026,9,9,18,33,18:32,244.9,0.4,0.9,1.5,0.0
2026,9,9,18,34,18:33,238.5,1.1,1.3,1.6,0.0
2026,9,9,18,37,18:36,243.4,1.0,1.3,1.7,0.0
2026,9,9,18,38,18:37,227.3,1.0,1.4,1.9,0.0
2026,9,9,18,39,18:38,237.7,1.4,1.9,2.5,0.0
2026,9,9,18,41,18:40,232.9,1.5,1.8,2.4,0.0
2026,9,9,18,43,18:42,229.3,1.0,1.9,2.1,0.0
2026,9,9,18,44,18:44,245.2,1.4,1.8,2.3,0.0
2026,9,9,18,47,18:46,227.5,1.4,1.7,2.1,0.0
2026,9,9,18,48,18:47,240.2,1.5,1.8,2.2,0.0
2026,9,9,18,49,18:49,231.8,1.8,2.1,2.5,0.0
2026,9,9,18,52,18:51,235.0,1.4,1.7,2.0,0.0
2026,9,9,18,53,18:52,238.1,1.2,1.6,2.0,0.0
2026,9,9,18,54,18:54,232.2,1.2,1.7,2.3,0.0
2026,9,9,18,57,18:56,244.0,1.2,1.5,1.9,0.0
2026,9,9,18,58,18:57,246.9,1.1,1.4,1.9,0.0
2026,9,9,18,59,18:59,246.9,0.7,1.0,1.5,0.0
2026,9,9,19,2,19:01,246.9,1.0,1.2,1.6,0.0
2026,9,9,19,3,19:02,246.9,0.8,1.2,1.5,0.0
2026,9,9,19,4,19:03,246.9,1.0,1.2,1.3,0.0
2026,9,9,19,6,19:06,246.8,0.5,0.7,1.0,0.0
2026,9,9,19,8,19:07,246.9,0.0,0.5,0.7,0.0
2026,9,9,19,9,19:08,246.9,0.8,1.2,1.6,0.0
2026,9,9,19,11,19:10,246.9,0.7,0.9,1.4,0.0
2026,9,9,19,13,19:12,246.9,0.8,1.2,1.8,0.0
2026,9,9,19,14,19:14,243.4,1.5,1.8,2.2,0.0
2026,9,9,19,17,19:16,238.6,1.0,1.5,2.0,0.0
2026,9,9,19,18,19:17,243.2,1.6,2.0,2.4,0.0
2026,9,9,19,19,19:18,229.9,1.3,2.0,2.9,0.0
2026,9,9,19,21,19:20,245.1,0.9,1.4,1.9,0.0
2026,9,9,19,23,19:22,251.6,1.1,1.4,1.7,0.0
2026,9,9,19,24,19:23,250.2,1.1,1.4,1.7,0.0
2026,9,9,19,26,19:26,239.7,1.4,1.6,1.9,0.0
2026,9,9,19,28,19:27,235.9,1.1,1.5,1.8,0.0
2026,9,9,19,29,19:29,228.0,1.3,1.5,1.7,0.0
2026,9,9,19,31,19:31,231.0,1.1,1.7,2.4,0.0
2026,9,9,19,33,19:32,236.2,1.6,1.8,1.9,0.0
2026,9,9,19,34,19:33,234.5,1.7,1.9,2.2,0.0
2026,9,9,19,36,19:35,235.8,1.1,1.4,1.7,0.0
2026,9,9,19,38,19:37,241.1,1.1,1.3,1.5,0.0
2026,9,9,19,39,19:39,237.9,1.1,1.4,1.6,0.0
2026,9,9,19,42,19:41,220.3,1.3,1.4,1.6,0.0
2026,9,9,19,43,19:42,220.2,1.1,1.3,1.4,0.0
2026,9,9,19,44,19:43,220.2,1.1,1.2,1.2,0.0
2026,9,9,19,46,19:45,220.2,1.0,1.2,1.3,0.0
2026,9,9,19,48,19:47,220.2,1.1,1.3,1.5,0.0
2026,9,9,19,49,19:49,220.2,1.1,1.2,1.4,0.0
2026,9,9,19,52,19:51,220.2,1.4,1.6,1.8,0.0
2026,9,9,19,53,19:52,220.2,1.5,1.5,1.7,0.0
2026,9,9,19,54,19:54,220.2,1.4,1.6,1.7,0.0
2026,9,9,19,56,19:55,220.2,1.5,1.6,1.7,0.0
2026,9,9,19,58,19:57,220.2,1.3,1.4,1.6,0.0
2026,9,9,19,59,19:58,220.2,1.3,1.6,1.9,0.0
2026,9,9,20,1,20:01,201.8,1.6,1.9,2.1,0.0
2026,9,9,20,3,20:02,201.8,1.6,1.9,2.0,0.0
2026,9,9,20,4,20:03,201.9,1.5,1.8,2.0,0.0
2026,9,9,20,6,20:06,201.9,1.7,1.8,2.0,0.0
2026,9,9,20,8,20:07,183.6,1.7,2.0,2.2,0.0
2026,9,9,20,9,20:09,183.6,1.7,2.0,2.2,0.0
2026,9,9,20,11,20:10,183.6,1.8,2.1,2.3,0.0
2026,9,9,20,13,20:12,183.6,1.7,2.1,2.3,0.0
2026,9,9,20,14,20:13,183.6,1.7,2.1,2.4,0.0
2026,9,9,20,16,20:16,183.6,1.7,2.0,2.2,0.0
2026,9,9,20,18,20:17,183.6,1.9,2.1,2.4,0.0
2026,9,9,20,19,20:19,173.1,2.0,2.3,2.6,0.0
2026,9,9,20,21,20:21,173.3,2.2,2.4,2.6,0.0
2026,9,9,20,23,20:22,177.2,2.0,2.2,2.5,0.0
2026,9,9,20,24,20:23,181.5,1.9,2.1,2.3,0.0
2026,9,9,20,27,20:26,177.5,2.3,2.5,2.7,0.0
2026,9,9,20,28,20:27,177.0,2.6,2.7,2.9,0.0
2026,9,9,20,29,20:29,180.3,2.4,2.7,2.9,0.0
2026,9,9,20,32,20:31,182.0,2.6,2.8,3.0,0.0
2026,9,9,20,33,20:32,180.7,2.3,2.7,3.1,0.0
2026,9,9,20,34,20:34,174.9,2.6,2.9,3.3,0.0
2026,9,9,20,36,20:36,177.1,2.6,3.0,3.4,0.0
2026,9,9,20,38,20:37,175.9,2.6,3.0,3.4,0.0
2026,9,9,20,39,20:39,175.3,2.6,3.0,3.3,0.0
2026,9,9,20,42,20:41,178.9,2.5,2.8,3.1,0.0
2026,9,9,20,43,20:42,181.2,2.5,3.1,3.4,0.0
2026,9,9,20,44,20:43,182.0,2.8,3.2,3.5,0.0
2026,9,9,20,46,20:45,183.5,3.1,3.5,4.0,0.0
2026,9,9,20,48,20:47,182.9,3.2,3.5,3.9,0.0
2026,9,9,20,49,20:48,188.6,3.3,3.7,4.3,0.0
2026,9,9,20,51,20:50,189.1,3.1,3.4,3.8,0.0
2026,9,9,20,53,20:52,191.9,3.0,3.4,3.8,0.0
2026,9,9,20,54,20:53,192.5,2.9,3.3,3.7,0.0
2026,9,9,20,57,20:56,198.9,2.6,3.2,3.9,0.0
2026,9,9,20,58,20:57,190.7,3.0,3.5,3.9,0.0
2026,9,9,20,59,20:59,189.7,2.6,3.2,3.6,0.0
2026,9,9,21,2,21:01,187.2,2.9,3.2,3.7,0.0
2026,9,9,21,3,21:02,191.1,3.0,3.5,3.8,0.0
2026,9,9,21,4,21:03,188.6,3.1,3.4,3.7,0.0
2026,9,9,21,6,21:06,191.9,2.9,3.2,3.5,0.0
2026,9,9,21,8,21:07,194.8,2.5,3.1,3.6,0.0
2026,9,9,21,9,21:08,195.6,2.6,2.9,3.2,0.0
2026,9,9,21,11,21:10,197.4,2.4,2.8,3.1,0.0
2026,9,9,21,13,21:12,198.5,2.3,2.9,3.4,0.0
2026,9,9,21,14,21:14,193.6,2.4,2.8,3.1,0.0
2026,9,9,21,16,21:16,190.5,2.9,3.2,3.7,0.0
2026,9,9,21,18,21:17,189.7,3.1,3.6,3.9,0.0
2026,9,9,21,19,21:19,190.5,3.0,3.5,3.9,0.0
2026,9,9,21,21,21:21,187.7,3.2,3.7,4.1,0.0
2026,9,9,21,23,21:22,188.7,3.4,3.9,4.4,0.0
2026,9,9,21,24,21:24,190.2,3.3,3.6,4.1,0.0
2026,9,9,21,27,21:26,193.7,3.1,3.6,4.2,0.0
2026,9,9,21,28,21:27,191.7,3.5,3.9,4.4,0.0
2026,9,9,21,29,21:29,194.1,3.6,3.9,4.1,0.0
2026,9,9,21,31,21:31,194.5,3.9,4.2,4.5,0.0
2026,9,9,21,33,21:32,197.9,3.6,4.0,4.3,0.0
2026,9,9,21,34,21:33,194.6,3.3,3.7,4.2,0.0
2026,9,9,21,36,21:36,195.9,3.5,4.0,4.2,0.0
2026,9,9,21,38,21:37,199.3,3.4,3.9,4.4,0.0
2026,9,9,21,39,21:39,194.5,3.3,4.0,4.4,0.0
2026,9,9,21,42,21:41,191.3,3.7,4.3,4.9,0.0
2026,9,9,21,43,21:42,194.7,3.6,3.9,4.4,0.0
2026,9,9,21,44,21:44,196.0,3.4,4.1,4.7,0.0
2026,9,9,21,46,21:46,192.1,3.4,4.1,4.7,0.0
2026,9,9,21,48,21:47,192.6,3.4,4.0,4.6,0.0
2026,9,9,21,49,21:49,198.3,3.2,3.6,4.0,0.0
2026,9,9,21,52,21:51,195.6,3.4,3.7,4.2,0.0
2026,9,9,21,53,21:52,195.7,3.3,3.8,4.3,0.0
2026,9,9,21,54,21:54,196.8,3.7,4.1,4.5,0.0
2026,9,9,21,56,21:56,196.3,3.7,4.2,4.5,0.0
2026,9,9,21,58,21:57,204.2,3.8,4.1,4.8,0.0
2026,9,9,21,59,21:59,199.9,3.5,3.9,4.2,0.0
2026,9,9,22,1,22:01,191.3,3.3,3.8,4.2,0.0
2026,9,9,22,3,22:02,191.4,3.2,3.8,4.4,0.0
2026,9,9,22,4,22:03,191.4,3.1,3.6,4.1,0.0
2026,9,9,22,6,22:05,193.1,3.5,3.9,4.2,0.0
2026,9,9,22,8,22:07,190.0,3.6,4.0,4.4,0.0
2026,9,9,22,9,22:09,191.8,3.2,4.0,4.8,0.0
2026,9,9,22,12,22:11,196.8,3.4,3.9,4.3,0.0
2026,9,9,22,13,22:12,200.1,3.9,4.5,5.1,0.0
2026,9,9,22,14,22:13,201.7,3.5,4.2,4.6,0.0
2026,9,9,22,16,22:15,194.6,3.2,4.2,5.0,0.0
2026,9,9,22,18,22:17,194.6,4.0,4.5,5.0,0.0
2026,9,9,22,19,22:19,196.7,3.9,4.7,5.5,0.0
2026,9,9,22,22,22:21,195.3,3.7,4.5,5.2,0.0
2026,9,9,22,23,22:22,194.9,3.7,4.6,5.2,0.0
2026,9,9,22,24,22:24,198.2,3.8,4.7,5.3,0.0
2026,9,9,22,26,22:26,196.3,3.4,4.4,5.1,0.0
2026,9,9,22,28,22:27,195.4,3.4,4.2,4.9,0.0
2026,9,9,22,29,22:28,187.1,3.8,4.3,4.7,0.0
2026,9,9,22,32,22:31,183.4,3.4,4.0,4.5,0.0
2026,9,9,22,33,22:32,184.7,3.8,4.4,4.8,0.0
2026,9,9,22,34,22:33,186.2,3.7,4.5,5.0,0.0
2026,9,9,22,37,22:36,194.0,4.2,4.8,5.3,0.0
2026,9,9,22,38,22:37,195.2,4.4,4.9,5.4,0.0
2026,9,9,22,39,22:38,197.3,4.4,5.2,6.1,0.0
2026,9,9,22,41,22:40,192.5,4.7,5.5,6.0,0.0
2026,9,9,22,43,22:42,194.8,4.5,5.1,5.8,0.0
2026,9,9,22,44,22:44,198.0,4.5,5.0,5.6,0.0
2026,9,9,22,46,22:46,201.4,4.2,4.8,5.3,0.0
2026,9,9,22,48,22:47,199.6,4.1,5.0,5.7,0.0
2026,9,9,22,49,22:49,205.6,3.9,4.7,5.4,0.0
2026,9,9,22,51,22:50,206.5,4.2,4.6,5.1,0.0
2026,9,9,22,53,22:52,206.6,3.9,4.4,5.1,0.0
2026,9,9,22,54,22:53,207.4,3.8,4.3,4.9,0.0
2026,9,9,22,57,22:56,212.4,3.8,4.0,4.3,0.0
2026,9,9,22,58,22:57,210.0,3.4,4.1,4.7,0.0
2026,9,9,22,59,22:58,209.7,3.6,4.3,4.9,0.0
2026,9,9,23,1,23:01,206.4,3.1,3.7,4.2,0.0
2026,9,9,23,3,23:02,207.0,3.1,3.7,4.3,0.0
2026,9,9,23,4,23:03,212.2,3.5,3.9,4.4,0.0
2026,9,9,23,6,23:06,219.1,2.9,4.2,4.8,0.0
2026,9,9,23,8,23:07,214.4,3.3,4.0,4.7,0.0
2026,9,9,23,9,23:09,215.5,3.7,4.2,4.6,0.0
2026,9,9,23,11,23:11,212.4,3.8,4.5,4.9,0.0
2026,9,9,23,13,23:12,214.2,3.9,4.6,5.1,0.0
2026,9,9,23,14,23:14,210.0,3.6,4.1,4.6,0.0
2026,9,9,23,17,23:16,210.1,2.9,3.9,4.5,0.0
2026,9,9,23,18,23:17,207.9,3.8,4.1,4.6,0.0
2026,9,9,23,19,23:19,212.1,3.8,4.3,4.6,0.0
2026,9,9,23,21,23:21,214.3,3.1,3.8,4.5,0.0
2026,9,9,23,23,23:22,214.9,2.9,3.7,4.3,0.0
2026,9,9,23,24,23:23,213.2,3.5,3.8,4.4,0.0
2026,9,9,23,26,23:25,214.3,3.6,4.3,4.9,0.0
2026,9,9,23,28,23:27,214.1,3.6,4.2,4.9,0.0
2026,9,9,23,29,23:28,218.3,3.1,3.5,4.2,0.0
2026,9,9,23,31,23:30,223.4,2.4,3.1,3.7,0.0
2026,9,9,23,33,23:32,219.9,2.7,3.8,4.8,0.0
2026,9,9,23,34,23:34,218.0,2.6,3.5,4.1,0.0
2026,9,9,23,37,23:36,216.2,2.8,3.6,4.3,0.0
2026,9,9,23,38,23:37,224.8,2.6,3.3,4.3,0.0
2026,9,9,23,39,23:39,216.8,2.7,3.1,3.5,0.0
2026,9,9,23,42,23:41,214.4,2.3,2.9,3.5,0.0
2026,9,9,23,43,23:42,222.0,2.1,2.7,3.1,0.0
2026,9,9,23,44,23:44,219.5,2.0,2.9,3.6,0.0
2026,9,9,23,47,23:46,224.9,2.3,2.8,3.4,0.0
2026,9,9,23,48,23:47,225.4,2.3,3.1,3.6,0.0
2026,9,9,23,49,23:49,221.7,2.4,2.8,3.4,0.0
2026,9,9,23,52,23:51,228.2,2.1,2.6,3.1,0.0
2026,9,9,23,53,23:52,220.0,2.2,2.7,3.4,0.0
2026,9,9,23,54,23:53,223.1,2.4,2.9,3.4,0.0
2026,9,9,23,57,23:56,221.5,2.0,2.6,3.4,0.0
2026,9,9,23,58,23:57,223.6,1.7,2.5,3.3,0.0
2026,9,9,23,59,23:59,219.5,2.4,2.8,3.3,0.0
