# Helsinki Laru (dlarah.org Lauttasaari) 2026-09-08 Suomen aikaa — lähteen Laru_2026-251.txt sellaisenaan
# vuosi kk pv kirjoitus-h kirjoitus-min hh:mm suunta min ka max lämpötila (asemalla ei mittaria)
2026,9,8,0,1,00:01,224.4,4.1,5.9,7.2,0.0
2026,9,8,0,3,00:02,220.4,4.3,5.9,7.1,0.0
2026,9,8,0,4,00:04,220.1,4.7,6.0,7.0,0.0
2026,9,8,0,6,00:06,218.0,4.8,5.8,6.7,0.0
2026,9,8,0,8,00:07,223.4,4.6,5.9,7.2,0.0
2026,9,8,0,9,00:09,221.8,4.3,6.3,8.4,0.0
2026,9,8,0,11,00:11,216.2,4.9,6.2,7.3,0.0
2026,9,8,0,13,00:12,217.1,5.3,6.4,7.7,0.0
2026,9,8,0,14,00:13,217.9,4.8,5.6,6.2,0.0
2026,9,8,0,16,00:16,213.7,4.6,5.4,6.7,0.0
2026,9,8,0,18,00:17,209.5,4.8,5.3,6.3,0.0
2026,9,8,0,19,00:19,205.9,4.1,4.9,5.9,0.0
2026,9,8,0,21,00:21,218.7,4.7,5.5,6.8,0.0
2026,9,8,0,23,00:22,211.2,4.3,5.2,6.0,0.0
2026,9,8,0,24,00:24,207.1,4.4,5.5,6.6,0.0
2026,9,8,0,26,00:26,210.4,5.5,6.6,8.5,0.0
2026,9,8,0,28,00:27,207.7,4.9,6.2,8.0,0.0
2026,9,8,0,29,00:28,207.7,4.8,5.7,6.6,0.0
2026,9,8,0,31,00:31,204.4,5.6,6.3,7.3,0.0
2026,9,8,0,33,00:32,209.1,5.2,6.5,8.3,0.0
2026,9,8,0,34,00:34,210.8,5.4,6.8,7.8,0.0
2026,9,8,0,36,00:36,214.7,4.7,5.9,6.9,0.0
2026,9,8,0,38,00:37,213.6,5.1,5.8,6.6,0.0
2026,9,8,0,39,00:39,217.3,4.2,5.0,5.9,0.0
2026,9,8,0,41,00:41,215.5,4.3,5.0,5.8,0.0
2026,9,8,0,43,00:43,220.4,4.3,5.0,5.9,0.0
2026,9,8,0,44,00:44,214.5,4.6,5.1,5.9,0.0
2026,9,8,0,47,00:46,218.5,4.3,5.2,5.9,0.0
2026,9,8,0,48,00:47,219.1,4.0,4.8,5.6,0.0
2026,9,8,0,49,00:49,216.7,3.0,3.9,4.9,0.0
2026,9,8,0,51,00:51,217.3,3.1,4.1,4.8,0.0
2026,9,8,0,53,00:52,211.6,3.9,4.5,5.1,0.0
2026,9,8,0,54,00:54,210.3,3.7,4.6,5.5,0.0
2026,9,8,0,56,00:56,207.3,4.5,5.3,6.2,0.0
2026,9,8,0,58,00:57,209.6,4.4,5.7,7.2,0.0
2026,9,8,0,59,00:59,212.8,5.4,6.0,6.7,0.0
2026,9,8,1,1,01:01,216.7,3.8,5.0,5.6,0.0
2026,9,8,1,3,01:02,212.4,3.5,4.4,5.1,0.0
2026,9,8,1,4,01:04,219.0,3.6,4.9,5.7,0.0
2026,9,8,1,7,01:06,209.0,3.6,4.4,4.9,0.0
2026,9,8,1,8,01:07,205.2,4.4,5.4,6.6,0.0
2026,9,8,1,9,01:09,215.7,4.1,5.3,6.8,0.0
2026,9,8,1,11,01:11,216.6,4.5,5.2,6.1,0.0
2026,9,8,1,13,01:12,213.9,4.2,4.9,5.7,0.0
2026,9,8,1,14,01:14,211.1,4.6,5.8,6.7,0.0
2026,9,8,1,17,01:16,210.6,4.9,5.9,6.8,0.0
2026,9,8,1,18,01:17,211.6,4.8,5.6,6.6,0.0
2026,9,8,1,19,01:19,214.0,5.6,7.0,8.0,0.0
2026,9,8,1,21,01:21,209.9,5.6,6.7,8.4,0.0
2026,9,8,1,23,01:22,218.8,5.0,7.1,8.5,0.0
2026,9,8,1,24,01:24,208.1,5.9,7.2,9.4,0.0
2026,9,8,1,27,01:26,212.7,5.4,6.7,7.8,0.0
2026,9,8,1,28,01:27,205.2,5.5,6.6,8.0,0.0
2026,9,8,1,29,01:29,206.6,5.5,6.8,7.7,0.0
2026,9,8,1,31,01:31,209.3,6.2,7.3,8.6,0.0
2026,9,8,1,33,01:32,205.4,6.1,6.8,7.5,0.0
2026,9,8,1,34,01:33,205.2,5.7,6.8,8.3,0.0
2026,9,8,1,36,01:36,205.1,5.5,6.5,7.4,0.0
2026,9,8,1,38,01:37,206.1,5.5,7.0,8.2,0.0
2026,9,8,1,39,01:39,201.8,5.5,6.5,7.4,0.0
2026,9,8,1,42,01:41,198.0,5.4,6.6,7.6,0.0
2026,9,8,1,43,01:42,209.4,6.1,7.4,8.8,0.0
2026,9,8,1,44,01:44,205.7,6.0,7.1,8.6,0.0
2026,9,8,1,46,01:45,206.3,5.9,7.2,8.5,0.0
2026,9,8,1,48,01:47,205.4,6.0,7.5,9.4,0.0
2026,9,8,1,49,01:48,201.5,6.5,7.8,9.0,0.0
2026,9,8,1,51,01:50,199.7,6.9,8.6,9.9,0.0
2026,9,8,1,53,01:52,202.4,7.5,8.5,9.5,0.0
2026,9,8,1,54,01:54,206.1,6.6,7.5,8.8,0.0
2026,9,8,1,56,01:55,201.4,6.0,7.3,9.1,0.0
2026,9,8,1,58,01:57,201.7,6.8,8.1,9.3,0.0
2026,9,8,1,59,01:58,199.8,6.5,8.1,9.5,0.0
2026,9,8,2,1,02:00,208.4,7.6,9.0,10.1,0.0
2026,9,8,2,3,02:03,197.9,6.7,9.0,10.4,0.0
2026,9,8,2,4,02:03,197.9,6.7,9.0,10.4,0.0
2026,9,8,2,6,02:06,197.6,7.2,8.4,9.7,0.0
2026,9,8,2,8,02:07,198.0,7.7,9.0,10.1,0.0
2026,9,8,2,9,02:08,190.7,7.3,8.2,9.1,0.0
2026,9,8,2,11,02:11,192.5,6.6,8.0,9.4,0.0
2026,9,8,2,13,02:12,199.6,7.4,8.5,9.7,0.0
2026,9,8,2,14,02:14,196.2,7.2,8.5,9.9,0.0
2026,9,8,2,17,02:16,194.3,6.8,8.9,10.3,0.0
2026,9,8,2,18,02:17,195.0,7.2,8.5,10.0,0.0
2026,9,8,2,19,02:19,196.3,7.1,8.5,9.5,0.0
2026,9,8,2,21,02:21,199.2,7.3,8.5,10.0,0.0
2026,9,8,2,23,02:22,197.8,7.1,8.8,9.7,0.0
2026,9,8,2,24,02:24,199.5,6.9,8.4,10.1,0.0
2026,9,8,2,27,02:26,204.4,6.6,7.3,8.5,0.0
2026,9,8,2,28,02:27,203.3,6.2,7.3,8.2,0.0
2026,9,8,2,29,02:29,198.4,5.1,6.4,8.1,0.0
2026,9,8,2,32,02:31,194.3,6.7,7.8,8.8,0.0
2026,9,8,2,33,02:32,197.3,6.8,8.0,8.8,0.0
2026,9,8,2,34,02:33,199.5,6.5,8.1,9.8,0.0
2026,9,8,2,37,02:36,198.7,6.5,7.7,8.9,0.0
2026,9,8,2,38,02:37,197.2,6.5,7.8,8.9,0.0
2026,9,8,2,39,02:39,199.1,5.9,7.4,8.9,0.0
2026,9,8,2,41,02:41,194.7,6.3,7.5,8.4,0.0
2026,9,8,2,43,02:42,193.9,6.1,7.9,9.2,0.0
2026,9,8,2,44,02:44,195.4,5.8,7.1,8.5,0.0
2026,9,8,2,46,02:45,195.0,6.6,7.9,9.0,0.0
2026,9,8,2,48,02:47,195.1,6.5,7.7,9.1,0.0
2026,9,8,2,49,02:48,196.0,6.6,7.6,8.3,0.0
2026,9,8,2,51,02:50,195.0,6.5,7.8,8.9,0.0
2026,9,8,2,53,02:52,197.6,6.4,7.6,9.2,0.0
2026,9,8,2,54,02:54,196.4,5.9,7.2,8.1,0.0
2026,9,8,2,56,02:55,196.0,6.3,7.5,8.9,0.0
2026,9,8,2,58,02:57,196.1,6.0,7.3,8.3,0.0
2026,9,8,2,59,02:58,198.1,6.3,7.4,8.4,0.0
2026,9,8,3,1,03:00,195.3,6.2,7.2,8.1,0.0
2026,9,8,3,3,03:02,193.7,6.5,7.4,9.1,0.0
2026,9,8,3,4,03:04,194.6,6.2,7.5,8.7,0.0
2026,9,8,3,6,03:06,198.7,6.1,6.8,7.5,0.0
2026,9,8,3,8,03:08,195.6,6.2,7.2,8.3,0.0
2026,9,8,3,9,03:09,200.0,6.6,7.5,8.7,0.0
2026,9,8,3,11,03:11,201.4,6.1,7.4,8.9,0.0
2026,9,8,3,13,03:12,200.0,5.7,7.5,8.9,0.0
2026,9,8,3,14,03:14,200.9,5.7,6.8,8.0,0.0
2026,9,8,3,16,03:16,200.3,5.7,7.0,8.0,0.0
2026,9,8,3,18,03:17,200.0,6.4,7.6,8.5,0.0
2026,9,8,3,19,03:18,204.7,6.5,7.9,9.8,0.0
2026,9,8,3,21,03:21,199.5,5.8,7.1,8.4,0.0
2026,9,8,3,23,03:22,198.3,6.8,7.7,8.5,0.0
2026,9,8,3,24,03:23,201.4,6.8,7.8,9.6,0.0
2026,9,8,3,26,03:26,199.4,6.3,8.0,9.1,0.0
2026,9,8,3,28,03:27,203.0,6.9,8.0,8.8,0.0
2026,9,8,3,29,03:29,203.5,6.3,7.4,9.1,0.0
2026,9,8,3,31,03:31,200.3,6.6,7.7,8.8,0.0
2026,9,8,3,33,03:32,197.5,6.2,7.5,8.8,0.0
2026,9,8,3,34,03:34,196.9,6.4,7.7,9.1,0.0
2026,9,8,3,37,03:36,201.6,6.3,7.4,8.5,0.0
2026,9,8,3,38,03:37,204.5,6.5,7.9,9.0,0.0
2026,9,8,3,39,03:39,201.6,7.0,8.3,9.5,0.0
2026,9,8,3,42,03:41,200.5,7.2,8.3,9.5,0.0
2026,9,8,3,43,03:42,200.9,6.0,7.7,8.5,0.0
2026,9,8,3,44,03:43,197.7,6.3,7.7,9.1,0.0
2026,9,8,3,46,03:45,201.5,6.8,8.0,8.8,0.0
2026,9,8,3,48,03:47,198.2,6.9,8.1,9.3,0.0
2026,9,8,3,49,03:48,200.1,7.4,8.4,9.8,0.0
2026,9,8,3,51,03:50,200.1,6.7,8.2,9.4,0.0
2026,9,8,3,53,03:52,195.1,6.8,7.6,8.5,0.0
2026,9,8,3,54,03:54,199.6,7.2,8.3,10.0,0.0
2026,9,8,3,57,03:56,200.6,6.8,7.8,9.0,0.0
2026,9,8,3,58,03:57,198.1,7.1,8.6,10.7,0.0
2026,9,8,3,59,03:59,200.4,7.3,9.1,10.9,0.0
2026,9,8,4,2,04:01,200.5,6.8,8.9,11.0,0.0
2026,9,8,4,3,04:02,200.9,7.7,9.0,10.5,0.0
2026,9,8,4,4,04:04,201.4,7.8,8.9,10.2,0.0
2026,9,8,4,7,04:06,205.8,6.4,8.0,9.7,0.0
2026,9,8,4,8,04:07,200.4,6.8,8.2,9.8,0.0
2026,9,8,4,9,04:08,200.5,6.9,8.5,10.1,0.0
2026,9,8,4,11,04:11,197.5,6.8,8.1,9.3,0.0
2026,9,8,4,13,04:12,199.7,6.5,7.5,8.6,0.0
2026,9,8,4,14,04:14,194.3,6.4,8.0,9.9,0.0
2026,9,8,4,16,04:16,197.1,6.8,8.3,9.8,0.0
2026,9,8,4,18,04:17,192.4,7.2,8.5,9.6,0.0
2026,9,8,4,19,04:19,190.0,6.8,8.3,9.7,0.0
2026,9,8,4,21,04:21,187.0,6.5,7.5,8.7,0.0
2026,9,8,4,23,04:22,192.8,7.3,8.4,9.2,0.0
2026,9,8,4,24,04:23,184.3,7.5,8.8,10.7,0.0
2026,9,8,4,26,04:26,190.5,7.3,8.5,10.2,0.0
2026,9,8,4,28,04:27,195.2,7.2,8.6,9.9,0.0
2026,9,8,4,29,04:29,191.2,8.3,9.3,11.0,0.0
2026,9,8,4,32,04:31,188.0,7.5,9.0,10.3,0.0
2026,9,8,4,33,04:32,199.5,7.7,9.1,10.1,0.0
2026,9,8,4,34,04:34,194.9,7.5,8.8,9.8,0.0
2026,9,8,4,36,04:36,190.7,6.0,7.6,8.8,0.0
2026,9,8,4,38,04:37,193.7,6.7,8.6,10.2,0.0
2026,9,8,4,39,04:39,192.8,7.4,9.0,10.5,0.0
2026,9,8,4,41,04:41,191.6,7.2,8.5,9.5,0.0
2026,9,8,4,43,04:42,190.6,7.3,8.6,9.9,0.0
2026,9,8,4,44,04:44,192.7,7.4,8.8,10.1,0.0
2026,9,8,4,47,04:46,193.6,7.1,9.2,10.5,0.0
2026,9,8,4,48,04:47,191.5,7.7,9.2,11.4,0.0
2026,9,8,4,49,04:49,188.9,7.9,9.4,11.4,0.0
2026,9,8,4,51,04:51,194.1,7.3,9.1,11.0,0.0
2026,9,8,4,53,04:52,190.1,7.8,9.1,10.3,0.0
2026,9,8,4,54,04:54,191.8,7.4,8.6,10.1,0.0
2026,9,8,4,56,04:55,198.3,8.1,9.4,10.3,0.0
2026,9,8,4,58,04:57,193.2,8.9,10.0,11.7,0.0
2026,9,8,4,59,04:59,192.3,7.8,9.8,11.0,0.0
2026,9,8,5,2,05:01,188.8,8.0,10.1,12.6,0.0
2026,9,8,5,3,05:02,194.6,7.4,9.4,10.5,0.0
2026,9,8,5,4,05:04,195.2,7.0,8.5,10.0,0.0
2026,9,8,5,6,05:06,193.7,8.3,10.2,11.5,0.0
2026,9,8,5,8,05:07,192.6,7.3,9.5,11.4,0.0
2026,9,8,5,9,05:08,195.5,8.5,9.8,11.4,0.0
2026,9,8,5,11,05:11,195.4,8.9,10.2,11.6,0.0
2026,9,8,5,13,05:12,196.5,8.7,10.3,12.5,0.0
2026,9,8,5,14,05:14,198.6,8.7,10.2,12.2,0.0
2026,9,8,5,16,05:15,196.5,9.1,10.2,11.2,0.0
2026,9,8,5,18,05:17,196.8,7.8,9.5,11.0,0.0
2026,9,8,5,19,05:18,195.1,7.7,10.0,12.3,0.0
2026,9,8,5,21,05:21,196.4,8.5,10.4,12.3,0.0
2026,9,8,5,23,05:22,194.5,8.8,10.0,11.2,0.0
2026,9,8,5,24,05:24,197.2,7.5,9.2,10.8,0.0
2026,9,8,5,27,05:26,202.4,7.9,10.0,12.0,0.0
2026,9,8,5,28,05:27,194.5,7.8,10.1,11.9,0.0
2026,9,8,5,29,05:29,192.2,7.4,9.8,11.9,0.0
2026,9,8,5,31,05:31,194.3,8.0,9.9,12.2,0.0
2026,9,8,5,33,05:32,196.2,7.5,9.8,11.7,0.0
2026,9,8,5,34,05:34,196.4,8.3,10.5,12.5,0.0
2026,9,8,5,37,05:36,197.2,7.3,9.1,10.7,0.0
2026,9,8,5,38,05:38,197.1,8.2,9.2,10.4,0.0
2026,9,8,5,39,05:38,197.1,8.2,9.2,10.4,0.0
2026,9,8,5,41,05:40,193.0,8.5,10.5,12.2,0.0
2026,9,8,5,43,05:43,197.6,8.0,9.2,10.8,0.0
2026,9,8,5,44,05:44,197.9,8.5,9.8,11.4,0.0
2026,9,8,5,46,05:46,197.3,8.3,9.5,10.5,0.0
2026,9,8,5,48,05:47,201.3,8.5,9.8,11.0,0.0
2026,9,8,5,49,05:49,197.2,8.0,9.3,10.9,0.0
2026,9,8,5,52,05:51,194.0,8.4,9.5,10.9,0.0
2026,9,8,5,53,05:52,199.0,7.7,9.7,11.9,0.0
2026,9,8,5,54,05:54,197.9,8.1,9.3,10.7,0.0
2026,9,8,5,56,05:56,189.2,8.6,10.1,12.6,0.0
2026,9,8,5,58,05:57,190.3,7.9,10.3,12.8,0.0
2026,9,8,5,59,05:59,197.6,9.1,11.0,12.9,0.0
2026,9,8,6,1,05:59,197.6,9.1,11.0,12.9,0.0
2026,9,8,6,3,06:02,196.1,7.5,9.1,10.8,0.0
2026,9,8,6,4,06:04,197.9,8.3,9.8,11.7,0.0
2026,9,8,6,6,06:06,195.1,8.3,10.3,11.9,0.0
2026,9,8,6,8,06:07,196.2,8.0,9.6,11.5,0.0
2026,9,8,6,9,06:09,195.2,8.0,9.7,11.5,0.0
2026,9,8,6,11,06:10,199.4,7.8,9.6,10.7,0.0
2026,9,8,6,13,06:12,193.3,9.4,10.7,12.2,0.0
2026,9,8,6,14,06:14,192.2,7.8,9.2,10.9,0.0
2026,9,8,6,17,06:16,194.6,8.5,9.8,11.0,0.0
2026,9,8,6,18,06:17,198.2,8.1,10.0,11.2,0.0
2026,9,8,6,19,06:18,197.9,7.1,8.6,10.1,0.0
2026,9,8,6,21,06:21,195.0,8.1,9.7,11.1,0.0
2026,9,8,6,23,06:22,196.3,8.2,9.6,10.5,0.0
2026,9,8,6,24,06:24,192.6,7.4,9.4,10.9,0.0
2026,9,8,6,26,06:26,191.0,7.4,9.1,10.8,0.0
2026,9,8,6,28,06:27,185.1,7.8,9.0,10.3,0.0
2026,9,8,6,29,06:28,193.2,7.4,9.2,10.3,0.0
2026,9,8,6,31,06:31,189.9,7.8,9.8,11.0,0.0
2026,9,8,6,33,06:33,189.4,7.1,8.9,10.5,0.0
2026,9,8,6,34,06:34,190.8,7.1,8.8,9.8,0.0
2026,9,8,6,37,06:36,198.0,7.3,8.9,10.2,0.0
2026,9,8,6,38,06:37,192.8,8.2,9.7,11.1,0.0
2026,9,8,6,39,06:39,192.5,7.7,8.8,9.9,0.0
2026,9,8,6,41,06:40,200.1,7.0,8.6,10.4,0.0
2026,9,8,6,43,06:42,198.5,6.9,8.3,9.5,0.0
2026,9,8,6,44,06:44,198.0,7.8,8.8,9.8,0.0
2026,9,8,6,47,06:46,196.1,6.5,8.1,9.6,0.0
2026,9,8,6,48,06:47,196.5,7.4,8.5,10.2,0.0
2026,9,8,6,49,06:49,202.0,6.3,7.7,9.1,0.0
2026,9,8,6,51,06:51,200.9,6.4,7.8,9.0,0.0
2026,9,8,6,53,06:52,193.8,7.1,8.4,9.6,0.0
2026,9,8,6,54,06:54,202.6,6.9,8.8,9.8,0.0
2026,9,8,6,57,06:56,204.2,6.3,8.1,9.4,0.0
2026,9,8,6,58,06:57,203.4,6.9,8.5,9.7,0.0
2026,9,8,6,59,06:59,199.8,6.2,7.7,8.6,0.0
2026,9,8,7,1,07:01,201.7,6.2,7.7,8.9,0.0
2026,9,8,7,3,07:02,201.7,5.7,7.4,8.5,0.0
2026,9,8,7,4,07:04,199.3,6.2,8.1,9.7,0.0
2026,9,8,7,6,07:05,198.0,7.1,8.3,9.2,0.0
2026,9,8,7,8,07:07,197.1,6.8,8.1,9.7,0.0
2026,9,8,7,9,07:08,198.9,6.9,8.5,10.0,0.0
2026,9,8,7,11,07:11,193.4,6.2,7.8,8.8,0.0
2026,9,8,7,13,07:12,191.4,6.5,7.9,9.8,0.0
2026,9,8,7,14,07:14,197.1,7.2,8.1,9.7,0.0
2026,9,8,7,17,07:16,198.3,7.2,8.3,9.1,0.0
2026,9,8,7,18,07:17,199.9,6.8,8.1,9.9,0.0
2026,9,8,7,19,07:18,200.7,6.4,7.5,8.8,0.0
2026,9,8,7,21,07:20,204.2,5.2,6.4,7.4,0.0
2026,9,8,7,23,07:22,202.5,5.6,6.5,7.1,0.0
2026,9,8,7,24,07:24,202.5,6.1,7.3,8.6,0.0
2026,9,8,7,26,07:26,204.4,5.0,6.5,7.5,0.0
2026,9,8,7,28,07:27,199.2,5.5,6.5,7.1,0.0
2026,9,8,7,29,07:29,199.0,4.6,6.1,7.0,0.0
2026,9,8,7,32,07:31,194.0,5.0,5.8,7.4,0.0
2026,9,8,7,33,07:32,197.4,5.7,7.1,8.1,0.0
2026,9,8,7,34,07:34,197.3,6.8,7.7,9.1,0.0
2026,9,8,7,37,07:36,193.0,7.2,8.6,9.9,0.0
2026,9,8,7,38,07:37,198.9,6.9,8.0,9.7,0.0
2026,9,8,7,39,07:39,187.8,6.8,8.4,9.8,0.0
2026,9,8,7,41,07:41,193.2,7.1,8.1,9.1,0.0
2026,9,8,7,43,07:42,193.2,7.6,8.8,9.9,0.0
2026,9,8,7,44,07:44,190.8,6.9,8.3,10.0,0.0
2026,9,8,7,47,07:46,188.0,7.5,9.5,10.7,0.0
2026,9,8,7,48,07:47,188.3,8.1,9.6,11.4,0.0
2026,9,8,7,49,07:49,185.9,7.9,9.9,12.3,0.0
2026,9,8,7,51,07:51,189.1,7.4,9.3,10.7,0.0
2026,9,8,7,53,07:52,183.4,7.7,9.5,11.1,0.0
2026,9,8,7,54,07:54,188.1,7.4,9.2,10.7,0.0
2026,9,8,7,56,07:55,189.1,8.1,9.5,10.9,0.0
2026,9,8,7,58,07:57,184.3,7.6,8.8,10.1,0.0
2026,9,8,7,59,07:58,181.0,6.9,8.8,10.8,0.0
2026,9,8,8,1,08:01,181.8,7.7,9.1,10.9,0.0
2026,9,8,8,3,08:02,181.5,7.6,9.1,10.2,0.0
2026,9,8,8,4,08:04,177.5,8.0,9.9,12.3,0.0
2026,9,8,8,6,08:05,177.8,8.1,9.8,11.7,0.0
2026,9,8,8,8,08:07,180.1,7.8,9.8,11.7,0.0
2026,9,8,8,9,08:08,183.4,8.0,9.1,11.0,0.0
2026,9,8,8,11,08:11,180.1,8.7,10.1,12.6,0.0
2026,9,8,8,13,08:12,179.1,8.1,9.8,11.6,0.0
2026,9,8,8,14,08:14,184.4,8.0,9.8,11.2,0.0
2026,9,8,8,16,08:15,181.2,7.8,9.2,10.8,0.0
2026,9,8,8,18,08:18,187.4,8.8,10.0,12.2,0.0
2026,9,8,8,19,08:19,183.0,8.8,9.9,11.7,0.0
2026,9,8,8,22,08:21,182.4,6.5,8.5,9.8,0.0
2026,9,8,8,23,08:22,184.3,6.6,7.9,9.1,0.0
2026,9,8,8,24,08:24,190.3,7.5,9.0,10.7,0.0
2026,9,8,8,27,08:26,183.4,7.2,8.3,9.8,0.0
2026,9,8,8,28,08:27,180.0,6.7,8.1,10.2,0.0
2026,9,8,8,29,08:28,178.6,7.4,8.6,9.9,0.0
2026,9,8,8,31,08:31,179.6,7.6,8.8,10.5,0.0
2026,9,8,8,33,08:32,175.6,7.1,8.6,10.3,0.0
2026,9,8,8,34,08:34,172.2,7.2,9.1,10.3,0.0
2026,9,8,8,36,08:36,184.2,7.4,9.1,10.1,0.0
2026,9,8,8,38,08:37,184.8,6.9,7.9,9.4,0.0
2026,9,8,8,39,08:38,183.5,7.5,8.7,9.8,0.0
2026,9,8,8,41,08:41,184.0,7.7,9.1,10.4,0.0
2026,9,8,8,43,08:42,182.5,8.3,9.8,11.2,0.0
2026,9,8,8,44,08:43,182.2,7.8,9.3,10.5,0.0
2026,9,8,8,46,08:45,177.9,7.4,8.5,10.4,0.0
2026,9,8,8,48,08:47,176.1,8.3,9.8,11.1,0.0
2026,9,8,8,49,08:48,184.7,8.1,9.8,11.1,0.0
2026,9,8,8,51,08:51,183.2,8.5,9.9,11.4,0.0
2026,9,8,8,53,08:52,186.5,8.6,9.8,11.0,0.0
2026,9,8,8,54,08:54,182.1,7.4,8.9,11.4,0.0
2026,9,8,8,57,08:56,184.6,7.8,9.1,9.9,0.0
2026,9,8,8,58,08:57,180.7,7.1,9.1,11.1,0.0
2026,9,8,8,59,08:59,180.7,8.1,9.3,10.2,0.0
2026,9,8,9,1,09:01,181.8,7.5,8.9,10.4,0.0
2026,9,8,9,3,09:02,184.5,7.8,8.8,10.4,0.0
2026,9,8,9,4,09:04,181.9,8.0,9.8,11.2,0.0
2026,9,8,9,6,09:06,181.5,7.9,9.4,10.5,0.0
2026,9,8,9,8,09:07,188.3,7.2,8.9,10.3,0.0
2026,9,8,9,9,09:09,183.3,7.4,9.1,10.1,0.0
2026,9,8,9,11,09:11,181.5,7.8,9.3,10.5,0.0
2026,9,8,9,13,09:12,188.9,8.3,9.7,11.2,0.0
2026,9,8,9,14,09:14,184.0,7.3,8.7,10.4,0.0
2026,9,8,9,17,09:16,183.4,7.9,9.5,11.7,0.0
2026,9,8,9,18,09:17,184.2,7.4,9.8,11.9,0.0
2026,9,8,9,19,09:19,186.8,8.1,9.4,11.1,0.0
2026,9,8,9,21,09:21,188.6,7.4,9.0,10.1,0.0
2026,9,8,9,23,09:22,186.2,7.3,8.5,9.5,0.0
2026,9,8,9,24,09:23,188.2,7.2,9.1,10.4,0.0
2026,9,8,9,26,09:25,194.9,7.4,8.9,10.0,0.0
2026,9,8,9,28,09:27,189.3,6.7,8.5,10.5,0.0
2026,9,8,9,29,09:28,187.2,8.4,9.4,11.4,0.0
2026,9,8,9,31,09:30,192.0,6.8,8.6,10.2,0.0
2026,9,8,9,33,09:32,191.7,6.9,8.2,9.9,0.0
2026,9,8,9,34,09:34,190.5,7.9,9.1,10.7,0.0
2026,9,8,9,37,09:36,189.8,6.5,8.1,9.8,0.0
2026,9,8,9,38,09:37,187.0,6.7,8.0,9.7,0.0
2026,9,8,9,39,09:39,190.9,6.3,8.3,9.8,0.0
2026,9,8,9,42,09:41,188.9,6.8,7.9,8.8,0.0
2026,9,8,9,43,09:42,179.1,7.0,8.0,9.5,0.0
2026,9,8,9,44,09:44,187.0,6.0,7.5,9.4,0.0
2026,9,8,9,46,09:45,189.2,6.7,8.0,9.3,0.0
2026,9,8,9,48,09:47,187.0,5.9,7.3,8.3,0.0
2026,9,8,9,49,09:49,192.2,7.0,8.0,9.1,0.0
2026,9,8,9,51,09:50,188.1,7.1,7.9,8.6,0.0
2026,9,8,9,53,09:52,184.4,6.4,7.3,8.2,0.0
2026,9,8,9,54,09:54,183.6,6.7,7.4,8.2,0.0
2026,9,8,9,56,09:56,182.5,5.3,6.8,8.2,0.0
2026,9,8,9,58,09:57,181.5,6.3,7.2,8.0,0.0
2026,9,8,9,59,09:58,186.4,6.5,7.6,9.1,0.0
2026,9,8,10,1,10:00,179.6,6.8,7.8,9.2,0.0
2026,9,8,10,3,10:02,183.1,6.5,7.4,8.5,0.0
2026,9,8,10,4,10:04,180.9,7.1,8.1,9.3,0.0
2026,9,8,10,6,10:06,180.5,6.5,7.6,9.2,0.0
2026,9,8,10,8,10:08,181.1,6.8,8.0,8.9,0.0
2026,9,8,10,9,10:09,183.9,6.7,8.0,9.8,0.0
2026,9,8,10,11,10:10,185.8,6.9,7.9,9.9,0.0
2026,9,8,10,13,10:12,184.1,7.0,8.2,9.8,0.0
2026,9,8,10,14,10:13,187.6,7.5,8.6,9.8,0.0
2026,9,8,10,16,10:15,185.0,7.0,8.4,9.6,0.0
2026,9,8,10,18,10:17,182.3,6.9,7.9,8.8,0.0
2026,9,8,10,19,10:19,182.8,6.4,8.0,9.9,0.0
2026,9,8,10,22,10:21,186.0,6.6,7.8,9.8,0.0
2026,9,8,10,23,10:23,187.5,7.5,8.5,9.9,0.0
2026,9,8,10,24,10:24,185.6,6.2,8.0,9.5,0.0
2026,9,8,10,27,10:26,187.0,6.5,8.1,9.2,0.0
2026,9,8,10,28,10:27,182.2,6.6,7.5,9.1,0.0
2026,9,8,10,29,10:29,184.5,6.4,7.5,8.3,0.0
2026,9,8,10,32,10:31,178.0,5.7,6.9,8.0,0.0
2026,9,8,10,33,10:32,179.6,5.8,7.3,8.7,0.0
2026,9,8,10,34,10:33,180.4,6.8,7.7,8.5,0.0
2026,9,8,10,36,10:36,175.5,6.0,7.0,7.8,0.0
2026,9,8,10,38,10:37,179.7,6.6,7.3,7.8,0.0
2026,9,8,10,39,10:38,180.4,6.1,6.9,7.8,0.0
2026,9,8,10,41,10:40,170.0,6.2,7.2,7.9,0.0
2026,9,8,10,43,10:42,169.9,6.3,7.5,8.8,0.0
2026,9,8,10,44,10:44,176.0,6.5,7.5,8.8,0.0
2026,9,8,10,46,10:46,178.7,6.2,7.3,9.1,0.0
2026,9,8,10,48,10:47,174.6,6.6,7.6,9.1,0.0
2026,9,8,10,49,10:49,181.9,5.9,7.3,8.4,0.0
2026,9,8,10,51,10:51,186.4,7.1,8.8,10.3,0.0
2026,9,8,10,53,10:52,183.4,7.5,8.8,10.2,0.0
2026,9,8,10,54,10:54,193.9,7.4,9.0,10.4,0.0
2026,9,8,10,56,10:56,192.9,7.8,8.8,9.8,0.0
2026,9,8,10,58,10:57,187.9,7.2,8.5,10.1,0.0
2026,9,8,10,59,10:58,192.7,7.5,8.7,9.8,0.0
2026,9,8,11,1,11:00,192.1,6.8,8.0,9.1,0.0
2026,9,8,11,3,11:02,189.1,6.0,7.1,8.1,0.0
2026,9,8,11,4,11:04,192.7,6.6,7.6,8.8,0.0
2026,9,8,11,7,11:06,192.3,6.8,8.0,9.2,0.0
2026,9,8,11,8,11:07,193.1,6.6,7.8,8.5,0.0
2026,9,8,11,9,11:09,184.6,6.2,7.4,8.1,0.0
2026,9,8,11,11,11:11,181.0,6.3,7.4,8.3,0.0
2026,9,8,11,13,11:12,180.8,5.8,7.0,8.1,0.0
2026,9,8,11,14,11:14,189.6,6.5,7.5,8.6,0.0
2026,9,8,11,17,11:16,185.6,6.2,7.7,8.9,0.0
2026,9,8,11,18,11:17,184.4,6.3,7.3,8.3,0.0
2026,9,8,11,19,11:19,182.4,5.7,7.7,9.1,0.0
2026,9,8,11,21,11:21,181.9,6.1,7.3,9.1,0.0
2026,9,8,11,23,11:22,182.2,6.7,7.8,8.9,0.0
2026,9,8,11,24,11:23,186.1,6.9,7.8,8.9,0.0
2026,9,8,11,26,11:25,186.7,5.7,6.9,8.3,0.0
2026,9,8,11,28,11:27,188.7,6.0,7.3,8.7,0.0
2026,9,8,11,29,11:29,187.7,5.7,6.7,7.7,0.0
2026,9,8,11,31,11:31,187.7,5.6,6.6,7.8,0.0
2026,9,8,11,33,11:32,186.1,5.5,6.5,7.5,0.0
2026,9,8,11,34,11:33,188.7,5.7,6.6,7.8,0.0
2026,9,8,11,36,11:36,189.0,6.2,7.3,8.6,0.0
2026,9,8,11,38,11:37,196.3,5.4,6.1,6.9,0.0
2026,9,8,11,39,11:39,190.6,5.2,6.2,6.8,0.0
2026,9,8,11,41,11:41,193.5,5.6,6.5,7.3,0.0
2026,9,8,11,43,11:42,194.2,5.1,6.0,6.9,0.0
2026,9,8,11,44,11:44,192.5,5.2,6.1,6.9,0.0
2026,9,8,11,47,11:46,193.0,5.1,5.9,6.8,0.0
2026,9,8,11,48,11:47,188.9,4.7,5.9,6.8,0.0
2026,9,8,11,49,11:48,186.8,5.6,6.4,7.3,0.0
2026,9,8,11,51,11:51,178.7,6.4,7.1,8.0,0.0
2026,9,8,11,53,11:52,176.6,6.4,7.2,7.9,0.0
2026,9,8,11,54,11:53,178.0,6.0,7.2,8.3,0.0
2026,9,8,11,56,11:56,174.0,5.9,6.9,7.7,0.0
2026,9,8,11,58,11:57,173.3,5.8,6.8,7.7,0.0
2026,9,8,11,59,11:58,176.1,5.9,7.0,8.0,0.0
2026,9,8,12,1,12:00,180.0,5.2,6.2,7.1,0.0
2026,9,8,12,3,12:02,186.6,5.2,6.3,7.4,0.0
2026,9,8,12,4,12:04,188.0,5.9,6.9,8.0,0.0
2026,9,8,12,7,12:06,184.2,5.6,7.1,8.2,0.0
2026,9,8,12,8,12:07,184.3,6.0,6.9,7.9,0.0
2026,9,8,12,9,12:09,187.9,6.2,7.6,8.8,0.0
2026,9,8,12,11,12:10,185.8,6.8,7.7,8.6,0.0
2026,9,8,12,13,12:12,185.3,6.4,7.3,8.0,0.0
2026,9,8,12,14,12:14,184.4,6.4,7.4,8.3,0.0
2026,9,8,12,16,12:16,182.6,6.0,7.2,8.4,0.0
2026,9,8,12,18,12:17,185.7,6.0,6.9,7.8,0.0
2026,9,8,12,19,12:19,191.0,5.5,6.7,7.9,0.0
2026,9,8,12,21,12:21,185.8,5.5,6.8,8.5,0.0
2026,9,8,12,23,12:22,182.4,5.8,6.6,7.5,0.0
2026,9,8,12,24,12:24,189.0,5.6,6.9,8.4,0.0
2026,9,8,12,26,12:25,186.0,6.1,7.2,8.2,0.0
2026,9,8,12,28,12:27,183.1,6.7,7.7,8.6,0.0
2026,9,8,12,29,12:29,186.6,6.2,6.8,7.7,0.0
2026,9,8,12,32,12:31,185.2,6.7,7.9,9.6,0.0
2026,9,8,12,33,12:32,183.0,6.6,7.6,8.3,0.0
2026,9,8,12,34,12:34,186.6,6.4,7.6,8.7,0.0
2026,9,8,12,36,12:36,186.3,6.9,7.7,8.6,0.0
2026,9,8,12,38,12:37,185.2,6.0,7.0,8.0,0.0
2026,9,8,12,39,12:39,192.1,5.6,6.8,8.0,0.0
2026,9,8,12,42,12:41,188.3,6.5,7.5,9.1,0.0
2026,9,8,12,43,12:42,189.3,6.3,7.5,9.6,0.0
2026,9,8,12,44,12:44,184.4,6.4,7.4,8.8,0.0
2026,9,8,12,46,12:46,185.2,6.4,7.6,8.2,0.0
2026,9,8,12,48,12:47,186.2,5.5,6.6,7.7,0.0
2026,9,8,12,49,12:49,185.2,6.3,7.0,7.7,0.0
2026,9,8,12,51,12:51,189.0,5.5,6.6,7.4,0.0
2026,9,8,12,53,12:52,189.9,5.9,6.9,8.2,0.0
2026,9,8,12,54,12:54,194.3,5.9,7.0,8.5,0.0
2026,9,8,12,56,12:56,196.6,5.9,6.9,8.2,0.0
2026,9,8,12,58,12:57,196.5,6.2,7.5,8.5,0.0
2026,9,8,12,59,12:59,191.8,6.1,7.4,8.2,0.0
2026,9,8,13,1,13:01,188.4,6.3,7.2,8.2,0.0
2026,9,8,13,3,13:02,189.3,6.5,7.5,8.7,0.0
2026,9,8,13,4,13:03,181.3,5.6,6.9,7.8,0.0
2026,9,8,13,6,13:05,183.5,5.4,6.7,7.7,0.0
2026,9,8,13,8,13:08,177.9,6.0,6.6,7.2,0.0
2026,9,8,13,9,13:09,173.9,5.6,6.5,7.5,0.0
2026,9,8,13,11,13:11,173.5,5.6,6.9,8.0,0.0
2026,9,8,13,13,13:12,169.7,5.4,6.5,7.8,0.0
2026,9,8,13,14,13:13,169.8,5.1,6.1,7.1,0.0
2026,9,8,13,17,13:16,175.8,5.8,6.8,7.8,0.0
2026,9,8,13,18,13:17,176.1,6.0,7.0,8.2,0.0
2026,9,8,13,19,13:18,171.2,6.0,7.3,8.8,0.0
2026,9,8,13,21,13:20,173.4,6.7,7.5,8.2,0.0
2026,9,8,13,23,13:22,173.0,6.2,7.2,8.1,0.0
2026,9,8,13,24,13:23,172.3,5.9,6.8,8.0,0.0
2026,9,8,13,26,13:25,165.8,4.7,6.6,7.8,0.0
2026,9,8,13,28,13:27,158.2,5.0,6.2,7.4,0.0
2026,9,8,13,29,13:29,168.8,5.8,6.8,8.0,0.0
2026,9,8,13,31,13:30,172.6,5.1,6.3,7.2,0.0
2026,9,8,13,33,13:32,164.6,5.3,5.9,6.9,0.0
2026,9,8,13,34,13:34,169.6,5.4,5.9,7.0,0.0
2026,9,8,13,36,13:36,169.2,4.8,5.8,6.8,0.0
2026,9,8,13,38,13:37,163.7,5.2,6.2,7.4,0.0
2026,9,8,13,39,13:39,164.4,5.1,6.3,7.2,0.0
2026,9,8,13,42,13:41,167.6,5.7,6.7,7.7,0.0
2026,9,8,13,43,13:42,164.6,6.4,7.7,9.4,0.0
2026,9,8,13,44,13:44,171.0,5.6,6.9,8.1,0.0
2026,9,8,13,47,13:46,176.1,5.6,6.5,7.6,0.0
2026,9,8,13,48,13:47,168.8,5.8,7.1,8.7,0.0
2026,9,8,13,49,13:49,173.5,6.9,8.5,10.3,0.0
2026,9,8,13,51,13:51,174.2,7.1,8.3,9.1,0.0
2026,9,8,13,53,13:52,177.6,7.3,8.1,9.3,0.0
2026,9,8,13,54,13:54,177.0,6.2,7.3,8.4,0.0
2026,9,8,13,56,13:56,173.4,5.2,6.2,7.3,0.0
2026,9,8,13,58,13:57,170.0,4.9,5.7,6.6,0.0
2026,9,8,13,59,13:59,178.3,5.4,6.2,6.9,0.0
2026,9,8,14,1,14:01,178.0,5.2,6.2,7.1,0.0
2026,9,8,14,3,14:02,174.7,5.2,6.3,7.4,0.0
2026,9,8,14,4,14:04,172.1,4.8,5.7,6.5,0.0
2026,9,8,14,6,14:05,173.1,4.9,5.8,6.5,0.0
2026,9,8,14,8,14:07,171.8,4.1,5.4,6.2,0.0
2026,9,8,14,9,14:09,165.2,3.8,4.9,5.6,0.0
2026,9,8,14,11,14:10,167.1,3.6,4.7,6.2,0.0
2026,9,8,14,13,14:12,174.5,4.6,5.5,6.4,0.0
2026,9,8,14,14,14:13,171.6,4.9,6.1,7.4,0.0
2026,9,8,14,16,14:16,173.8,5.3,6.2,7.4,0.0
2026,9,8,14,18,14:17,173.7,6.2,7.5,9.5,0.0
2026,9,8,14,19,14:19,176.0,7.2,8.0,9.0,0.0
2026,9,8,14,21,14:21,176.9,7.2,8.5,9.9,0.0
2026,9,8,14,23,14:22,179.0,7.2,8.2,9.3,0.0
2026,9,8,14,24,14:24,180.2,6.7,7.5,8.4,0.0
2026,9,8,14,27,14:26,182.4,6.2,6.8,8.3,0.0
2026,9,8,14,28,14:27,179.4,5.9,7.1,8.3,0.0
2026,9,8,14,29,14:29,176.9,6.9,8.2,9.4,0.0
2026,9,8,14,32,14:31,183.8,6.9,8.5,10.0,0.0
2026,9,8,14,33,14:32,186.1,7.8,8.9,10.0,0.0
2026,9,8,14,34,14:34,184.3,6.6,7.9,9.6,0.0
2026,9,8,14,36,14:36,180.2,6.2,7.1,8.1,0.0
2026,9,8,14,38,14:37,179.2,5.7,6.8,7.8,0.0
2026,9,8,14,39,14:39,183.5,5.9,6.9,7.9,0.0
2026,9,8,14,42,14:41,185.2,5.1,6.1,7.1,0.0
2026,9,8,14,43,14:42,182.4,5.4,6.1,6.8,0.0
2026,9,8,14,44,14:44,183.3,5.3,5.9,6.8,0.0
2026,9,8,14,46,14:46,182.5,4.8,5.6,6.5,0.0
2026,9,8,14,48,14:47,182.4,5.0,5.8,6.6,0.0
2026,9,8,14,49,14:49,181.3,4.5,5.7,6.3,0.0
2026,9,8,14,51,14:51,181.6,5.3,6.3,7.5,0.0
2026,9,8,14,53,14:52,181.3,4.4,5.3,6.4,0.0
2026,9,8,14,54,14:53,185.9,4.9,5.7,6.3,0.0
2026,9,8,14,56,14:55,185.9,4.9,5.7,6.6,0.0
2026,9,8,14,58,14:57,183.7,5.5,6.4,7.6,0.0
2026,9,8,14,59,14:59,182.4,5.8,6.7,7.3,0.0
2026,9,8,15,1,15:01,184.6,5.8,6.8,8.1,0.0
2026,9,8,15,3,15:02,187.9,5.4,6.6,7.6,0.0
2026,9,8,15,4,15:04,186.3,5.9,7.1,8.8,0.0
2026,9,8,15,7,15:06,184.3,6.9,8.2,9.8,0.0
2026,9,8,15,8,15:07,187.9,6.7,7.6,8.7,0.0
2026,9,8,15,9,15:09,191.1,6.3,7.8,8.8,0.0
2026,9,8,15,12,15:11,183.7,6.0,7.5,8.8,0.0
2026,9,8,15,13,15:12,187.8,5.6,6.8,7.9,0.0
2026,9,8,15,14,15:13,181.7,5.8,6.6,7.9,0.0
2026,9,8,15,17,15:16,178.0,7.0,8.0,9.1,0.0
2026,9,8,15,18,15:17,177.1,6.7,7.6,8.1,0.0
2026,9,8,15,19,15:18,186.0,6.8,8.0,9.2,0.0
2026,9,8,15,22,15:21,175.7,6.9,8.0,9.0,0.0
2026,9,8,15,23,15:22,177.7,6.9,8.1,9.1,0.0
2026,9,8,15,24,15:24,178.7,7.2,9.1,11.0,0.0
2026,9,8,15,27,15:26,177.9,7.4,8.5,10.1,0.0
2026,9,8,15,28,15:27,175.7,7.3,8.3,10.2,0.0
2026,9,8,15,29,15:29,175.4,6.9,8.2,9.3,0.0
2026,9,8,15,31,15:31,175.4,7.3,8.3,9.5,0.0
2026,9,8,15,33,15:32,181.6,7.2,8.4,9.8,0.0
2026,9,8,15,34,15:33,180.2,6.2,7.3,8.7,0.0
2026,9,8,15,37,15:36,184.1,6.7,8.0,9.1,0.0
2026,9,8,15,38,15:37,185.2,6.6,7.7,9.0,0.0
2026,9,8,15,39,15:39,187.5,6.4,7.4,9.0,0.0
2026,9,8,15,41,15:41,185.4,6.8,8.0,9.1,0.0
2026,9,8,15,43,15:42,181.5,6.5,7.7,8.7,0.0
2026,9,8,15,44,15:44,178.7,6.7,7.7,9.1,0.0
2026,9,8,15,46,15:46,180.7,6.5,7.4,8.3,0.0
2026,9,8,15,48,15:47,177.4,6.0,7.3,9.1,0.0
2026,9,8,15,49,15:49,180.8,6.8,7.6,8.2,0.0
2026,9,8,15,51,15:51,182.3,6.5,7.3,8.5,0.0
2026,9,8,15,53,15:52,185.1,6.3,7.4,8.7,0.0
2026,9,8,15,54,15:53,179.5,6.5,7.3,8.1,0.0
2026,9,8,15,56,15:55,181.9,6.7,8.2,9.4,0.0
2026,9,8,15,58,15:57,182.5,7.0,8.1,9.5,0.0
2026,9,8,15,59,15:59,183.3,6.9,7.9,9.5,0.0
2026,9,8,16,1,16:01,181.8,6.9,8.5,9.7,0.0
2026,9,8,16,3,16:02,180.7,7.1,8.3,9.2,0.0
2026,9,8,16,4,16:03,187.5,7.2,8.6,9.9,0.0
2026,9,8,16,6,16:05,179.5,7.4,8.5,9.5,0.0
2026,9,8,16,8,16:07,180.7,8.0,9.4,10.9,0.0
2026,9,8,16,9,16:09,180.4,7.7,9.2,10.9,0.0
2026,9,8,16,11,16:11,181.3,8.9,10.2,11.9,0.0
2026,9,8,16,13,16:12,185.3,8.3,10.3,12.5,0.0
2026,9,8,16,14,16:13,185.6,8.3,9.7,11.2,0.0
2026,9,8,16,16,16:16,186.2,7.4,8.7,10.3,0.0
2026,9,8,16,18,16:17,187.5,7.4,9.1,10.7,0.0
2026,9,8,16,19,16:18,186.7,8.0,9.4,11.2,0.0
2026,9,8,16,21,16:20,182.7,7.5,8.5,9.7,0.0
2026,9,8,16,23,16:22,182.4,7.3,8.5,10.0,0.0
2026,9,8,16,24,16:24,180.1,6.8,8.0,9.1,0.0
2026,9,8,16,27,16:26,187.0,7.1,8.4,9.8,0.0
2026,9,8,16,28,16:27,189.4,7.0,8.0,9.2,0.0
2026,9,8,16,29,16:29,189.0,6.6,8.0,9.5,0.0
2026,9,8,16,31,16:30,185.7,6.6,8.0,9.8,0.0
2026,9,8,16,33,16:32,180.4,7.7,8.5,9.6,0.0
2026,9,8,16,34,16:33,185.1,6.0,7.5,8.6,0.0
2026,9,8,16,36,16:36,185.4,7.2,8.1,9.5,0.0
2026,9,8,16,38,16:37,183.1,6.9,8.0,9.1,0.0
2026,9,8,16,39,16:39,180.0,6.8,8.0,8.8,0.0
2026,9,8,16,42,16:41,182.4,5.9,7.0,8.1,0.0
2026,9,8,16,43,16:42,177.1,6.2,6.9,8.0,0.0
2026,9,8,16,44,16:43,182.1,6.2,6.9,7.8,0.0
2026,9,8,16,46,16:46,179.3,5.1,6.5,7.6,0.0
2026,9,8,16,48,16:47,180.5,6.1,7.1,8.1,0.0
2026,9,8,16,49,16:49,183.0,5.2,6.4,7.4,0.0
2026,9,8,16,51,16:51,183.5,6.2,7.1,7.8,0.0
2026,9,8,16,53,16:52,183.1,5.9,6.8,7.7,0.0
2026,9,8,16,54,16:53,180.7,5.9,6.6,7.8,0.0
2026,9,8,16,56,16:55,182.3,5.8,6.6,7.2,0.0
2026,9,8,16,58,16:57,181.3,5.0,5.9,6.9,0.0
2026,9,8,16,59,16:59,183.8,5.4,6.2,6.8,0.0
2026,9,8,17,1,17:00,182.2,6.1,7.0,7.8,0.0
2026,9,8,17,3,17:02,182.9,5.0,6.0,7.0,0.0
2026,9,8,17,4,17:04,181.5,5.6,6.7,7.6,0.0
2026,9,8,17,7,17:06,181.5,5.8,6.6,7.2,0.0
2026,9,8,17,8,17:07,177.1,6.2,7.0,8.5,0.0
2026,9,8,17,9,17:08,179.9,6.1,7.0,7.9,0.0
2026,9,8,17,11,17:10,182.2,5.9,7.4,8.4,0.0
2026,9,8,17,13,17:12,180.7,6.3,7.4,8.3,0.0
2026,9,8,17,14,17:14,180.9,5.9,7.0,8.4,0.0
2026,9,8,17,16,17:16,182.2,6.0,7.1,8.9,0.0
2026,9,8,17,18,17:17,183.0,5.9,7.3,8.2,0.0
2026,9,8,17,19,17:19,187.0,6.2,7.9,9.1,0.0
2026,9,8,17,21,17:20,188.5,6.6,7.6,8.8,0.0
2026,9,8,17,23,17:22,190.0,6.3,7.5,8.6,0.0
2026,9,8,17,24,17:24,189.7,6.3,7.5,8.7,0.0
2026,9,8,17,27,17:26,188.6,5.9,7.0,8.2,0.0
2026,9,8,17,28,17:27,186.5,5.0,6.5,8.1,0.0
2026,9,8,17,29,17:28,190.9,6.3,7.1,8.2,0.0
2026,9,8,17,31,17:30,188.4,5.8,6.8,7.9,0.0
2026,9,8,17,33,17:32,190.8,5.9,6.7,7.4,0.0
2026,9,8,17,34,17:34,188.5,5.8,6.8,8.3,0.0
2026,9,8,17,37,17:36,185.8,6.1,6.9,8.0,0.0
2026,9,8,17,38,17:38,189.0,5.2,5.9,6.7,0.0
2026,9,8,17,39,17:39,188.3,5.5,6.0,6.9,0.0
2026,9,8,17,42,17:41,190.0,5.1,5.7,6.3,0.0
2026,9,8,17,43,17:42,186.2,4.7,5.5,6.6,0.0
2026,9,8,17,44,17:43,186.4,4.6,5.8,6.8,0.0
2026,9,8,17,46,17:45,189.3,5.1,5.9,6.5,0.0
2026,9,8,17,48,17:47,186.0,4.8,5.6,6.2,0.0
2026,9,8,17,49,17:49,189.2,5.1,5.7,6.8,0.0
2026,9,8,17,51,17:51,184.0,4.5,5.1,5.9,0.0
2026,9,8,17,53,17:52,186.1,4.3,4.8,5.4,0.0
2026,9,8,17,54,17:54,184.8,4.5,5.6,6.3,0.0
2026,9,8,17,56,17:56,182.3,4.5,5.6,6.4,0.0
2026,9,8,17,58,17:57,178.6,4.7,5.6,6.3,0.0
2026,9,8,17,59,17:59,181.8,4.6,6.1,7.3,0.0
2026,9,8,18,2,18:01,184.8,5.2,5.9,7.1,0.0
2026,9,8,18,3,18:02,185.7,5.2,6.2,7.0,0.0
2026,9,8,18,4,18:04,187.6,4.7,5.8,6.8,0.0
2026,9,8,18,7,18:06,180.8,5.0,5.8,6.8,0.0
2026,9,8,18,8,18:07,183.2,5.5,6.4,7.4,0.0
2026,9,8,18,9,18:08,180.5,5.1,6.1,6.9,0.0
2026,9,8,18,12,18:11,179.3,5.6,6.7,7.7,0.0
2026,9,8,18,13,18:12,178.1,4.9,6.1,6.9,0.0
2026,9,8,18,14,18:14,179.0,5.3,5.9,6.8,0.0
2026,9,8,18,17,18:16,174.3,4.7,5.4,6.1,0.0
2026,9,8,18,18,18:17,170.6,4.3,4.9,5.8,0.0
2026,9,8,18,19,18:19,176.3,4.3,5.0,5.9,0.0
2026,9,8,18,22,18:21,167.9,4.3,4.9,5.5,0.0
2026,9,8,18,23,18:22,170.7,4.2,4.9,5.6,0.0
2026,9,8,18,24,18:24,172.2,4.3,4.8,5.3,0.0
2026,9,8,18,27,18:26,169.6,4.7,5.1,5.5,0.0
2026,9,8,18,28,18:27,168.6,4.4,4.9,5.7,0.0
2026,9,8,18,29,18:29,168.6,4.1,4.9,5.8,0.0
2026,9,8,18,32,18:31,169.1,4.1,4.7,5.2,0.0
2026,9,8,18,33,18:32,171.2,4.0,4.5,5.2,0.0
2026,9,8,18,34,18:34,168.2,4.4,4.9,5.6,0.0
2026,9,8,18,36,18:36,174.4,4.3,5.0,5.8,0.0
2026,9,8,18,38,18:37,173.0,4.3,5.2,6.3,0.0
2026,9,8,18,39,18:38,173.5,4.6,5.3,6.0,0.0
2026,9,8,18,41,18:41,177.3,4.5,5.0,5.7,0.0
2026,9,8,18,43,18:42,171.4,4.7,5.0,5.6,0.0
2026,9,8,18,44,18:44,177.3,4.1,4.9,5.6,0.0
2026,9,8,18,47,18:46,176.5,4.1,4.8,5.6,0.0
2026,9,8,18,48,18:47,174.4,4.4,4.9,5.6,0.0
2026,9,8,18,49,18:49,179.4,4.2,4.7,5.6,0.0
2026,9,8,18,52,18:51,178.8,4.4,5.2,6.0,0.0
2026,9,8,18,53,18:53,180.1,4.9,5.4,5.9,0.0
2026,9,8,18,54,18:54,182.6,4.6,5.4,6.3,0.0
2026,9,8,18,56,18:56,179.8,4.5,4.9,5.6,0.0
2026,9,8,18,58,18:57,175.7,4.5,5.1,5.5,0.0
2026,9,8,18,59,18:58,176.1,4.6,5.3,6.2,0.0
2026,9,8,19,1,19:01,173.7,4.3,5.3,6.0,0.0
2026,9,8,19,3,19:02,170.7,4.6,5.2,5.9,0.0
2026,9,8,19,4,19:04,175.9,4.3,5.1,5.6,0.0
2026,9,8,19,7,19:06,171.4,4.5,5.2,5.9,0.0
2026,9,8,19,8,19:07,172.7,4.3,4.9,5.4,0.0
2026,9,8,19,9,19:09,173.1,4.2,4.9,5.4,0.0
2026,9,8,19,12,19:11,170.7,4.5,5.1,5.8,0.0
2026,9,8,19,13,19:12,172.2,4.6,5.3,6.2,0.0
2026,9,8,19,14,19:14,171.5,4.6,5.1,5.6,0.0
2026,9,8,19,16,19:16,173.6,4.2,4.9,5.8,0.0
2026,9,8,19,18,19:17,171.8,4.4,4.9,5.7,0.0
2026,9,8,19,19,19:19,170.4,4.6,5.4,6.0,0.0
2026,9,8,19,21,19:21,170.1,4.6,5.6,6.3,0.0
2026,9,8,19,23,19:22,168.7,4.6,5.9,6.7,0.0
2026,9,8,19,24,19:24,164.8,4.9,5.9,6.9,0.0
2026,9,8,19,26,19:25,165.1,4.6,5.7,6.8,0.0
2026,9,8,19,28,19:27,167.3,4.7,5.9,7.0,0.0
2026,9,8,19,29,19:29,166.4,4.7,5.7,6.5,0.0
2026,9,8,19,31,19:31,163.2,4.7,5.8,6.5,0.0
2026,9,8,19,33,19:32,167.3,4.7,5.8,6.8,0.0
2026,9,8,19,34,19:34,172.5,5.0,6.2,7.1,0.0
2026,9,8,19,36,19:36,171.0,5.8,6.6,7.4,0.0
2026,9,8,19,38,19:37,172.9,5.2,6.5,8.1,0.0
2026,9,8,19,39,19:38,170.3,5.7,7.0,7.8,0.0
2026,9,8,19,41,19:40,172.1,6.3,7.1,8.0,0.0
2026,9,8,19,43,19:42,167.6,6.0,7.3,8.3,0.0
2026,9,8,19,44,19:44,170.8,5.8,7.1,8.4,0.0
2026,9,8,19,47,19:46,176.8,5.6,7.3,9.1,0.0
2026,9,8,19,48,19:48,171.0,6.1,7.7,9.7,0.0
2026,9,8,19,49,19:49,172.3,6.4,8.0,9.1,0.0
2026,9,8,19,51,19:51,170.1,7.0,8.2,9.9,0.0
2026,9,8,19,53,19:52,168.0,6.9,7.9,9.1,0.0
2026,9,8,19,54,19:53,171.0,7.0,7.7,8.9,0.0
2026,9,8,19,57,19:56,172.4,7.5,8.1,9.1,0.0
2026,9,8,19,58,19:57,171.0,7.2,8.0,9.0,0.0
2026,9,8,19,59,19:59,174.2,6.8,7.5,8.5,0.0
2026,9,8,20,1,20:01,175.2,6.4,8.0,9.7,0.0
2026,9,8,20,3,20:02,174.4,6.3,7.5,8.4,0.0
2026,9,8,20,4,20:03,175.3,6.9,7.9,9.0,0.0
2026,9,8,20,6,20:06,172.0,7.2,8.1,9.0,0.0
2026,9,8,20,8,20:07,171.1,6.5,7.7,8.9,0.0
2026,9,8,20,9,20:08,174.8,6.8,8.0,9.3,0.0
2026,9,8,20,11,20:11,171.2,7.2,8.4,9.7,0.0
2026,9,8,20,13,20:12,171.2,6.5,8.0,9.1,0.0
2026,9,8,20,14,20:14,176.9,7.0,8.3,9.2,0.0
2026,9,8,20,16,20:16,173.7,7.3,9.5,11.6,0.0
2026,9,8,20,18,20:17,174.4,7.3,9.5,11.4,0.0
2026,9,8,20,19,20:19,173.5,8.0,9.3,11.5,0.0
2026,9,8,20,22,20:21,176.1,7.8,9.1,11.0,0.0
2026,9,8,20,23,20:22,175.9,7.3,8.5,9.7,0.0
2026,9,8,20,24,20:24,178.4,7.7,9.4,10.7,0.0
2026,9,8,20,26,20:25,180.8,7.5,8.7,9.9,0.0
2026,9,8,20,28,20:27,178.7,8.1,9.2,10.5,0.0
2026,9,8,20,32,20:31,177.3,7.4,8.3,9.6,0.0
2026,9,8,20,33,20:32,179.7,7.4,8.2,9.1,0.0
2026,9,8,20,34,20:34,173.1,6.8,7.8,9.2,0.0
2026,9,8,20,36,20:36,177.7,6.9,8.0,9.6,0.0
2026,9,8,20,38,20:37,173.8,7.8,8.9,10.2,0.0
2026,9,8,20,41,20:41,182.6,7.1,8.3,9.7,0.0
2026,9,8,20,43,20:42,178.3,6.9,8.9,10.4,0.0
2026,9,8,20,44,20:44,182.2,8.3,9.6,11.2,0.0
2026,9,8,20,47,20:46,184.0,7.4,9.1,10.7,0.0
2026,9,8,20,48,20:47,184.3,8.1,9.4,11.2,0.0
2026,9,8,20,49,20:48,181.3,7.9,9.3,10.5,0.0
2026,9,8,20,52,20:51,184.4,8.0,9.1,10.9,0.0
2026,9,8,20,53,20:52,179.9,7.5,9.2,10.4,0.0
2026,9,8,20,54,20:54,188.8,8.5,9.8,11.4,0.0
2026,9,8,20,56,20:56,183.0,8.1,9.5,11.0,0.0
2026,9,8,20,58,20:57,184.9,8.0,9.8,11.1,0.0
2026,9,8,20,59,20:59,185.3,8.3,9.8,11.4,0.0
2026,9,8,21,1,21:00,185.3,8.4,9.8,11.2,0.0
2026,9,8,21,3,21:02,186.5,9.0,10.5,12.6,0.0
2026,9,8,21,4,21:04,177.1,8.8,10.2,12.3,0.0
2026,9,8,21,6,21:06,173.2,8.1,9.3,10.9,0.0
2026,9,8,21,8,21:07,178.0,7.7,9.1,10.4,0.0
2026,9,8,21,9,21:08,177.4,8.2,9.2,11.0,0.0
2026,9,8,21,11,21:11,176.1,7.5,8.8,10.9,0.0
2026,9,8,21,13,21:12,178.3,7.4,9.4,10.8,0.0
2026,9,8,21,14,21:14,176.6,7.0,8.1,9.8,0.0
2026,9,8,21,17,21:16,175.8,7.8,9.2,10.4,0.0
2026,9,8,21,18,21:17,178.8,7.4,9.4,11.9,0.0
2026,9,8,21,19,21:19,174.2,8.2,9.8,10.8,0.0
2026,9,8,21,21,21:21,178.1,8.1,8.9,10.0,0.0
2026,9,8,21,23,21:23,180.4,7.0,8.8,10.0,0.0
2026,9,8,21,24,21:24,178.1,7.3,8.7,10.1,0.0
2026,9,8,21,26,21:26,181.6,6.8,8.5,10.2,0.0
2026,9,8,21,28,21:27,179.0,7.0,8.3,9.9,0.0
2026,9,8,21,29,21:29,182.6,7.3,8.6,10.3,0.0
2026,9,8,21,31,21:30,183.2,7.2,8.4,9.8,0.0
2026,9,8,21,33,21:32,183.3,7.9,9.1,10.2,0.0
2026,9,8,21,34,21:34,177.3,7.4,8.5,10.3,0.0
2026,9,8,21,37,21:36,183.9,7.8,9.0,10.1,0.0
2026,9,8,21,38,21:37,180.8,8.1,9.5,10.8,0.0
2026,9,8,21,39,21:39,181.5,7.1,8.4,10.0,0.0
2026,9,8,21,42,21:41,181.9,6.9,8.1,9.8,0.0
2026,9,8,21,43,21:42,181.7,6.9,8.3,9.6,0.0
2026,9,8,21,44,21:43,179.8,7.4,8.4,9.7,0.0
2026,9,8,21,46,21:46,180.8,7.9,9.1,10.9,0.0
2026,9,8,21,48,21:47,184.3,6.7,8.6,10.3,0.0
2026,9,8,21,49,21:49,180.6,7.5,8.7,9.8,0.0
2026,9,8,21,51,21:51,182.9,8.5,9.8,11.9,0.0
2026,9,8,21,53,21:52,184.8,7.8,9.8,12.2,0.0
2026,9,8,21,54,21:53,186.0,8.5,9.8,12.3,0.0
2026,9,8,21,57,21:56,182.9,9.1,11.1,12.9,0.0
2026,9,8,21,58,21:57,182.9,8.9,10.8,12.5,0.0
2026,9,8,21,59,21:59,190.8,8.8,10.7,13.3,0.0
2026,9,8,22,1,22:01,185.8,7.9,9.7,12.0,0.0
2026,9,8,22,3,22:02,186.2,8.6,10.2,11.7,0.0
2026,9,8,22,4,22:04,191.7,8.6,10.1,12.0,0.0
2026,9,8,22,7,22:06,193.3,8.6,9.8,11.0,0.0
2026,9,8,22,8,22:07,189.4,8.5,9.8,10.9,0.0
2026,9,8,22,9,22:08,193.2,7.5,9.8,12.2,0.0
2026,9,8,22,11,22:11,200.1,8.8,10.9,12.6,0.0
2026,9,8,22,13,22:12,196.0,8.2,10.3,11.9,0.0
2026,9,8,22,14,22:14,195.4,8.6,10.5,12.0,0.0
2026,9,8,22,17,22:16,200.4,7.7,9.6,11.6,0.0
2026,9,8,22,18,22:17,195.2,8.5,9.8,11.9,0.0
2026,9,8,22,19,22:18,198.8,8.4,10.8,13.6,0.0
2026,9,8,22,21,22:20,198.9,10.5,12.3,14.8,0.0
2026,9,8,22,23,22:22,197.2,10.0,11.9,13.4,0.0
2026,9,8,22,24,22:23,201.2,8.9,10.7,12.3,0.0
2026,9,8,22,26,22:26,205.0,8.8,10.3,12.5,0.0
2026,9,8,22,28,22:27,199.5,9.2,10.9,13.1,0.0
2026,9,8,22,29,22:29,202.6,8.8,10.4,12.0,0.0
2026,9,8,22,31,22:30,201.8,8.3,10.0,12.0,0.0
2026,9,8,22,33,22:32,203.6,8.8,10.2,12.0,0.0
2026,9,8,22,34,22:34,204.4,9.8,11.4,12.8,0.0
2026,9,8,22,36,22:36,205.4,9.3,11.4,13.8,0.0
2026,9,8,22,38,22:37,202.7,9.9,11.9,13.8,0.0
2026,9,8,22,39,22:39,198.0,9.3,10.9,12.8,0.0
2026,9,8,22,41,22:40,205.5,8.9,10.4,12.5,0.0
2026,9,8,22,43,22:42,201.2,8.9,11.4,13.1,0.0
2026,9,8,22,44,22:43,202.3,9.1,10.1,11.7,0.0
2026,9,8,22,47,22:46,204.6,9.3,10.9,12.6,0.0
2026,9,8,22,48,22:47,200.0,8.8,10.8,12.9,0.0
2026,9,8,22,49,22:49,198.1,8.5,10.3,12.8,0.0
2026,9,8,22,52,22:51,194.5,9.1,10.8,12.2,0.0
2026,9,8,22,53,22:52,198.2,9.2,11.4,12.8,0.0
2026,9,8,22,54,22:54,198.9,7.5,9.2,12.2,0.0
2026,9,8,22,56,22:56,199.6,8.8,10.5,12.8,0.0
2026,9,8,22,58,22:57,197.4,9.9,11.6,14.0,0.0
2026,9,8,22,59,22:59,200.9,8.4,10.1,12.3,0.0
2026,9,8,23,2,23:01,198.1,9.1,10.7,13.4,0.0
2026,9,8,23,3,23:02,199.2,8.8,10.8,12.9,0.0
2026,9,8,23,4,23:04,199.7,8.8,10.2,11.6,0.0
2026,9,8,23,6,23:06,200.4,8.1,9.4,10.5,0.0
2026,9,8,23,8,23:07,196.3,7.3,8.9,10.9,0.0
2026,9,8,23,9,23:08,197.8,7.4,9.3,10.8,0.0
2026,9,8,23,11,23:11,200.5,7.6,10.0,12.0,0.0
2026,9,8,23,13,23:12,197.7,9.1,10.5,11.9,0.0
2026,9,8,23,14,23:14,201.8,8.1,9.7,11.7,0.0
2026,9,8,23,16,23:16,198.9,8.5,10.5,12.0,0.0
2026,9,8,23,18,23:17,203.1,7.9,9.6,11.2,0.0
2026,9,8,23,19,23:19,205.6,7.9,9.6,11.0,0.0
2026,9,8,23,21,23:20,200.6,7.4,8.9,10.1,0.0
2026,9,8,23,23,23:22,201.8,7.2,8.9,10.5,0.0
2026,9,8,23,24,23:23,206.6,8.0,9.4,10.9,0.0
2026,9,8,23,26,23:26,208.5,7.4,9.3,10.3,0.0
2026,9,8,23,28,23:27,214.4,7.1,8.1,9.5,0.0
2026,9,8,23,29,23:29,212.6,8.2,9.4,10.5,0.0
2026,9,8,23,31,23:31,208.8,7.1,8.6,9.8,0.0
2026,9,8,23,33,23:32,203.8,6.2,7.4,8.8,0.0
2026,9,8,23,34,23:33,209.8,6.5,7.8,9.2,0.0
2026,9,8,23,36,23:36,211.4,6.5,8.1,9.7,0.0
2026,9,8,23,38,23:37,211.5,6.3,7.9,9.9,0.0
2026,9,8,23,39,23:39,209.8,6.3,7.9,9.4,0.0
2026,9,8,23,41,23:40,207.6,6.0,8.3,9.8,0.0
2026,9,8,23,43,23:42,207.0,8.3,10.7,13.1,0.0
2026,9,8,23,44,23:44,207.4,7.5,9.1,11.9,0.0
2026,9,8,23,47,23:46,207.3,7.7,9.7,11.1,0.0
2026,9,8,23,48,23:47,204.9,8.5,10.7,12.9,0.0
2026,9,8,23,49,23:49,203.6,7.7,9.8,12.5,0.0
2026,9,8,23,52,23:51,207.8,7.8,9.8,11.6,0.0
2026,9,8,23,53,23:52,212.0,8.3,9.9,11.6,0.0
2026,9,8,23,54,23:54,206.1,7.1,8.5,10.0,0.0
2026,9,8,23,57,23:56,206.6,8.6,9.8,11.6,0.0
2026,9,8,23,58,23:57,210.3,6.7,8.5,10.8,0.0
2026,9,8,23,59,23:58,208.8,7.8,9.3,10.4,0.0
