# Helsinki Laru (dlarah.org Lauttasaari) 2026-09-15 Suomen aikaa — lähteen Laru_2026-258.txt sellaisenaan
# vuosi kk pv kirjoitus-h kirjoitus-min hh:mm suunta min ka max lämpötila (asemalla ei mittaria)
2026,9,15,0,1,00:00,343.8,0.0,0.0,0.0,0.0
2026,9,15,0,3,00:02,343.8,0.0,0.0,0.0,0.0
2026,9,15,0,4,00:03,343.8,0.0,0.0,0.0,0.0
2026,9,15,0,7,00:06,343.8,0.0,0.0,0.0,0.0
2026,9,15,0,8,00:07,343.8,0.0,0.0,0.0,0.0
2026,9,15,0,9,00:08,343.8,0.0,0.2,0.3,0.0
2026,9,15,0,12,00:11,343.8,0.0,0.0,0.0,0.0
2026,9,15,0,13,00:12,343.8,0.0,0.0,0.0,0.0
2026,9,15,0,14,00:13,343.8,0.0,0.0,0.0,0.0
2026,9,15,0,16,00:15,343.8,0.0,0.5,0.7,0.0
2026,9,15,0,18,00:17,343.8,0.0,0.3,0.4,0.0
2026,9,15,0,19,00:18,343.8,0.0,0.3,0.5,0.0
2026,9,15,0,21,00:20,343.8,0.0,0.0,0.0,0.0
2026,9,15,0,23,00:22,343.8,0.0,0.0,0.0,0.0
2026,9,15,0,24,00:23,343.8,0.0,0.0,0.0,0.0
2026,9,15,0,27,00:26,343.8,0.0,0.0,0.0,0.0
2026,9,15,0,28,00:27,343.8,0.0,0.0,0.0,0.0
2026,9,15,0,31,00:30,343.8,0.0,0.0,0.0,0.0
2026,9,15,0,33,00:32,343.8,0.0,0.0,0.0,0.0
2026,9,15,0,34,00:33,343.8,0.0,0.0,0.0,0.0
2026,9,15,0,36,00:35,343.8,0.0,0.0,0.0,0.0
2026,9,15,0,38,00:37,343.8,0.0,0.0,0.0,0.0
2026,9,15,0,39,00:38,343.8,0.0,0.0,0.0,0.0
2026,9,15,0,42,00:41,343.8,0.0,0.0,0.0,0.0
2026,9,15,0,43,00:42,343.8,0.0,0.0,0.0,0.0
2026,9,15,0,44,00:43,343.8,0.0,0.0,0.0,0.0
2026,9,15,0,47,00:46,343.8,0.0,0.1,0.1,0.0
2026,9,15,0,48,00:47,343.8,0.0,0.4,0.5,0.0
2026,9,15,0,49,00:48,343.8,0.0,0.3,0.3,0.0
2026,9,15,0,52,00:51,343.8,0.0,0.4,0.7,0.0
2026,9,15,0,53,00:52,343.8,0.5,0.6,0.7,0.0
2026,9,15,0,54,00:53,343.8,0.0,0.6,0.7,0.0
2026,9,15,0,57,00:56,343.8,0.0,0.3,0.4,0.0
2026,9,15,0,58,00:57,343.8,0.0,0.2,0.2,0.0
2026,9,15,0,59,00:58,343.8,0.0,0.2,0.4,0.0
2026,9,15,1,2,01:01,343.8,0.0,0.4,0.6,0.0
2026,9,15,1,3,01:02,343.8,0.0,0.3,0.4,0.0
2026,9,15,1,4,01:03,343.8,0.0,0.3,0.4,0.0
2026,9,15,1,6,01:05,343.8,0.0,0.2,0.3,0.0
2026,9,15,1,8,01:07,343.8,0.0,0.1,0.4,0.0
2026,9,15,1,9,01:08,343.8,0.5,0.6,0.8,0.0
2026,9,15,1,11,01:10,343.8,0.0,0.2,0.3,0.0
2026,9,15,1,13,01:12,343.8,0.0,0.0,0.0,0.0
2026,9,15,1,14,01:13,343.8,0.0,0.5,0.7,0.0
2026,9,15,1,17,01:16,343.8,0.6,0.7,0.8,0.0
2026,9,15,1,18,01:17,343.8,0.4,0.5,0.7,0.0
2026,9,15,1,19,01:18,343.8,0.5,0.7,0.8,0.0
2026,9,15,1,22,01:21,343.8,0.5,0.6,0.9,0.0
2026,9,15,1,23,01:22,343.8,0.0,0.4,0.5,0.0
2026,9,15,1,24,01:23,343.8,0.0,0.2,0.3,0.0
2026,9,15,1,26,01:25,343.8,0.0,0.2,0.5,0.0
2026,9,15,1,28,01:27,343.8,0.0,0.1,0.3,0.0
2026,9,15,1,29,01:28,343.8,0.0,0.2,0.4,0.0
2026,9,15,1,31,01:30,343.8,0.0,0.2,0.4,0.0
2026,9,15,1,33,01:32,343.8,0.0,0.0,0.0,0.0
2026,9,15,1,34,01:33,343.8,0.0,0.0,0.0,0.0
2026,9,15,1,36,01:35,343.8,0.0,0.2,0.7,0.0
2026,9,15,1,38,01:37,343.8,0.0,0.6,1.2,0.0
2026,9,15,1,39,01:38,343.8,0.5,0.9,1.2,0.0
2026,9,15,1,41,01:40,343.8,0.7,0.9,1.1,0.0
2026,9,15,1,43,01:42,343.8,0.5,0.8,1.1,0.0
2026,9,15,1,44,01:43,343.8,0.9,0.9,1.1,0.0
2026,9,15,1,46,01:45,343.8,0.7,0.9,1.2,0.0
2026,9,15,1,48,01:47,343.8,0.7,0.9,1.1,0.0
2026,9,15,1,49,01:48,343.8,0.8,0.9,1.0,0.0
2026,9,15,1,51,01:50,343.8,0.7,0.9,1.1,0.0
2026,9,15,1,53,01:52,343.8,0.0,0.4,0.7,0.0
2026,9,15,1,54,01:53,343.8,0.0,0.4,0.9,0.0
2026,9,15,1,57,01:56,343.8,0.0,0.2,0.4,0.0
2026,9,15,1,58,01:57,343.8,0.0,0.1,0.3,0.0
2026,9,15,1,59,01:58,343.8,0.0,0.6,0.7,0.0
2026,9,15,2,2,02:01,343.8,0.0,0.1,0.3,0.0
2026,9,15,2,3,02:02,343.8,0.0,0.3,0.8,0.0
2026,9,15,2,4,02:03,343.8,0.0,0.0,0.0,0.0
2026,9,15,2,6,02:05,343.8,0.0,0.6,1.2,0.0
2026,9,15,2,8,02:07,343.8,0.0,0.2,0.6,0.0
2026,9,15,2,11,02:10,343.8,0.0,0.2,0.2,0.0
2026,9,15,2,13,02:12,343.8,0.0,0.4,0.8,0.0
2026,9,15,2,14,02:13,343.8,0.0,0.3,0.6,0.0
2026,9,15,2,16,02:15,343.8,0.0,0.0,0.0,0.0
2026,9,15,2,18,02:17,343.8,0.0,0.2,0.6,0.0
2026,9,15,2,19,02:18,343.8,0.0,0.0,0.0,0.0
2026,9,15,2,21,02:20,343.8,0.0,0.2,0.5,0.0
2026,9,15,2,23,02:22,343.8,0.3,0.6,0.8,0.0
2026,9,15,2,24,02:23,343.8,0.0,0.3,0.7,0.0
2026,9,15,2,27,02:26,343.8,0.0,0.4,0.8,0.0
2026,9,15,2,28,02:27,343.8,0.0,0.4,0.6,0.0
2026,9,15,2,29,02:28,352.9,0.0,0.6,0.9,0.0
2026,9,15,2,31,02:30,354.7,0.0,0.4,0.7,0.0
2026,9,15,2,33,02:32,354.7,0.0,0.3,0.8,0.0
2026,9,15,2,34,02:33,354.7,0.0,0.5,0.8,0.0
2026,9,15,2,36,02:35,355.2,0.0,0.5,1.2,0.0
2026,9,15,2,38,02:37,357.3,0.0,0.5,0.7,0.0
2026,9,15,2,39,02:38,358.5,0.0,0.4,0.7,0.0
2026,9,15,2,42,02:41,358.8,0.0,0.3,0.7,0.0
2026,9,15,2,43,02:42,358.8,0.0,0.4,0.7,0.0
2026,9,15,2,44,02:43,358.8,0.0,0.3,0.5,0.0
2026,9,15,2,46,02:45,358.8,0.0,0.2,0.7,0.0
2026,9,15,2,48,02:47,348.0,0.0,0.6,1.3,0.0
2026,9,15,2,49,02:48,347.0,0.5,0.8,1.3,0.0
2026,9,15,2,51,02:50,353.3,0.6,1.1,1.8,0.0
2026,9,15,2,53,02:52,352.3,0.5,1.2,1.8,0.0
2026,9,15,2,54,02:53,350.0,0.8,1.2,1.7,0.0
2026,9,15,2,56,02:55,346.5,0.5,0.8,1.3,0.0
2026,9,15,2,58,02:57,349.7,0.0,0.8,1.7,0.0
2026,9,15,3,1,03:00,354.4,0.0,0.6,1.0,0.0
2026,9,15,3,3,03:02,351.5,0.0,0.3,0.8,0.0
2026,9,15,3,4,03:03,351.5,0.0,0.3,0.6,0.0
2026,9,15,3,6,03:05,352.0,0.0,0.1,0.4,0.0
2026,9,15,3,8,03:07,352.0,0.0,0.5,1.2,0.0
2026,9,15,3,9,03:08,352.0,0.0,0.4,0.7,0.0
2026,9,15,3,12,03:11,352.0,0.0,0.7,1.3,0.0
2026,9,15,3,13,03:12,352.0,0.0,0.5,0.9,0.0
2026,9,15,3,14,03:13,352.0,0.9,1.2,1.7,0.0
2026,9,15,3,16,03:15,345.7,0.9,1.2,1.7,0.0
2026,9,15,3,18,03:17,349.6,1.3,1.6,1.9,0.0
2026,9,15,3,19,03:18,351.1,0.5,1.2,1.8,0.0
2026,9,15,3,22,03:21,353.1,0.0,0.9,1.3,0.0
2026,9,15,3,23,03:22,353.1,0.0,0.7,0.9,0.0
2026,9,15,3,24,03:23,353.1,0.0,0.5,0.8,0.0
2026,9,15,3,26,03:25,353.1,0.0,0.3,1.3,0.0
2026,9,15,3,28,03:27,353.1,0.0,0.7,1.0,0.0
2026,9,15,3,29,03:28,353.1,0.0,0.3,0.3,0.0
2026,9,15,3,31,03:30,351.7,0.0,1.1,1.9,0.0
2026,9,15,3,33,03:32,343.0,0.0,0.4,0.9,0.0
2026,9,15,3,34,03:33,343.1,0.0,0.4,1.0,0.0
2026,9,15,3,36,03:35,353.3,0.5,0.8,1.4,0.0
2026,9,15,3,38,03:37,353.5,0.6,1.0,1.5,0.0
2026,9,15,3,39,03:38,353.7,0.5,0.7,1.3,0.0
2026,9,15,3,42,03:41,344.2,0.0,0.6,1.3,0.0
2026,9,15,3,43,03:42,344.2,0.0,0.3,0.7,0.0
2026,9,15,3,44,03:43,344.2,0.0,0.0,0.0,0.0
2026,9,15,3,46,03:45,349.4,0.0,0.0,0.0,0.0
2026,9,15,3,48,03:47,349.4,0.0,0.1,0.2,0.0
2026,9,15,3,49,03:48,349.4,0.0,0.4,0.7,0.0
2026,9,15,3,51,03:50,350.7,0.0,0.4,0.6,0.0
2026,9,15,3,53,03:52,342.6,0.0,0.3,0.9,0.0
2026,9,15,3,54,03:53,352.5,0.0,0.4,0.9,0.0
2026,9,15,3,56,03:56,356.3,0.0,0.5,0.7,0.0
2026,9,15,3,58,03:57,356.3,0.0,0.4,0.6,0.0
2026,9,15,3,59,03:58,356.3,0.0,0.2,0.3,0.0
2026,9,15,4,1,04:00,356.3,0.0,0.4,0.7,0.0
2026,9,15,4,3,04:02,356.3,0.0,0.4,0.7,0.0
2026,9,15,4,4,04:03,356.3,0.0,0.5,0.9,0.0
2026,9,15,4,6,04:05,2.7,0.0,0.5,0.7,0.0
2026,9,15,4,8,04:07,357.7,0.3,0.3,0.7,0.0
2026,9,15,4,9,04:08,357.7,0.0,0.2,0.4,0.0
2026,9,15,4,11,04:10,356.5,0.0,0.6,0.9,0.0
2026,9,15,4,13,04:12,357.0,0.0,0.2,0.5,0.0
2026,9,15,4,14,04:13,357.0,0.0,0.3,0.4,0.0
2026,9,15,4,17,04:16,357.0,0.0,0.1,0.3,0.0
2026,9,15,4,18,04:17,357.0,0.0,0.5,0.6,0.0
2026,9,15,4,19,04:18,357.0,0.0,0.4,0.6,0.0
2026,9,15,4,21,04:20,357.0,0.0,0.3,0.7,0.0
2026,9,15,4,23,04:22,10.7,0.0,0.5,0.9,0.0
2026,9,15,4,24,04:23,15.1,0.0,0.6,0.8,0.0
2026,9,15,4,27,04:26,17.3,0.0,0.3,0.7,0.0
2026,9,15,4,28,04:27,17.3,0.0,0.1,0.1,0.0
2026,9,15,4,29,04:28,17.3,0.0,0.1,0.2,0.0
2026,9,15,4,32,04:31,15.4,0.0,0.2,0.5,0.0
2026,9,15,4,33,04:32,15.4,0.0,0.6,0.8,0.0
2026,9,15,4,34,04:33,15.4,0.0,0.5,0.6,0.0
2026,9,15,4,37,04:36,358.9,0.0,0.4,0.6,0.0
2026,9,15,4,38,04:37,358.9,0.0,0.2,0.3,0.0
2026,9,15,4,42,04:41,358.9,0.0,0.2,0.5,0.0
2026,9,15,4,43,04:42,358.9,0.0,0.2,0.4,0.0
2026,9,15,4,44,04:43,358.9,0.0,0.3,0.5,0.0
2026,9,15,4,47,04:46,359.3,0.0,0.3,0.8,0.0
2026,9,15,4,48,04:47,359.7,0.0,0.2,0.4,0.0
2026,9,15,4,49,04:48,359.7,0.0,0.5,0.9,0.0
2026,9,15,4,51,04:50,359.7,0.0,0.3,0.5,0.0
2026,9,15,4,53,04:52,359.7,0.0,0.6,1.0,0.0
2026,9,15,4,54,04:53,359.7,0.0,0.6,0.9,0.0
2026,9,15,4,56,04:55,357.0,0.0,0.5,1.2,0.0
2026,9,15,4,58,04:57,357.0,0.4,0.6,0.7,0.0
2026,9,15,4,59,04:58,359.5,0.0,0.5,0.9,0.0
2026,9,15,5,2,05:01,2.0,0.0,0.4,0.8,0.0
2026,9,15,5,3,05:02,2.0,0.3,0.4,0.7,0.0
2026,9,15,5,4,05:03,2.0,0.0,0.0,0.0,0.0
2026,9,15,5,6,05:05,2.0,0.0,0.0,0.0,0.0
2026,9,15,5,8,05:07,2.0,0.0,0.2,0.6,0.0
2026,9,15,5,9,05:08,2.0,0.0,0.3,0.7,0.0
2026,9,15,5,11,05:10,2.0,0.0,0.1,0.2,0.0
2026,9,15,5,13,05:12,2.0,0.0,0.2,0.5,0.0
2026,9,15,5,14,05:13,2.0,0.0,0.1,0.2,0.0
2026,9,15,5,16,05:15,2.0,0.0,0.3,0.5,0.0
2026,9,15,5,18,05:17,2.0,0.0,0.5,0.8,0.0
2026,9,15,5,19,05:18,2.0,0.0,0.3,0.5,0.0
2026,9,15,5,21,05:20,2.0,0.0,0.2,0.5,0.0
2026,9,15,5,23,05:21,2.0,0.0,0.2,0.4,0.0
2026,9,15,5,24,05:21,2.0,0.0,0.2,0.4,0.0
2026,9,15,5,26,05:25,1.3,0.0,0.6,1.3,0.0
2026,9,15,5,28,05:27,351.3,0.0,1.2,1.7,0.0
2026,9,15,5,29,05:28,347.2,0.0,0.8,1.3,0.0
2026,9,15,5,31,05:30,344.5,0.0,0.0,0.0,0.0
2026,9,15,5,33,05:32,346.8,0.0,0.6,1.2,0.0
2026,9,15,5,34,05:33,348.3,0.0,0.2,0.5,0.0
2026,9,15,5,36,05:35,348.3,0.0,0.0,0.0,0.0
2026,9,15,5,38,05:37,348.3,0.0,0.3,0.7,0.0
2026,9,15,5,39,05:38,348.3,0.0,0.7,1.1,0.0
2026,9,15,5,42,05:41,341.6,0.0,0.9,1.7,0.0
2026,9,15,5,43,05:42,348.0,0.6,1.1,1.4,0.0
2026,9,15,5,44,05:43,345.2,0.2,0.6,1.2,0.0
2026,9,15,5,46,05:45,344.6,0.0,0.3,0.6,0.0
2026,9,15,5,48,05:47,344.5,0.0,0.3,0.6,0.0
2026,9,15,5,51,05:50,344.6,0.0,0.1,0.3,0.0
2026,9,15,5,53,05:52,351.8,0.0,0.3,0.7,0.0
2026,9,15,5,54,05:53,351.8,0.0,0.2,0.3,0.0
2026,9,15,5,56,05:55,351.8,0.4,0.5,0.8,0.0
2026,9,15,5,58,05:57,351.8,0.0,0.1,0.3,0.0
2026,9,15,5,59,05:58,351.8,0.0,0.3,0.8,0.0
2026,9,15,6,1,06:01,351.8,0.5,0.6,1.1,0.0
2026,9,15,6,3,06:02,350.8,0.0,0.8,1.5,0.0
2026,9,15,6,4,06:03,352.9,0.5,0.9,1.5,0.0
2026,9,15,6,6,06:05,352.3,0.0,0.7,1.5,0.0
2026,9,15,6,8,06:07,353.3,0.0,0.9,1.8,0.0
2026,9,15,6,9,06:08,353.3,0.0,0.6,1.6,0.0
2026,9,15,6,12,06:11,352.4,0.0,0.6,1.3,0.0
2026,9,15,6,13,06:12,353.2,0.0,0.4,0.7,0.0
2026,9,15,6,14,06:13,353.2,0.0,0.5,0.8,0.0
2026,9,15,6,16,06:15,350.6,0.0,0.6,1.3,0.0
2026,9,15,6,18,06:17,344.4,0.0,0.7,1.4,0.0
2026,9,15,6,19,06:18,351.6,0.0,0.3,0.8,0.0
2026,9,15,6,22,06:21,352.4,0.0,0.3,0.9,0.0
2026,9,15,6,23,06:22,352.4,0.0,0.5,0.8,0.0
2026,9,15,6,24,06:23,352.4,0.0,0.4,0.5,0.0
2026,9,15,6,27,06:26,352.3,0.0,0.2,0.8,0.0
2026,9,15,6,28,06:27,352.4,0.0,0.3,0.7,0.0
2026,9,15,6,29,06:28,352.4,0.0,0.3,0.5,0.0
2026,9,15,6,32,06:31,351.0,0.0,0.3,0.6,0.0
2026,9,15,6,33,06:32,351.9,0.0,0.5,0.9,0.0
2026,9,15,6,34,06:33,352.8,0.0,0.5,0.9,0.0
2026,9,15,6,36,06:35,352.8,0.0,0.2,0.3,0.0
2026,9,15,6,38,06:37,352.8,0.3,0.5,1.3,0.0
2026,9,15,6,41,06:40,352.8,0.0,0.3,0.5,0.0
2026,9,15,6,43,06:42,352.8,0.0,0.2,0.4,0.0
2026,9,15,6,44,06:43,352.8,0.0,0.1,0.4,0.0
2026,9,15,6,46,06:45,352.8,0.0,0.3,0.7,0.0
2026,9,15,6,48,06:47,352.8,0.5,0.8,1.1,0.0
2026,9,15,6,49,06:48,352.8,0.4,0.7,1.2,0.0
2026,9,15,6,52,06:51,352.8,0.0,0.4,0.6,0.0
2026,9,15,6,53,06:52,352.8,0.0,0.8,1.6,0.0
2026,9,15,6,54,06:53,352.8,0.0,0.6,1.4,0.0
2026,9,15,6,56,06:55,352.8,0.0,0.3,0.5,0.0
2026,9,15,6,58,06:57,352.8,0.0,0.3,0.8,0.0
2026,9,15,6,59,06:58,352.8,0.3,0.4,0.7,0.0
2026,9,15,7,1,07:00,352.8,0.0,0.3,0.6,0.0
2026,9,15,7,3,07:02,352.8,0.0,0.4,0.7,0.0
2026,9,15,7,4,07:03,352.8,0.0,0.4,0.5,0.0
2026,9,15,7,7,07:06,352.8,0.0,0.3,0.6,0.0
2026,9,15,7,8,07:07,352.8,0.0,0.6,1.3,0.0
2026,9,15,7,9,07:08,352.8,0.0,0.4,0.8,0.0
2026,9,15,7,11,07:10,352.8,0.0,0.4,0.5,0.0
2026,9,15,7,13,07:12,356.9,0.4,0.6,1.0,0.0
2026,9,15,7,14,07:13,357.7,0.0,0.5,0.7,0.0
2026,9,15,7,17,07:16,13.3,0.0,0.6,1.0,0.0
2026,9,15,7,18,07:17,24.4,0.0,0.4,0.8,0.0
2026,9,15,7,19,07:18,24.8,0.0,0.3,0.5,0.0
2026,9,15,7,22,07:21,28.5,0.0,0.6,0.9,0.0
2026,9,15,7,23,07:22,29.8,0.0,0.4,0.6,0.0
2026,9,15,7,24,07:23,35.2,0.0,0.8,1.3,0.0
2026,9,15,7,26,07:25,39.2,0.0,0.4,0.4,0.0
2026,9,15,7,28,07:27,39.2,0.0,0.5,1.0,0.0
2026,9,15,7,29,07:28,41.3,0.0,0.5,0.6,0.0
2026,9,15,7,32,07:31,45.5,0.0,0.4,0.6,0.0
2026,9,15,7,33,07:32,45.5,0.0,0.2,0.5,0.0
2026,9,15,7,34,07:33,45.5,0.0,0.4,1.0,0.0
2026,9,15,7,36,07:35,45.5,0.0,0.4,0.7,0.0
2026,9,15,7,38,07:37,45.5,0.0,0.5,0.9,0.0
2026,9,15,7,39,07:38,45.5,0.0,0.3,0.5,0.0
2026,9,15,7,41,07:40,45.5,0.0,0.2,0.4,0.0
2026,9,15,7,43,07:42,45.5,0.0,0.0,0.0,0.0
2026,9,15,7,44,07:43,45.5,0.0,0.2,0.4,0.0
2026,9,15,7,46,07:45,357.0,0.0,0.4,0.9,0.0
2026,9,15,7,48,07:47,352.7,1.0,1.3,1.8,0.0
2026,9,15,7,49,07:48,353.9,0.0,0.6,1.0,0.0
2026,9,15,7,51,07:50,350.4,0.0,0.7,1.7,0.0
2026,9,15,7,53,07:52,352.9,0.0,0.4,0.8,0.0
2026,9,15,7,54,07:53,349.9,0.5,0.8,1.3,0.0
2026,9,15,7,56,07:55,347.2,0.0,0.4,0.8,0.0
2026,9,15,7,58,07:57,347.7,0.0,0.1,0.4,0.0
2026,9,15,7,59,07:58,347.7,0.0,0.3,0.4,0.0
2026,9,15,8,1,08:00,347.7,0.0,0.1,0.1,0.0
2026,9,15,8,3,08:02,352.0,0.0,0.4,0.9,0.0
2026,9,15,8,4,08:03,33.2,0.4,0.7,1.0,0.0
2026,9,15,8,6,08:05,40.7,0.0,0.7,0.9,0.0
2026,9,15,8,8,08:07,10.5,0.0,0.5,1.3,0.0
2026,9,15,8,9,08:08,11.6,0.4,0.7,1.2,0.0
2026,9,15,8,11,08:10,33.4,0.6,0.9,1.2,0.0
2026,9,15,8,13,08:12,45.3,0.0,0.8,1.3,0.0
2026,9,15,8,14,08:13,46.4,0.0,0.5,0.7,0.0
2026,9,15,8,16,08:16,47.9,0.0,0.5,1.1,0.0
2026,9,15,8,18,08:17,42.7,0.0,0.7,1.2,0.0
2026,9,15,8,19,08:18,42.7,0.0,0.6,1.0,0.0
2026,9,15,8,22,08:21,42.3,0.0,0.4,1.1,0.0
2026,9,15,8,23,08:22,40.9,0.0,0.5,0.7,0.0
2026,9,15,8,24,08:23,34.9,0.0,0.4,0.8,0.0
2026,9,15,8,27,08:26,355.7,0.0,0.7,1.5,0.0
2026,9,15,8,28,08:27,354.0,0.4,1.0,1.6,0.0
2026,9,15,8,29,08:28,357.8,0.0,0.5,1.0,0.0
2026,9,15,8,32,08:31,1.2,0.0,0.8,1.3,0.0
2026,9,15,8,33,08:32,2.6,0.0,0.9,1.9,0.0
2026,9,15,8,34,08:33,352.0,0.0,0.6,1.1,0.0
2026,9,15,8,37,08:36,352.4,0.4,1.1,1.8,0.0
2026,9,15,8,38,08:37,357.1,0.0,0.6,1.5,0.0
2026,9,15,8,39,08:38,351.2,0.0,0.5,1.4,0.0
2026,9,15,8,41,08:40,349.9,0.0,0.5,1.2,0.0
2026,9,15,8,43,08:42,350.0,0.0,0.4,0.7,0.0
2026,9,15,8,44,08:43,350.0,0.0,0.3,1.1,0.0
2026,9,15,8,47,08:46,349.9,0.0,0.5,0.7,0.0
2026,9,15,8,48,08:47,349.9,0.0,0.6,0.8,0.0
2026,9,15,8,49,08:48,349.9,0.0,0.4,0.7,0.0
2026,9,15,8,51,08:50,349.9,0.0,0.3,0.5,0.0
2026,9,15,8,53,08:52,349.9,0.0,0.4,1.1,0.0
2026,9,15,8,54,08:53,349.9,0.0,0.6,0.9,0.0
2026,9,15,8,56,08:55,351.9,0.3,0.7,1.4,0.0
2026,9,15,8,58,08:57,13.7,0.0,0.4,0.8,0.0
2026,9,15,8,59,08:58,15.9,0.0,0.4,1.2,0.0
2026,9,15,9,1,09:00,15.8,0.0,0.6,1.0,0.0
2026,9,15,9,3,09:02,15.9,0.0,0.3,0.7,0.0
2026,9,15,9,4,09:03,15.8,0.0,0.6,1.1,0.0
2026,9,15,9,7,09:06,15.8,0.0,0.3,0.5,0.0
2026,9,15,9,8,09:07,15.8,0.0,0.3,0.6,0.0
2026,9,15,9,9,09:08,15.8,0.0,0.3,0.5,0.0
2026,9,15,9,11,09:10,15.8,0.0,0.5,0.8,0.0
2026,9,15,9,13,09:12,15.9,0.0,0.3,0.5,0.0
2026,9,15,9,14,09:13,15.8,0.0,0.2,0.4,0.0
2026,9,15,9,16,09:15,15.9,0.0,0.1,0.2,0.0
2026,9,15,9,18,09:17,15.9,0.4,0.6,0.8,0.0
2026,9,15,9,19,09:18,8.0,0.0,0.6,1.5,0.0
2026,9,15,9,22,09:21,350.7,0.0,0.4,0.9,0.0
2026,9,15,9,23,09:22,350.7,0.0,0.1,0.2,0.0
2026,9,15,9,24,09:23,350.7,0.0,0.4,1.0,0.0
2026,9,15,9,27,09:26,350.7,0.0,0.4,1.3,0.0
2026,9,15,9,28,09:27,350.7,0.6,0.9,1.2,0.0
2026,9,15,9,29,09:28,350.7,0.0,0.8,1.5,0.0
2026,9,15,9,31,09:30,350.7,0.0,1.0,1.7,0.0
2026,9,15,9,33,09:32,350.7,0.0,0.4,0.9,0.0
2026,9,15,9,34,09:33,350.7,0.0,0.2,0.4,0.0
2026,9,15,9,36,09:35,350.7,0.0,0.7,1.1,0.0
2026,9,15,9,38,09:37,350.7,0.0,0.5,0.8,0.0
2026,9,15,9,39,09:38,350.7,0.4,0.7,1.0,0.0
2026,9,15,9,41,09:41,350.6,0.9,1.0,1.1,0.0
2026,9,15,9,43,09:42,350.7,0.7,0.9,1.1,0.0
2026,9,15,9,44,09:43,350.6,0.6,1.1,1.3,0.0
2026,9,15,9,46,09:45,350.7,1.1,1.3,1.5,0.0
2026,9,15,9,48,09:47,350.7,0.5,1.0,1.3,0.0
2026,9,15,9,49,09:48,350.6,0.0,0.8,1.1,0.0
2026,9,15,9,52,09:51,350.7,0.5,0.7,0.9,0.0
2026,9,15,9,53,09:52,350.6,1.0,1.4,1.7,0.0
2026,9,15,9,54,09:53,350.6,0.0,0.7,1.5,0.0
2026,9,15,9,56,09:55,350.6,0.0,0.3,1.0,0.0
2026,9,15,9,58,09:57,350.6,0.0,0.6,1.1,0.0
2026,9,15,9,59,09:58,350.6,0.0,0.9,1.3,0.0
2026,9,15,10,2,10:01,350.7,0.0,0.2,0.2,0.0
2026,9,15,10,3,10:02,350.7,0.0,0.6,0.8,0.0
2026,9,15,10,4,10:03,350.6,0.0,0.3,0.5,0.0
2026,9,15,10,6,10:05,350.6,0.0,0.6,0.7,0.0
2026,9,15,10,8,10:07,350.7,0.6,0.7,1.0,0.0
2026,9,15,10,9,10:08,350.6,0.4,0.9,1.2,0.0
2026,9,15,10,12,10:11,350.7,0.0,0.5,0.8,0.0
2026,9,15,10,13,10:12,350.6,0.9,1.1,1.4,0.0
2026,9,15,10,14,10:13,350.6,0.9,1.2,1.4,0.0
2026,9,15,10,16,10:15,350.6,0.6,0.7,0.8,0.0
2026,9,15,10,18,10:17,350.6,0.8,0.8,0.9,0.0
2026,9,15,10,19,10:18,350.6,0.5,0.6,0.7,0.0
2026,9,15,10,22,10:21,350.6,0.6,0.7,0.8,0.0
2026,9,15,10,23,10:22,350.6,0.6,0.7,0.8,0.0
2026,9,15,10,24,10:23,350.6,0.4,0.6,0.7,0.0
2026,9,15,10,27,10:26,350.6,0.0,0.3,0.4,0.0
2026,9,15,10,28,10:27,350.6,0.0,0.0,0.0,0.0
2026,9,15,10,31,10:30,350.6,0.5,0.6,0.7,0.0
2026,9,15,10,33,10:32,350.6,1.2,1.2,1.4,0.0
2026,9,15,10,34,10:33,350.6,1.1,1.3,1.4,0.0
2026,9,15,10,36,10:35,325.6,1.0,1.2,1.5,0.0
2026,9,15,10,38,10:37,199.6,0.9,1.2,1.3,0.0
2026,9,15,10,39,10:38,199.6,1.0,1.1,1.3,0.0
2026,9,15,10,41,10:40,202.5,0.7,0.9,1.0,0.0
2026,9,15,10,43,10:42,204.6,0.8,1.0,1.1,0.0
2026,9,15,10,44,10:43,204.8,0.8,1.0,1.2,0.0
2026,9,15,10,46,10:45,208.1,0.9,1.0,1.1,0.0
2026,9,15,10,48,10:47,208.2,0.7,0.8,1.0,0.0
2026,9,15,10,49,10:48,208.2,0.8,0.8,0.9,0.0
2026,9,15,10,51,10:50,208.2,0.7,0.8,0.9,0.0
2026,9,15,10,53,10:52,208.4,0.6,0.7,0.7,0.0
2026,9,15,10,54,10:53,208.3,0.7,0.7,0.8,0.0
2026,9,15,10,56,10:55,208.3,0.9,0.9,1.1,0.0
2026,9,15,10,58,10:57,208.2,0.9,0.9,1.1,0.0
2026,9,15,10,59,10:58,208.2,0.8,0.9,1.0,0.0
2026,9,15,11,1,11:00,208.4,0.8,0.8,0.9,0.0
2026,9,15,11,3,11:02,208.2,0.7,0.7,0.8,0.0
2026,9,15,11,4,11:03,208.2,0.7,0.7,0.8,0.0
2026,9,15,11,6,11:05,208.3,0.7,0.8,0.9,0.0
2026,9,15,11,8,11:07,208.1,0.8,0.9,0.9,0.0
2026,9,15,11,9,11:08,208.3,0.9,0.9,1.0,0.0
2026,9,15,11,11,11:10,208.2,0.9,0.9,1.1,0.0
2026,9,15,11,13,11:12,208.2,0.9,1.0,1.1,0.0
2026,9,15,11,14,11:13,208.2,1.0,1.0,1.1,0.0
2026,9,15,11,16,11:15,208.3,0.9,1.0,1.0,0.0
2026,9,15,11,18,11:17,208.3,1.0,1.1,1.2,0.0
2026,9,15,11,19,11:18,208.4,1.1,1.2,1.3,0.0
2026,9,15,11,21,11:20,208.3,1.1,1.2,1.3,0.0
2026,9,15,11,23,11:22,208.3,0.9,1.1,1.2,0.0
2026,9,15,11,24,11:23,208.3,0.9,0.9,1.0,0.0
2026,9,15,11,27,11:26,208.3,0.8,0.9,1.0,0.0
2026,9,15,11,28,11:27,208.3,0.8,1.1,1.3,0.0
2026,9,15,11,29,11:28,208.3,0.9,1.0,1.1,0.0
2026,9,15,11,32,11:31,208.3,1.0,1.1,1.2,0.0
2026,9,15,11,33,11:32,208.3,0.8,0.9,1.1,0.0
2026,9,15,11,34,11:33,208.3,0.9,1.1,1.2,0.0
2026,9,15,11,36,11:35,208.3,1.0,1.1,1.2,0.0
2026,9,15,11,38,11:37,208.3,1.1,1.3,1.4,0.0
2026,9,15,11,41,11:40,193.6,1.4,1.6,1.7,0.0
2026,9,15,11,43,11:42,174.3,1.6,1.8,1.9,0.0
2026,9,15,11,44,11:43,180.7,1.7,1.8,2.0,0.0
2026,9,15,11,47,11:46,180.7,1.6,1.7,1.7,0.0
2026,9,15,11,48,11:47,180.7,1.5,1.7,1.8,0.0
2026,9,15,11,49,11:48,180.6,1.5,1.7,1.9,0.0
2026,9,15,11,52,11:51,180.6,1.3,1.5,1.6,0.0
2026,9,15,11,53,11:52,180.4,1.4,1.6,1.6,0.0
2026,9,15,11,54,11:53,180.6,1.4,1.4,1.6,0.0
2026,9,15,11,56,11:55,180.6,1.3,1.5,1.6,0.0
2026,9,15,11,58,11:57,180.6,1.3,1.4,1.6,0.0
2026,9,15,11,59,11:58,180.7,1.4,1.5,1.6,0.0
2026,9,15,12,1,12:00,180.7,1.2,1.4,1.7,0.0
2026,9,15,12,3,12:02,180.7,1.3,1.5,1.6,0.0
2026,9,15,12,4,12:03,180.7,1.3,1.5,1.7,0.0
2026,9,15,12,7,12:06,180.6,1.0,1.1,1.2,0.0
2026,9,15,12,8,12:07,180.7,1.2,1.5,1.6,0.0
2026,9,15,12,9,12:08,180.7,1.2,1.3,1.4,0.0
2026,9,15,12,12,12:11,180.7,0.7,0.9,1.1,0.0
2026,9,15,12,13,12:12,180.6,1.1,1.1,1.2,0.0
2026,9,15,12,14,12:13,180.7,0.9,1.0,1.1,0.0
2026,9,15,12,16,12:15,180.7,1.0,1.4,1.7,0.0
2026,9,15,12,18,12:17,180.7,1.2,1.4,1.5,0.0
2026,9,15,12,19,12:18,180.7,1.0,1.2,1.4,0.0
2026,9,15,12,22,12:21,166.5,1.6,1.8,2.0,0.0
2026,9,15,12,23,12:22,167.8,1.6,1.8,1.9,0.0
2026,9,15,12,24,12:23,167.8,1.5,1.8,2.1,0.0
2026,9,15,12,27,12:26,167.8,1.6,1.8,2.0,0.0
2026,9,15,12,28,12:27,167.8,1.6,1.7,2.0,0.0
2026,9,15,12,29,12:28,167.8,1.6,1.9,2.2,0.0
2026,9,15,12,32,12:31,165.0,1.9,2.1,2.3,0.0
2026,9,15,12,33,12:32,165.0,1.8,2.1,2.3,0.0
2026,9,15,12,34,12:33,165.1,1.9,2.1,2.3,0.0
2026,9,15,12,37,12:36,165.1,1.9,2.2,2.5,0.0
2026,9,15,12,38,12:37,165.0,1.6,1.9,2.2,0.0
2026,9,15,12,39,12:38,162.8,1.4,2.0,2.4,0.0
2026,9,15,12,41,12:40,166.4,1.9,2.1,2.4,0.0
2026,9,15,12,43,12:42,166.4,1.8,2.1,2.6,0.0
2026,9,15,12,44,12:43,166.4,1.9,2.2,2.5,0.0
2026,9,15,12,46,12:45,160.5,1.5,2.0,2.4,0.0
2026,9,15,12,48,12:47,160.5,1.7,2.0,2.4,0.0
2026,9,15,12,49,12:48,160.4,1.6,2.0,2.1,0.0
2026,9,15,12,52,12:51,160.5,1.9,2.2,2.5,0.0
2026,9,15,12,53,12:52,160.5,2.1,2.3,2.5,0.0
2026,9,15,12,54,12:53,160.5,1.8,2.1,2.7,0.0
2026,9,15,12,56,12:55,172.1,2.1,2.4,2.6,0.0
2026,9,15,12,58,12:57,174.1,1.8,2.2,2.7,0.0
2026,9,15,12,59,12:58,174.2,1.9,2.1,2.3,0.0
2026,9,15,13,2,13:01,175.5,2.2,2.4,2.6,0.0
2026,9,15,13,3,13:02,176.4,2.2,2.5,2.7,0.0
2026,9,15,13,4,13:03,174.4,2.2,2.3,2.6,0.0
2026,9,15,13,6,13:05,166.1,1.9,2.2,2.5,0.0
2026,9,15,13,8,13:07,165.8,2.0,2.3,2.5,0.0
2026,9,15,13,9,13:08,165.8,2.1,2.3,2.5,0.0
2026,9,15,13,11,13:10,170.0,2.5,2.9,3.2,0.0
2026,9,15,13,13,13:12,171.5,2.1,2.5,2.9,0.0
2026,9,15,13,14,13:13,164.2,2.2,2.4,2.7,0.0
2026,9,15,13,17,13:16,161.3,2.0,2.3,2.7,0.0
2026,9,15,13,18,13:17,163.7,2.2,2.5,2.8,0.0
2026,9,15,13,19,13:18,161.8,1.8,2.3,2.6,0.0
2026,9,15,13,22,13:21,170.8,2.7,2.9,3.3,0.0
2026,9,15,13,23,13:22,167.5,2.5,2.9,3.5,0.0
2026,9,15,13,24,13:23,163.3,2.0,2.4,2.7,0.0
2026,9,15,13,26,13:26,162.5,2.4,2.7,3.0,0.0
2026,9,15,13,28,13:27,162.8,2.4,2.5,2.7,0.0
2026,9,15,13,29,13:28,160.0,2.0,2.3,2.7,0.0
2026,9,15,13,32,13:31,161.7,2.5,2.7,3.0,0.0
2026,9,15,13,33,13:32,161.7,2.3,2.6,2.8,0.0
2026,9,15,13,34,13:33,161.6,2.5,2.6,2.8,0.0
2026,9,15,13,36,13:35,161.7,2.7,2.9,3.1,0.0
2026,9,15,13,38,13:37,163.9,2.5,2.8,3.0,0.0
2026,9,15,13,39,13:38,162.1,2.7,2.9,3.0,0.0
2026,9,15,13,42,13:41,162.8,2.7,2.9,3.1,0.0
2026,9,15,13,43,13:42,163.0,1.7,2.3,2.7,0.0
2026,9,15,13,44,13:43,162.6,2.1,2.4,2.7,0.0
2026,9,15,13,47,13:46,161.6,1.8,2.2,2.5,0.0
2026,9,15,13,48,13:47,159.7,1.8,2.2,2.6,0.0
2026,9,15,13,49,13:48,156.9,1.7,2.2,2.6,0.0
2026,9,15,13,52,13:51,155.6,1.6,2.3,2.8,0.0
2026,9,15,13,53,13:52,159.8,1.7,2.1,2.4,0.0
2026,9,15,13,54,13:53,172.8,1.8,2.2,2.6,0.0
2026,9,15,13,56,13:56,163.8,2.1,2.4,2.8,0.0
2026,9,15,13,58,13:57,162.8,2.3,2.6,2.8,0.0
2026,9,15,13,59,13:58,161.5,2.0,2.4,2.8,0.0
2026,9,15,14,2,14:01,159.3,1.8,2.3,2.6,0.0
2026,9,15,14,3,14:02,157.6,1.8,2.2,2.7,0.0
2026,9,15,14,4,14:03,159.8,1.9,2.4,2.8,0.0
2026,9,15,14,7,14:06,167.3,1.9,2.3,2.6,0.0
2026,9,15,14,8,14:07,161.0,1.8,2.4,3.0,0.0
2026,9,15,14,9,14:08,157.6,2.0,2.6,3.0,0.0
2026,9,15,14,11,14:10,159.7,2.3,2.7,3.1,0.0
2026,9,15,14,13,14:12,159.5,2.5,2.7,3.0,0.0
2026,9,15,14,14,14:13,158.5,2.4,2.7,3.0,0.0
2026,9,15,14,17,14:16,160.9,1.6,2.4,3.2,0.0
2026,9,15,14,18,14:17,164.2,1.9,2.5,3.3,0.0
2026,9,15,14,19,14:18,162.1,2.2,2.6,3.4,0.0
2026,9,15,14,21,14:20,167.4,2.5,2.8,3.1,0.0
2026,9,15,14,23,14:22,173.8,2.4,2.7,2.9,0.0
2026,9,15,14,24,14:23,171.7,2.6,2.9,3.1,0.0
2026,9,15,14,26,14:25,168.2,2.3,3.0,3.3,0.0
2026,9,15,14,28,14:27,170.6,2.4,3.0,3.2,0.0
2026,9,15,14,29,14:28,163.7,2.8,3.1,3.5,0.0
2026,9,15,14,31,14:30,164.3,2.8,3.3,3.7,0.0
2026,9,15,14,33,14:32,165.0,2.7,3.0,3.3,0.0
2026,9,15,14,34,14:33,169.4,2.7,3.1,3.6,0.0
2026,9,15,14,36,14:35,165.7,2.6,3.1,3.7,0.0
2026,9,15,14,38,14:37,161.5,2.6,2.9,3.3,0.0
2026,9,15,14,39,14:38,163.4,2.8,3.1,3.3,0.0
2026,9,15,14,41,14:40,165.4,2.1,2.9,3.5,0.0
2026,9,15,14,43,14:42,160.6,2.5,3.2,3.7,0.0
2026,9,15,14,44,14:43,160.3,2.4,2.9,3.2,0.0
2026,9,15,14,46,14:45,166.5,2.8,3.2,3.4,0.0
2026,9,15,14,48,14:47,159.9,2.3,2.8,2.9,0.0
2026,9,15,14,49,14:48,166.3,2.0,2.6,3.1,0.0
2026,9,15,14,52,14:51,177.8,2.7,3.1,3.3,0.0
2026,9,15,14,53,14:52,179.7,2.9,3.3,3.7,0.0
2026,9,15,14,54,14:53,183.4,2.3,2.8,3.2,0.0
2026,9,15,14,57,14:56,169.9,2.9,3.2,3.5,0.0
2026,9,15,14,58,14:57,169.7,2.7,2.9,3.3,0.0
2026,9,15,14,59,14:58,175.5,2.3,2.7,3.1,0.0
2026,9,15,15,1,15:00,176.4,2.2,2.4,2.8,0.0
2026,9,15,15,3,15:02,195.0,2.3,2.8,3.4,0.0
2026,9,15,15,4,15:03,190.0,2.4,2.8,3.1,0.0
2026,9,15,15,6,15:05,176.3,2.2,2.8,3.7,0.0
2026,9,15,15,8,15:07,194.9,2.5,3.0,3.5,0.0
2026,9,15,15,9,15:08,203.7,2.3,2.7,2.9,0.0
2026,9,15,15,12,15:11,196.5,2.9,3.3,3.6,0.0
2026,9,15,15,13,15:12,195.3,2.9,3.2,3.6,0.0
2026,9,15,15,14,15:13,187.0,2.8,3.0,3.3,0.0
2026,9,15,15,17,15:16,203.0,2.7,2.9,3.1,0.0
2026,9,15,15,18,15:17,196.4,2.6,3.2,3.9,0.0
2026,9,15,15,19,15:18,201.9,2.5,2.8,3.3,0.0
2026,9,15,15,22,15:21,191.4,2.3,2.7,3.0,0.0
2026,9,15,15,23,15:22,182.7,2.6,2.8,3.1,0.0
2026,9,15,15,24,15:23,184.5,2.4,2.7,3.1,0.0
2026,9,15,15,27,15:26,185.9,2.7,3.1,3.5,0.0
2026,9,15,15,28,15:27,198.8,2.6,2.8,3.0,0.0
2026,9,15,15,29,15:28,193.9,2.5,2.8,3.4,0.0
2026,9,15,15,31,15:30,188.1,3.0,3.3,3.7,0.0
2026,9,15,15,33,15:32,181.8,3.1,3.2,3.5,0.0
2026,9,15,15,34,15:33,186.1,2.8,3.1,3.3,0.0
2026,9,15,15,36,15:35,190.2,2.8,3.0,3.3,0.0
2026,9,15,15,38,15:37,189.5,2.8,3.3,3.5,0.0
2026,9,15,15,39,15:38,190.9,2.9,3.2,3.4,0.0
2026,9,15,15,41,15:41,191.2,2.9,3.4,3.6,0.0
2026,9,15,15,43,15:42,189.0,2.7,3.0,3.2,0.0
2026,9,15,15,44,15:43,184.3,2.6,3.0,3.3,0.0
2026,9,15,15,46,15:45,195.0,2.4,2.6,2.9,0.0
2026,9,15,15,48,15:47,189.8,2.5,2.9,3.2,0.0
2026,9,15,15,49,15:48,185.8,2.8,3.2,3.5,0.0
2026,9,15,15,51,15:50,188.3,3.3,3.7,4.1,0.0
2026,9,15,15,53,15:52,189.5,2.6,3.2,3.6,0.0
2026,9,15,15,54,15:53,185.9,3.2,4.0,4.4,0.0
2026,9,15,15,56,15:55,181.8,3.2,3.6,4.0,0.0
2026,9,15,15,58,15:57,186.8,3.1,3.5,3.8,0.0
2026,9,15,15,59,15:58,187.7,2.8,3.2,3.6,0.0
2026,9,15,16,1,16:00,181.0,3.0,3.2,3.6,0.0
2026,9,15,16,3,16:02,185.9,3.2,3.9,4.6,0.0
2026,9,15,16,4,16:03,190.4,3.3,3.7,4.1,0.0
2026,9,15,16,6,16:05,169.7,3.6,3.8,4.2,0.0
2026,9,15,16,8,16:07,174.9,3.2,3.7,4.5,0.0
2026,9,15,16,9,16:08,182.9,3.7,4.3,5.0,0.0
2026,9,15,16,11,16:10,188.7,3.5,4.1,4.7,0.0
2026,9,15,16,13,16:12,188.9,2.9,3.3,3.6,0.0
2026,9,15,16,14,16:13,186.5,2.9,3.5,3.9,0.0
2026,9,15,16,16,16:15,193.5,3.4,3.9,4.3,0.0
2026,9,15,16,18,16:17,195.0,3.0,3.6,4.1,0.0
2026,9,15,16,19,16:18,196.4,3.2,3.6,4.2,0.0
2026,9,15,16,21,16:20,194.0,3.4,3.7,4.0,0.0
2026,9,15,16,23,16:22,181.7,3.0,3.8,5.0,0.0
2026,9,15,16,24,16:23,187.1,3.7,4.3,4.8,0.0
2026,9,15,16,26,16:25,185.0,3.3,3.8,4.2,0.0
2026,9,15,16,28,16:27,202.4,3.0,3.7,4.1,0.0
2026,9,15,16,29,16:28,197.3,3.5,4.0,4.3,0.0
2026,9,15,16,32,16:31,195.1,2.8,3.2,3.8,0.0
2026,9,15,16,33,16:32,190.5,2.9,3.5,4.1,0.0
2026,9,15,16,34,16:33,195.7,3.1,3.6,4.0,0.0
2026,9,15,16,36,16:35,192.5,2.9,3.5,4.0,0.0
2026,9,15,16,38,16:37,181.3,3.6,4.0,4.3,0.0
2026,9,15,16,39,16:38,192.0,3.6,4.0,4.4,0.0
2026,9,15,16,42,16:41,186.7,3.7,4.2,4.8,0.0
2026,9,15,16,43,16:42,186.0,3.6,4.1,4.7,0.0
2026,9,15,16,44,16:43,190.2,3.8,4.5,5.1,0.0
2026,9,15,16,47,16:46,186.1,4.0,4.5,5.0,0.0
2026,9,15,16,48,16:47,186.0,3.8,4.2,4.8,0.0
2026,9,15,16,49,16:48,196.6,3.7,4.2,4.7,0.0
2026,9,15,16,51,16:50,194.6,3.3,3.7,4.1,0.0
2026,9,15,16,53,16:52,199.0,3.1,3.7,4.4,0.0
2026,9,15,16,54,16:53,187.3,3.7,4.7,5.4,0.0
2026,9,15,16,56,16:55,189.8,3.6,4.4,5.2,0.0
2026,9,15,16,58,16:57,193.5,3.9,4.6,5.0,0.0
2026,9,15,16,59,16:58,192.5,4.0,4.5,4.9,0.0
2026,9,15,17,1,17:00,189.0,3.6,3.9,4.3,0.0
2026,9,15,17,3,17:02,193.1,4.4,4.8,5.4,0.0
2026,9,15,17,4,17:03,184.7,3.8,4.2,4.6,0.0
2026,9,15,17,7,17:06,188.9,3.9,4.3,4.6,0.0
2026,9,15,17,8,17:07,194.9,3.8,4.3,4.5,0.0
2026,9,15,17,9,17:08,190.6,3.3,3.9,4.3,0.0
2026,9,15,17,11,17:10,195.2,3.7,4.1,4.6,0.0
2026,9,15,17,13,17:12,186.4,4.0,4.4,5.1,0.0
2026,9,15,17,14,17:13,190.1,3.3,4.1,4.7,0.0
2026,9,15,17,16,17:15,187.5,3.9,4.5,5.1,0.0
2026,9,15,17,18,17:17,189.4,3.7,4.3,4.8,0.0
2026,9,15,17,19,17:18,190.1,3.7,4.1,4.5,0.0
2026,9,15,17,21,17:21,189.9,3.5,4.2,4.7,0.0
2026,9,15,17,23,17:22,188.5,3.5,4.1,4.5,0.0
2026,9,15,17,24,17:23,187.9,3.7,4.5,5.3,0.0
2026,9,15,17,26,17:25,188.8,3.8,4.3,4.8,0.0
2026,9,15,17,28,17:27,194.3,2.9,3.4,4.1,0.0
2026,9,15,17,29,17:28,190.5,3.4,4.1,4.7,0.0
2026,9,15,17,31,17:30,184.6,3.3,4.1,4.8,0.0
2026,9,15,17,33,17:32,185.0,3.7,4.5,4.9,0.0
2026,9,15,17,34,17:33,182.2,3.9,4.4,4.9,0.0
2026,9,15,17,37,17:36,185.2,3.6,4.3,4.9,0.0
2026,9,15,17,38,17:37,189.7,3.4,3.8,4.4,0.0
2026,9,15,17,39,17:38,196.3,3.3,4.0,4.8,0.0
2026,9,15,17,41,17:40,177.7,3.1,3.5,3.9,0.0
2026,9,15,17,43,17:42,182.3,3.3,3.9,4.4,0.0
2026,9,15,17,44,17:43,187.0,3.5,4.0,4.5,0.0
2026,9,15,17,46,17:45,186.6,2.9,3.5,4.4,0.0
2026,9,15,17,48,17:47,179.0,3.7,4.4,4.9,0.0
2026,9,15,17,49,17:48,188.2,3.8,4.4,4.7,0.0
2026,9,15,17,52,17:51,183.2,3.7,4.3,4.9,0.0
2026,9,15,17,53,17:52,186.1,3.5,4.1,4.7,0.0
2026,9,15,17,54,17:53,183.4,3.4,3.8,4.4,0.0
2026,9,15,17,57,17:56,185.9,3.8,4.3,4.6,0.0
2026,9,15,17,58,17:57,187.9,3.5,4.0,4.6,0.0
2026,9,15,17,59,17:58,176.9,3.3,4.1,4.9,0.0
2026,9,15,18,1,18:00,198.6,3.6,4.2,4.8,0.0
2026,9,15,18,3,18:02,180.4,3.8,4.2,4.6,0.0
2026,9,15,18,4,18:03,182.7,3.7,4.1,4.5,0.0
2026,9,15,18,6,18:05,185.1,3.3,3.8,4.1,0.0
2026,9,15,18,8,18:07,194.3,4.0,4.4,4.7,0.0
2026,9,15,18,9,18:08,193.3,3.0,3.7,4.3,0.0
2026,9,15,18,11,18:10,187.5,3.2,3.5,4.1,0.0
2026,9,15,18,13,18:12,194.8,3.1,3.5,3.7,0.0
2026,9,15,18,14,18:13,185.5,3.0,3.5,3.8,0.0
2026,9,15,18,16,18:15,187.1,2.8,3.3,3.8,0.0
2026,9,15,18,18,18:17,192.1,3.0,3.4,3.8,0.0
2026,9,15,18,19,18:18,182.6,3.2,3.5,3.8,0.0
2026,9,15,18,21,18:20,185.6,3.1,3.5,3.9,0.0
2026,9,15,18,23,18:22,191.9,2.9,3.3,3.7,0.0
2026,9,15,18,24,18:23,190.9,2.6,3.4,3.9,0.0
2026,9,15,18,26,18:25,187.2,2.9,3.4,3.9,0.0
2026,9,15,18,28,18:27,177.1,2.7,3.1,3.4,0.0
2026,9,15,18,29,18:28,180.0,2.7,3.2,3.6,0.0
2026,9,15,18,31,18:30,191.4,2.4,2.7,3.1,0.0
2026,9,15,18,33,18:32,190.0,2.4,2.7,3.4,0.0
2026,9,15,18,34,18:33,191.2,3.1,3.6,3.9,0.0
2026,9,15,18,37,18:36,188.7,3.2,3.5,3.7,0.0
2026,9,15,18,38,18:37,192.3,3.1,3.4,3.8,0.0
2026,9,15,18,39,18:38,190.4,2.7,3.2,3.7,0.0
2026,9,15,18,42,18:41,187.0,2.8,3.1,3.4,0.0
2026,9,15,18,43,18:42,187.3,2.8,3.4,3.7,0.0
2026,9,15,18,44,18:43,182.7,3.1,3.5,3.9,0.0
2026,9,15,18,47,18:46,189.8,3.0,3.4,3.7,0.0
2026,9,15,18,48,18:47,180.2,2.8,3.2,3.6,0.0
2026,9,15,18,49,18:48,186.6,2.9,3.2,3.4,0.0
2026,9,15,18,52,18:51,186.6,3.0,3.3,3.5,0.0
2026,9,15,18,53,18:52,182.1,2.8,3.1,3.3,0.0
2026,9,15,18,54,18:53,174.6,2.6,3.0,3.3,0.0
2026,9,15,18,56,18:55,178.7,2.5,3.0,3.4,0.0
2026,9,15,18,58,18:57,188.0,2.8,3.5,4.0,0.0
2026,9,15,18,59,18:58,181.3,3.1,3.4,3.7,0.0
2026,9,15,19,1,19:00,184.4,2.5,3.0,3.5,0.0
2026,9,15,19,3,19:02,179.4,2.4,2.9,3.3,0.0
2026,9,15,19,4,19:03,164.4,2.6,3.0,3.8,0.0
2026,9,15,19,6,19:05,169.1,2.9,3.2,3.5,0.0
2026,9,15,19,8,19:07,172.4,1.9,2.8,3.4,0.0
2026,9,15,19,9,19:08,167.5,2.4,3.0,3.4,0.0
2026,9,15,19,11,19:10,177.4,2.9,3.3,3.7,0.0
2026,9,15,19,13,19:12,182.8,2.8,3.2,3.5,0.0
2026,9,15,19,14,19:13,179.3,2.7,3.0,3.3,0.0
2026,9,15,19,16,19:15,180.6,2.8,3.2,3.6,0.0
2026,9,15,19,18,19:17,186.2,2.8,3.1,3.4,0.0
2026,9,15,19,19,19:18,192.6,2.9,3.1,3.3,0.0
2026,9,15,19,21,19:20,186.1,2.8,3.0,3.3,0.0
2026,9,15,19,23,19:22,184.6,2.7,3.1,3.5,0.0
2026,9,15,19,24,19:23,179.5,2.5,3.0,3.4,0.0
2026,9,15,19,26,19:25,183.1,2.7,3.1,3.4,0.0
2026,9,15,19,28,19:27,189.0,2.3,2.8,3.2,0.0
2026,9,15,19,29,19:28,178.3,2.6,3.0,3.4,0.0
2026,9,15,19,32,19:31,182.6,2.6,3.0,3.3,0.0
2026,9,15,19,33,19:32,181.4,2.5,2.8,3.0,0.0
2026,9,15,19,34,19:33,179.0,2.4,2.7,3.2,0.0
2026,9,15,19,36,19:35,181.9,2.7,3.0,3.2,0.0
2026,9,15,19,38,19:37,171.8,2.0,2.6,3.1,0.0
2026,9,15,19,39,19:38,187.1,2.6,2.9,3.1,0.0
2026,9,15,19,42,19:41,186.4,2.7,2.9,3.2,0.0
2026,9,15,19,43,19:42,189.0,2.4,2.9,3.5,0.0
2026,9,15,19,44,19:43,188.8,2.4,2.9,3.4,0.0
2026,9,15,19,46,19:45,193.9,2.4,2.7,3.0,0.0
2026,9,15,19,48,19:47,182.6,2.3,2.6,2.9,0.0
2026,9,15,19,49,19:48,173.3,2.4,3.0,3.4,0.0
2026,9,15,19,51,19:50,173.2,2.6,3.2,3.6,0.0
2026,9,15,19,53,19:52,176.6,2.6,3.0,3.4,0.0
2026,9,15,19,54,19:53,173.0,2.7,2.9,3.2,0.0
2026,9,15,19,56,19:55,173.1,2.6,2.9,3.2,0.0
2026,9,15,19,58,19:57,175.2,2.6,3.1,3.6,0.0
2026,9,15,19,59,19:58,178.6,2.6,3.0,3.5,0.0
2026,9,15,20,1,20:00,181.2,2.9,3.3,3.6,0.0
2026,9,15,20,3,20:02,189.3,2.5,3.1,3.4,0.0
2026,9,15,20,4,20:03,185.7,2.6,2.9,3.3,0.0
2026,9,15,20,7,20:06,186.4,2.7,3.1,3.3,0.0
2026,9,15,20,8,20:07,188.0,2.6,2.9,3.2,0.0
2026,9,15,20,9,20:08,190.0,2.7,3.1,3.6,0.0
2026,9,15,20,11,20:10,193.3,2.3,2.7,3.2,0.0
2026,9,15,20,13,20:12,201.6,2.4,2.7,3.0,0.0
2026,9,15,20,14,20:13,195.3,2.7,3.2,3.7,0.0
2026,9,15,20,16,20:15,190.4,2.6,3.0,3.3,0.0
2026,9,15,20,18,20:17,180.6,2.7,3.1,3.3,0.0
2026,9,15,20,19,20:18,176.5,2.6,2.9,3.3,0.0
2026,9,15,20,22,20:21,188.0,3.0,3.3,3.7,0.0
2026,9,15,20,23,20:22,184.6,2.9,3.2,3.5,0.0
2026,9,15,20,24,20:23,182.6,2.8,3.1,3.5,0.0
2026,9,15,20,26,20:25,178.1,3.4,3.7,3.9,0.0
2026,9,15,20,28,20:27,187.3,3.0,3.4,3.6,0.0
2026,9,15,20,29,20:28,182.7,2.7,3.1,3.3,0.0
2026,9,15,20,31,20:30,183.1,3.1,3.4,3.9,0.0
2026,9,15,20,33,20:32,182.4,3.3,3.7,3.9,0.0
2026,9,15,20,34,20:33,181.5,3.2,3.5,3.8,0.0
2026,9,15,20,37,20:36,172.9,3.0,3.6,4.2,0.0
2026,9,15,20,38,20:37,188.5,3.2,3.7,4.1,0.0
2026,9,15,20,39,20:38,185.9,2.9,3.2,3.8,0.0
2026,9,15,20,42,20:41,186.0,3.1,3.9,4.4,0.0
2026,9,15,20,43,20:42,178.4,3.3,3.7,4.2,0.0
2026,9,15,20,44,20:43,189.8,3.4,3.8,4.4,0.0
2026,9,15,20,46,20:45,185.1,3.1,3.5,3.9,0.0
2026,9,15,20,48,20:47,177.4,3.5,3.7,4.0,0.0
2026,9,15,20,49,20:48,170.3,2.2,3.3,4.5,0.0
2026,9,15,20,52,20:51,177.0,3.6,4.0,4.6,0.0
2026,9,15,20,53,20:52,173.8,3.4,3.8,4.3,0.0
2026,9,15,20,54,20:53,175.3,3.5,3.8,4.2,0.0
2026,9,15,20,56,20:55,184.0,3.0,3.6,4.6,0.0
2026,9,15,20,58,20:57,172.7,3.5,3.7,4.0,0.0
2026,9,15,20,59,20:58,176.6,3.1,3.4,3.8,0.0
2026,9,15,21,1,21:00,170.8,3.6,4.1,4.3,0.0
2026,9,15,21,3,21:02,168.2,1.8,2.8,3.8,0.0
2026,9,15,21,4,21:03,170.1,2.2,3.7,4.4,0.0
2026,9,15,21,6,21:05,165.2,2.9,3.9,4.6,0.0
2026,9,15,21,8,21:07,175.5,3.3,3.9,4.3,0.0
2026,9,15,21,9,21:08,172.1,3.6,3.8,4.2,0.0
2026,9,15,21,12,21:11,166.9,2.9,3.7,4.6,0.0
2026,9,15,21,13,21:12,162.2,2.7,3.5,4.4,0.0
2026,9,15,21,14,21:13,167.1,3.2,4.4,5.3,0.0
2026,9,15,21,17,21:16,173.2,3.7,4.1,4.4,0.0
2026,9,15,21,18,21:17,165.5,3.6,4.2,4.7,0.0
2026,9,15,21,19,21:18,165.1,3.8,4.3,4.9,0.0
2026,9,15,21,21,21:20,173.6,3.5,4.1,4.6,0.0
2026,9,15,21,23,21:22,170.7,3.5,4.1,4.5,0.0
2026,9,15,21,24,21:23,170.8,2.3,3.3,4.3,0.0
2026,9,15,21,27,21:26,168.8,2.8,3.4,3.8,0.0
2026,9,15,21,28,21:27,163.7,3.0,4.2,4.9,0.0
2026,9,15,21,29,21:28,171.2,3.0,3.9,4.5,0.0
2026,9,15,21,31,21:30,169.4,3.3,3.8,4.3,0.0
2026,9,15,21,33,21:32,171.7,3.4,3.8,4.1,0.0
2026,9,15,21,34,21:33,173.3,3.2,3.7,4.1,0.0
2026,9,15,21,36,21:35,166.6,2.7,3.9,4.4,0.0
2026,9,15,21,38,21:37,159.7,2.3,3.4,4.0,0.0
2026,9,15,21,39,21:38,165.7,2.5,3.6,4.2,0.0
2026,9,15,21,42,21:41,163.4,3.4,4.2,4.7,0.0
2026,9,15,21,43,21:42,164.5,3.6,4.2,4.7,0.0
2026,9,15,21,44,21:43,166.8,3.0,3.8,4.3,0.0
2026,9,15,21,46,21:45,169.1,2.6,3.9,4.8,0.0
2026,9,15,21,48,21:47,169.3,3.7,4.4,4.9,0.0
2026,9,15,21,49,21:48,165.0,3.3,4.3,4.8,0.0
2026,9,15,21,51,21:50,172.9,3.3,4.0,4.5,0.0
2026,9,15,21,53,21:52,169.2,3.0,3.7,4.1,0.0
2026,9,15,21,54,21:53,165.2,3.1,3.8,4.4,0.0
2026,9,15,21,56,21:55,166.5,3.4,3.9,4.6,0.0
2026,9,15,21,58,21:57,167.3,2.5,3.9,4.7,0.0
2026,9,15,21,59,21:58,169.0,3.2,3.9,4.8,0.0
2026,9,15,22,2,22:01,175.5,3.6,4.3,4.7,0.0
2026,9,15,22,3,22:02,169.8,2.7,3.7,4.5,0.0
2026,9,15,22,4,22:03,170.4,3.0,4.1,4.7,0.0
2026,9,15,22,6,22:05,152.4,3.2,4.2,5.3,0.0
2026,9,15,22,8,22:07,165.8,2.7,3.7,4.5,0.0
2026,9,15,22,9,22:08,169.0,3.3,4.0,4.8,0.0
2026,9,15,22,11,22:11,163.8,3.3,4.5,5.2,0.0
2026,9,15,22,13,22:12,166.9,3.8,4.3,4.8,0.0
2026,9,15,22,14,22:13,171.7,4.2,4.5,5.2,0.0
2026,9,15,22,17,22:16,174.2,2.9,4.1,4.9,0.0
2026,9,15,22,18,22:17,165.2,2.8,3.9,4.9,0.0
2026,9,15,22,19,22:18,159.0,3.4,4.1,4.7,0.0
2026,9,15,22,22,22:21,156.6,2.3,3.7,4.7,0.0
2026,9,15,22,23,22:22,159.0,2.7,3.8,4.7,0.0
2026,9,15,22,24,22:23,167.0,2.6,4.2,4.9,0.0
2026,9,15,22,26,22:25,164.3,3.3,4.1,4.9,0.0
2026,9,15,22,28,22:27,149.8,1.7,2.8,4.2,0.0
2026,9,15,22,29,22:28,163.7,3.2,3.9,5.3,0.0
2026,9,15,22,31,22:30,161.8,2.9,3.8,4.6,0.0
2026,9,15,22,33,22:32,154.7,2.8,3.5,4.6,0.0
2026,9,15,22,34,22:33,157.5,1.6,2.6,3.7,0.0
2026,9,15,22,36,22:35,153.9,2.4,3.6,5.1,0.0
2026,9,15,22,38,22:37,158.3,3.0,3.9,4.7,0.0
2026,9,15,22,39,22:38,163.9,3.0,4.0,5.1,0.0
2026,9,15,22,41,22:40,158.8,3.1,4.6,5.7,0.0
2026,9,15,22,43,22:42,159.6,1.8,3.1,4.3,0.0
2026,9,15,22,44,22:43,161.5,1.7,2.5,3.5,0.0
2026,9,15,22,46,22:45,157.1,2.4,3.3,4.0,0.0
2026,9,15,22,48,22:47,163.1,1.4,2.6,3.3,0.0
2026,9,15,22,49,22:48,160.7,2.2,3.0,3.6,0.0
2026,9,15,22,51,22:50,144.4,0.7,1.7,4.0,0.0
2026,9,15,22,53,22:52,161.2,0.0,1.7,2.9,0.0
2026,9,15,22,54,22:53,162.4,1.4,2.4,3.7,0.0
2026,9,15,22,57,22:56,166.2,1.4,2.4,3.2,0.0
2026,9,15,22,58,22:57,160.1,1.8,2.6,3.1,0.0
2026,9,15,22,59,22:58,155.9,1.8,2.7,3.4,0.0
2026,9,15,23,2,23:01,158.3,3.4,4.0,4.6,0.0
2026,9,15,23,3,23:02,154.1,1.8,3.0,4.3,0.0
2026,9,15,23,4,23:03,163.7,2.2,3.1,3.7,0.0
2026,9,15,23,6,23:05,150.5,0.8,2.2,3.3,0.0
2026,9,15,23,8,23:07,163.6,2.2,2.8,3.4,0.0
2026,9,15,23,9,23:08,160.0,2.4,3.2,3.9,0.0
2026,9,15,23,11,23:10,163.6,2.4,2.8,3.5,0.0
2026,9,15,23,13,23:12,165.8,1.5,2.5,3.4,0.0
2026,9,15,23,14,23:13,159.0,1.0,2.0,3.0,0.0
2026,9,15,23,16,23:15,166.5,1.3,2.2,2.9,0.0
2026,9,15,23,18,23:17,160.6,2.5,3.8,5.3,0.0
2026,9,15,23,19,23:18,150.0,0.6,1.9,3.1,0.0
2026,9,15,23,21,23:20,153.2,1.0,1.5,2.2,0.0
2026,9,15,23,23,23:22,159.8,2.7,3.5,4.2,0.0
2026,9,15,23,24,23:23,155.0,1.7,2.4,3.2,0.0
2026,9,15,23,26,23:26,155.2,1.2,1.4,2.2,0.0
2026,9,15,23,28,23:27,163.0,1.3,1.8,2.7,0.0
2026,9,15,23,29,23:28,163.0,1.0,2.1,3.1,0.0
2026,9,15,23,32,23:31,163.1,1.1,2.5,3.7,0.0
2026,9,15,23,33,23:32,159.1,0.0,1.4,2.2,0.0
2026,9,15,23,34,23:33,159.4,0.8,1.4,2.1,0.0
2026,9,15,23,36,23:35,161.6,2.0,3.3,5.3,0.0
2026,9,15,23,38,23:37,147.7,0.5,1.4,2.5,0.0
2026,9,15,23,39,23:38,163.8,0.5,1.4,2.6,0.0
2026,9,15,23,42,23:41,158.7,2.0,2.9,3.9,0.0
2026,9,15,23,43,23:42,161.0,2.3,3.6,4.9,0.0
2026,9,15,23,44,23:43,156.5,1.1,2.4,4.0,0.0
2026,9,15,23,47,23:45,155.0,1.9,2.8,4.0,0.0
2026,9,15,23,48,23:47,151.0,1.1,2.5,4.3,0.0
2026,9,15,23,49,23:48,162.7,0.7,1.7,2.8,0.0
2026,9,15,23,52,23:51,169.5,1.0,2.3,3.4,0.0
2026,9,15,23,53,23:52,162.7,0.0,1.5,2.8,0.0
2026,9,15,23,54,23:53,157.8,0.9,1.9,3.5,0.0
2026,9,15,23,56,23:55,157.2,0.9,2.2,3.5,0.0
2026,9,15,23,58,23:57,174.5,0.4,1.2,2.5,0.0
2026,9,15,23,59,23:58,146.4,1.3,2.0,3.4,0.0
