# Helsinki Laru (dlarah.org Lauttasaari) 2026-09-28 Suomen aikaa — lähteen Laru_2026-271.txt sellaisenaan
# vuosi kk pv kirjoitus-h kirjoitus-min hh:mm suunta min ka max lämpötila (asemalla ei mittaria)
2026,9,28,0,1,23:59,220.6,0.0,0.0,0.0,0.0
2026,9,28,0,3,00:02,220.6,0.2,0.5,0.8,0.0
2026,9,28,0,4,00:03,220.6,0.0,0.4,0.6,0.0
2026,9,28,0,6,00:06,220.6,0.0,0.1,0.2,0.0
2026,9,28,0,8,00:07,220.6,0.0,0.4,0.6,0.0
2026,9,28,0,9,00:08,220.5,0.0,0.0,0.0,0.0
2026,9,28,0,11,00:11,220.6,0.0,0.2,0.3,0.0
2026,9,28,0,13,00:12,220.5,0.0,0.0,0.0,0.0
2026,9,28,0,14,00:14,220.5,0.0,0.0,0.0,0.0
2026,9,28,0,17,00:16,220.5,0.0,0.2,0.5,0.0
2026,9,28,0,18,00:17,220.5,0.0,0.0,0.0,0.0
2026,9,28,0,19,00:18,220.6,0.0,0.0,0.0,0.0
2026,9,28,0,21,00:18,220.6,0.0,0.0,0.0,0.0
2026,9,28,0,23,00:22,220.5,0.0,0.3,0.5,0.0
2026,9,28,0,24,00:23,220.5,0.0,0.1,0.2,0.0
2026,9,28,0,26,00:25,220.5,0.0,0.3,0.4,0.0
2026,9,28,0,28,00:27,220.6,0.0,0.3,0.4,0.0
2026,9,28,0,29,00:29,220.6,0.0,0.4,0.6,0.0
2026,9,28,0,32,00:31,220.6,0.0,0.1,0.4,0.0
2026,9,28,0,33,00:32,220.6,0.0,0.0,0.0,0.0
2026,9,28,0,34,00:32,220.6,0.0,0.0,0.0,0.0
2026,9,28,0,37,00:36,220.6,0.0,0.0,0.0,0.0
2026,9,28,0,38,00:37,220.5,0.0,0.0,0.0,0.0
2026,9,28,0,39,00:38,220.6,0.0,0.0,0.0,0.0
2026,9,28,0,41,00:41,220.6,0.0,0.0,0.0,0.0
2026,9,28,0,43,00:42,220.6,0.0,0.1,0.4,0.0
2026,9,28,0,44,00:43,220.6,0.0,0.2,0.3,0.0
2026,9,28,0,46,00:45,220.6,0.0,0.0,0.0,0.0
2026,9,28,0,48,00:47,220.5,0.0,0.2,0.3,0.0
2026,9,28,0,49,00:48,220.6,0.0,0.0,0.0,0.0
2026,9,28,0,51,00:50,220.5,0.0,0.0,0.0,0.0
2026,9,28,0,53,00:52,220.5,0.0,0.0,0.0,0.0
2026,9,28,0,54,00:54,220.6,0.0,0.0,0.0,0.0
2026,9,28,0,56,00:55,220.6,0.0,0.0,0.0,0.0
2026,9,28,0,58,00:57,220.6,0.0,0.0,0.0,0.0
2026,9,28,0,59,00:57,220.6,0.0,0.0,0.0,0.0
2026,9,28,1,2,01:01,220.6,0.0,0.0,0.0,0.0
2026,9,28,1,3,01:02,220.6,0.0,0.0,0.0,0.0
2026,9,28,1,4,01:03,220.6,0.0,0.0,0.0,0.0
2026,9,28,1,6,01:05,220.6,0.0,0.0,0.0,0.0
2026,9,28,1,8,01:07,220.6,0.0,0.0,0.0,0.0
2026,9,28,1,9,01:08,220.6,0.0,0.1,0.2,0.0
2026,9,28,1,11,01:11,220.5,0.0,0.1,0.5,0.0
2026,9,28,1,13,01:12,220.6,0.0,0.0,0.0,0.0
2026,9,28,1,14,01:13,220.6,0.0,0.2,0.4,0.0
2026,9,28,1,16,01:16,220.6,0.0,0.0,0.0,0.0
2026,9,28,1,18,01:17,220.6,0.0,0.0,0.0,0.0
2026,9,28,1,19,01:19,220.6,0.0,0.0,0.0,0.0
2026,9,28,1,22,01:21,220.6,0.0,0.0,0.0,0.0
2026,9,28,1,23,01:22,220.6,0.0,0.0,0.0,0.0
2026,9,28,1,24,01:24,220.6,0.0,0.0,0.0,0.0
2026,9,28,1,26,01:26,220.5,0.0,0.0,0.0,0.0
2026,9,28,1,28,01:27,220.5,0.0,0.0,0.0,0.0
2026,9,28,1,29,01:29,220.6,0.0,0.0,0.0,0.0
2026,9,28,1,31,01:31,220.6,0.0,0.0,0.0,0.0
2026,9,28,1,33,01:32,220.6,0.0,0.0,0.0,0.0
2026,9,28,1,34,01:33,220.6,0.0,0.0,0.0,0.0
2026,9,28,1,36,01:35,220.6,0.0,0.2,0.4,0.0
2026,9,28,1,38,01:37,220.5,0.0,0.3,0.4,0.0
2026,9,28,1,39,01:38,220.6,0.0,0.3,0.4,0.0
2026,9,28,1,41,01:40,220.6,0.0,0.4,0.8,0.0
2026,9,28,1,43,01:42,220.6,0.0,0.4,0.6,0.0
2026,9,28,1,44,01:43,220.6,0.0,0.3,0.4,0.0
2026,9,28,1,46,01:45,220.6,0.0,0.0,0.0,0.0
2026,9,28,1,48,01:47,220.5,0.0,0.2,0.2,0.0
2026,9,28,1,49,01:49,220.6,0.0,0.3,0.3,0.0
2026,9,28,1,51,01:50,220.6,0.0,0.4,0.4,0.0
2026,9,28,1,53,01:52,220.5,0.0,0.3,0.3,0.0
2026,9,28,1,54,01:54,220.6,0.0,0.3,0.4,0.0
2026,9,28,1,56,01:56,220.6,0.0,0.5,0.5,0.0
2026,9,28,1,58,01:57,220.6,0.0,0.5,0.5,0.0
2026,9,28,1,59,01:58,220.6,0.0,0.4,0.4,0.0
2026,9,28,2,1,02:00,220.6,0.0,0.2,0.2,0.0
2026,9,28,2,3,02:02,220.6,0.0,0.0,0.0,0.0
2026,9,28,2,4,02:04,220.6,0.0,0.2,0.3,0.0
2026,9,28,2,7,02:06,220.6,0.0,0.2,0.2,0.0
2026,9,28,2,8,02:07,220.6,0.0,0.0,0.0,0.0
2026,9,28,2,9,02:09,220.6,0.0,0.0,0.0,0.0
2026,9,28,2,11,02:11,220.6,0.0,0.0,0.0,0.0
2026,9,28,2,13,02:12,220.6,0.0,0.0,0.0,0.0
2026,9,28,2,14,02:13,220.6,0.0,0.0,0.0,0.0
2026,9,28,2,17,02:16,220.6,0.0,0.0,0.0,0.0
2026,9,28,2,18,02:17,220.6,0.0,0.0,0.0,0.0
2026,9,28,2,19,02:18,220.6,0.0,0.2,0.6,0.0
2026,9,28,2,21,02:20,220.6,0.0,0.0,0.0,0.0
2026,9,28,2,23,02:22,220.6,0.0,0.0,0.0,0.0
2026,9,28,2,24,02:24,220.6,0.0,0.0,0.0,0.0
2026,9,28,2,27,02:26,220.6,0.0,0.0,0.0,0.0
2026,9,28,2,28,02:27,220.6,0.0,0.3,0.4,0.0
2026,9,28,2,29,02:29,220.6,0.0,0.0,0.0,0.0
2026,9,28,2,32,02:31,220.6,0.0,0.0,0.0,0.0
2026,9,28,2,33,02:32,220.6,0.0,0.0,0.0,0.0
2026,9,28,2,34,02:34,220.6,0.4,0.5,0.5,0.0
2026,9,28,2,36,02:35,220.6,0.0,0.4,0.5,0.0
2026,9,28,2,38,02:37,220.6,0.0,0.3,0.4,0.0
2026,9,28,2,39,02:39,220.6,0.0,0.2,0.2,0.0
2026,9,28,2,42,02:41,220.6,0.0,0.0,0.0,0.0
2026,9,28,2,43,02:42,220.6,0.0,0.0,0.0,0.0
2026,9,28,2,44,02:44,220.6,0.0,0.0,0.0,0.0
2026,9,28,2,46,02:45,220.6,0.0,0.0,0.0,0.0
2026,9,28,2,48,02:47,220.6,0.0,0.0,0.0,0.0
2026,9,28,2,49,02:48,220.6,0.0,0.0,0.0,0.0
2026,9,28,2,51,02:50,220.6,0.0,0.0,0.0,0.0
2026,9,28,2,53,02:52,220.6,0.0,0.0,0.0,0.0
2026,9,28,2,54,02:53,220.6,0.0,0.0,0.0,0.0
2026,9,28,2,57,02:56,220.6,0.0,0.2,0.2,0.0
2026,9,28,2,58,02:57,220.5,0.0,0.0,0.0,0.0
2026,9,28,2,59,02:58,220.6,0.0,0.0,0.0,0.0
2026,9,28,3,1,03:00,220.6,0.0,0.0,0.0,0.0
2026,9,28,3,3,03:02,220.6,0.0,0.1,0.2,0.0
2026,9,28,3,4,03:04,220.6,0.0,0.0,0.0,0.0
2026,9,28,3,7,03:06,220.6,0.0,0.2,0.2,0.0
2026,9,28,3,8,03:07,220.6,0.0,0.2,0.3,0.0
2026,9,28,3,9,03:08,220.6,0.0,0.2,0.3,0.0
2026,9,28,3,11,03:11,220.6,0.0,0.0,0.0,0.0
2026,9,28,3,13,03:12,220.6,0.0,0.0,0.0,0.0
2026,9,28,3,14,03:13,220.6,0.0,0.0,0.0,0.0
2026,9,28,3,17,03:16,220.6,0.0,0.0,0.0,0.0
2026,9,28,3,18,03:17,220.6,0.0,0.4,0.5,0.0
2026,9,28,3,19,03:19,220.6,0.0,0.6,0.8,0.0
2026,9,28,3,22,03:21,220.6,0.0,0.1,0.4,0.0
2026,9,28,3,23,03:22,220.6,0.0,0.0,0.0,0.0
2026,9,28,3,24,03:24,220.6,0.0,0.0,0.0,0.0
2026,9,28,3,27,03:26,220.5,0.0,0.0,0.0,0.0
2026,9,28,3,28,03:27,220.6,0.0,0.0,0.0,0.0
2026,9,28,3,29,03:29,220.6,0.0,0.0,0.0,0.0
2026,9,28,3,32,03:31,220.6,0.0,0.1,0.3,0.0
2026,9,28,3,33,03:32,220.6,0.0,0.2,0.2,0.0
2026,9,28,3,34,03:34,220.6,0.0,0.3,0.3,0.0
2026,9,28,3,36,03:36,220.6,0.0,0.3,0.3,0.0
2026,9,28,3,38,03:37,220.6,0.0,0.1,0.2,0.0
2026,9,28,3,39,03:38,220.6,0.0,0.0,0.0,0.0
2026,9,28,3,41,03:41,220.6,0.0,0.0,0.0,0.0
2026,9,28,3,43,03:42,220.6,0.0,0.0,0.0,0.0
2026,9,28,3,44,03:43,220.6,0.0,0.0,0.0,0.0
2026,9,28,3,46,03:45,220.6,0.0,0.0,0.0,0.0
2026,9,28,3,48,03:47,220.6,0.0,0.0,0.0,0.0
2026,9,28,3,49,03:48,220.6,0.0,0.0,0.0,0.0
2026,9,28,3,51,03:50,220.6,0.0,0.0,0.0,0.0
2026,9,28,3,53,03:52,220.6,0.0,0.0,0.0,0.0
2026,9,28,3,54,03:53,220.6,0.0,0.0,0.0,0.0
2026,9,28,3,56,03:55,220.6,0.0,0.0,0.0,0.0
2026,9,28,3,58,03:57,220.6,0.0,0.1,0.1,0.0
2026,9,28,3,59,03:59,220.6,0.0,0.0,0.0,0.0
2026,9,28,4,2,04:01,220.6,0.0,0.0,0.0,0.0
2026,9,28,4,3,04:02,220.6,0.0,0.0,0.0,0.0
2026,9,28,4,4,04:03,220.6,0.0,0.0,0.0,0.0
2026,9,28,4,6,04:05,220.6,0.0,0.0,0.0,0.0
2026,9,28,4,8,04:07,220.6,0.0,0.6,0.6,0.0
2026,9,28,4,9,04:09,220.6,0.0,0.0,0.0,0.0
2026,9,28,4,12,04:11,220.5,0.0,0.0,0.0,0.0
2026,9,28,4,13,04:12,220.6,0.0,0.0,0.0,0.0
2026,9,28,4,14,04:13,220.6,0.0,0.0,0.0,0.0
2026,9,28,4,16,04:16,220.6,0.0,0.0,0.0,0.0
2026,9,28,4,18,04:17,220.6,0.0,0.0,0.0,0.0
2026,9,28,4,19,04:18,220.6,0.0,0.0,0.0,0.0
2026,9,28,4,21,04:21,220.6,0.0,0.0,0.0,0.0
2026,9,28,4,23,04:22,220.5,0.0,0.0,0.0,0.0
2026,9,28,4,24,04:24,220.6,0.0,0.0,0.0,0.0
2026,9,28,4,27,04:26,220.6,0.0,0.0,0.0,0.0
2026,9,28,4,28,04:27,220.6,0.0,0.0,0.0,0.0
2026,9,28,4,29,04:29,220.6,0.0,0.0,0.0,0.0
2026,9,28,4,32,04:31,220.6,0.0,0.0,0.0,0.0
2026,9,28,4,33,04:32,220.6,0.0,0.0,0.0,0.0
2026,9,28,4,34,04:33,220.5,0.0,0.0,0.0,0.0
2026,9,28,4,36,04:35,220.6,0.0,0.0,0.0,0.0
2026,9,28,4,38,04:37,220.6,0.0,0.0,0.0,0.0
2026,9,28,4,39,04:38,220.6,0.0,0.0,0.0,0.0
2026,9,28,4,41,04:40,220.6,0.0,0.0,0.0,0.0
2026,9,28,4,43,04:42,220.5,0.0,0.0,0.0,0.0
2026,9,28,4,44,04:43,220.5,0.0,0.0,0.0,0.0
2026,9,28,4,46,04:45,220.6,0.0,0.0,0.0,0.0
2026,9,28,4,48,04:47,220.5,0.0,0.0,0.0,0.0
2026,9,28,4,49,04:48,220.6,0.0,0.0,0.0,0.0
2026,9,28,4,51,04:51,220.6,0.0,0.0,0.0,0.0
2026,9,28,4,53,04:52,220.6,0.0,0.0,0.0,0.0
2026,9,28,4,54,04:53,220.6,0.0,0.0,0.0,0.0
2026,9,28,4,56,04:55,220.6,0.0,0.0,0.0,0.0
2026,9,28,4,58,04:57,220.6,0.0,0.3,0.3,0.0
2026,9,28,4,59,04:58,220.6,0.0,0.0,0.0,0.0
2026,9,28,5,2,05:01,220.6,0.0,0.0,0.0,0.0
2026,9,28,5,3,05:02,220.5,0.0,0.0,0.0,0.0
2026,9,28,5,4,05:04,220.6,0.0,0.0,0.0,0.0
2026,9,28,5,6,05:06,220.6,0.0,0.0,0.0,0.0
2026,9,28,5,8,05:07,220.6,0.0,0.0,0.0,0.0
2026,9,28,5,9,05:08,220.6,0.0,0.0,0.0,0.0
2026,9,28,5,11,05:10,220.6,0.0,0.0,0.0,0.0
2026,9,28,5,13,05:10,220.6,0.0,0.0,0.0,0.0
2026,9,28,5,14,05:13,220.6,0.0,0.0,0.0,0.0
2026,9,28,5,17,05:16,220.6,0.0,0.0,0.0,0.0
2026,9,28,5,18,05:17,220.6,0.0,0.0,0.0,0.0
2026,9,28,5,19,05:19,220.5,0.0,0.3,0.6,0.0
2026,9,28,5,22,05:21,220.6,0.0,0.4,0.6,0.0
2026,9,28,5,23,05:22,220.6,0.0,0.4,0.6,0.0
2026,9,28,5,24,05:23,220.6,0.0,0.2,0.2,0.0
2026,9,28,5,26,05:25,220.5,0.0,0.0,0.0,0.0
2026,9,28,5,28,05:27,220.6,0.0,0.0,0.0,0.0
2026,9,28,5,29,05:29,220.6,0.0,0.0,0.0,0.0
2026,9,28,5,32,05:31,220.5,0.0,0.0,0.0,0.0
2026,9,28,5,33,05:32,220.6,0.0,0.0,0.0,0.0
2026,9,28,5,34,05:33,220.6,0.0,0.0,0.0,0.0
2026,9,28,5,36,05:36,220.6,0.0,0.0,0.0,0.0
2026,9,28,5,38,05:37,220.6,0.0,0.0,0.0,0.0
2026,9,28,5,39,05:37,220.6,0.0,0.0,0.0,0.0
2026,9,28,5,42,05:41,220.5,0.0,0.0,0.0,0.0
2026,9,28,5,43,05:42,220.6,0.0,0.0,0.0,0.0
2026,9,28,5,44,05:43,220.5,0.0,0.0,0.0,0.0
2026,9,28,5,46,05:45,220.6,0.0,0.0,0.0,0.0
2026,9,28,5,48,05:47,220.6,0.0,0.4,0.6,0.0
2026,9,28,5,49,05:48,220.6,0.0,0.2,0.3,0.0
2026,9,28,5,51,05:50,220.6,0.0,0.0,0.0,0.0
2026,9,28,5,53,05:52,220.5,0.0,0.0,0.0,0.0
2026,9,28,5,54,05:53,220.6,0.0,0.0,0.0,0.0
2026,9,28,5,57,05:56,220.6,0.0,0.0,0.0,0.0
2026,9,28,5,58,05:57,220.5,0.0,0.4,0.5,0.0
2026,9,28,5,59,05:58,220.6,0.0,0.4,0.4,0.0
2026,9,28,6,1,05:59,220.6,0.0,0.5,0.6,0.0
2026,9,28,6,3,06:02,220.6,0.0,0.4,0.5,0.0
2026,9,28,6,4,06:03,220.6,0.0,0.3,0.4,0.0
2026,9,28,6,6,06:05,220.6,0.0,0.3,0.4,0.0
2026,9,28,6,8,06:07,220.6,0.0,0.0,0.0,0.0
2026,9,28,6,9,06:08,220.6,0.0,0.2,0.3,0.0
2026,9,28,6,11,06:11,220.6,0.0,0.0,0.0,0.0
2026,9,28,6,13,06:12,220.6,0.0,0.0,0.0,0.0
2026,9,28,6,14,06:14,220.6,0.0,0.0,0.0,0.0
2026,9,28,6,17,06:16,220.6,0.0,0.0,0.0,0.0
2026,9,28,6,18,06:17,220.6,0.0,0.0,0.0,0.0
2026,9,28,6,19,06:18,220.6,0.0,0.0,0.0,0.0
2026,9,28,6,21,06:20,220.6,0.0,0.0,0.0,0.0
2026,9,28,6,23,06:22,220.6,0.0,0.0,0.0,0.0
2026,9,28,6,24,06:23,220.6,0.0,0.0,0.0,0.0
2026,9,28,6,26,06:25,220.5,0.0,0.0,0.0,0.0
2026,9,28,6,28,06:27,220.6,0.0,0.0,0.0,0.0
2026,9,28,6,29,06:28,220.6,0.0,0.0,0.0,0.0
2026,9,28,6,31,06:30,220.6,0.0,0.0,0.0,0.0
2026,9,28,6,33,06:32,220.6,0.0,0.0,0.0,0.0
2026,9,28,6,34,06:33,220.6,0.0,0.0,0.0,0.0
2026,9,28,6,36,06:35,220.6,0.0,0.0,0.0,0.0
2026,9,28,6,38,06:37,220.6,0.0,0.0,0.0,0.0
2026,9,28,6,39,06:38,220.6,0.0,0.0,0.0,0.0
2026,9,28,6,41,06:40,220.6,0.0,0.0,0.0,0.0
2026,9,28,6,43,06:42,220.6,0.0,0.0,0.0,0.0
2026,9,28,6,44,06:44,220.6,0.0,0.2,0.4,0.0
2026,9,28,6,46,06:46,220.6,0.0,0.0,0.0,0.0
2026,9,28,6,48,06:47,220.6,0.0,0.0,0.0,0.0
2026,9,28,6,49,06:48,220.6,0.0,0.0,0.0,0.0
2026,9,28,6,51,06:50,220.6,0.0,0.0,0.0,0.0
2026,9,28,6,53,06:52,220.6,0.0,0.0,0.0,0.0
2026,9,28,6,54,06:52,220.6,0.0,0.0,0.0,0.0
2026,9,28,6,56,06:56,220.6,0.0,0.0,0.0,0.0
2026,9,28,6,58,06:57,220.6,0.0,0.0,0.0,0.0
2026,9,28,6,59,06:58,220.6,0.0,0.0,0.0,0.0
2026,9,28,7,2,07:01,220.6,0.0,0.0,0.0,0.0
2026,9,28,7,3,07:02,220.6,0.0,0.0,0.0,0.0
2026,9,28,7,4,07:03,220.6,0.0,0.0,0.0,0.0
2026,9,28,7,6,07:05,220.6,0.0,0.0,0.0,0.0
2026,9,28,7,8,07:07,220.5,0.0,0.0,0.0,0.0
2026,9,28,7,9,07:09,220.6,0.0,0.0,0.0,0.0
2026,9,28,7,11,07:10,220.5,0.0,0.0,0.0,0.0
2026,9,28,7,13,07:12,220.6,0.0,0.0,0.0,0.0
2026,9,28,7,14,07:13,220.6,0.0,0.0,0.0,0.0
2026,9,28,7,16,07:16,220.6,0.0,0.0,0.0,0.0
2026,9,28,7,18,07:16,220.6,0.0,0.0,0.0,0.0
2026,9,28,7,19,07:16,220.6,0.0,0.0,0.0,0.0
2026,9,28,7,21,07:16,220.6,0.0,0.0,0.0,0.0
2026,9,28,7,23,07:22,220.6,0.0,0.0,0.0,0.0
2026,9,28,7,24,07:23,220.6,0.0,0.0,0.0,0.0
2026,9,28,7,26,07:25,220.5,0.0,0.0,0.0,0.0
2026,9,28,7,28,07:27,220.6,0.0,0.1,0.4,0.0
2026,9,28,7,29,07:28,220.6,0.0,0.0,0.0,0.0
2026,9,28,7,32,07:31,220.7,0.0,0.0,0.0,0.0
2026,9,28,7,33,07:32,220.7,0.0,0.0,0.0,0.0
2026,9,28,7,34,07:33,220.7,0.0,0.0,0.0,0.0
2026,9,28,7,36,07:35,220.7,0.0,0.0,0.0,0.0
2026,9,28,7,38,07:37,220.7,0.0,0.0,0.0,0.0
2026,9,28,7,39,07:38,220.7,0.0,0.0,0.0,0.0
2026,9,28,7,41,07:40,220.7,0.0,0.0,0.0,0.0
2026,9,28,7,43,07:42,220.7,0.0,0.0,0.0,0.0
2026,9,28,7,44,07:43,220.7,0.0,0.0,0.0,0.0
2026,9,28,7,47,07:46,220.7,0.0,0.0,0.0,0.0
2026,9,28,7,48,07:47,220.7,0.0,0.0,0.0,0.0
2026,9,28,7,49,07:48,220.7,0.0,0.0,0.0,0.0
2026,9,28,7,52,07:51,220.7,0.0,0.0,0.0,0.0
2026,9,28,7,53,07:52,220.7,0.0,0.0,0.0,0.0
2026,9,28,7,54,07:53,220.7,0.0,0.0,0.0,0.0
2026,9,28,7,56,07:55,220.7,0.0,0.0,0.0,0.0
2026,9,28,7,58,07:57,220.7,0.0,0.0,0.0,0.0
2026,9,28,7,59,07:58,220.7,0.0,0.0,0.0,0.0
2026,9,28,8,1,08:01,220.7,0.0,0.0,0.0,0.0
2026,9,28,8,3,08:02,220.7,0.0,0.0,0.0,0.0
2026,9,28,8,4,08:03,220.7,0.0,0.0,0.0,0.0
2026,9,28,8,6,08:06,220.7,0.0,0.4,0.9,0.0
2026,9,28,8,8,08:07,220.7,0.0,0.5,0.7,0.0
2026,9,28,8,9,08:08,220.7,0.0,0.2,0.4,0.0
2026,9,28,8,11,08:10,220.7,0.0,0.3,0.8,0.0
2026,9,28,8,13,08:12,220.7,0.0,0.1,0.2,0.0
2026,9,28,8,14,08:13,220.7,0.0,0.0,0.0,0.0
2026,9,28,8,16,08:16,220.7,0.0,0.0,0.0,0.0
2026,9,28,8,18,08:17,220.7,0.0,0.0,0.0,0.0
2026,9,28,8,19,08:19,220.7,0.0,0.0,0.0,0.0
2026,9,28,8,22,08:21,220.7,0.0,0.0,0.0,0.0
2026,9,28,8,23,08:22,212.4,0.0,0.4,1.4,0.0
2026,9,28,8,24,08:23,162.2,1.2,1.4,1.7,0.0
2026,9,28,8,26,08:25,205.5,0.6,0.7,0.9,0.0
2026,9,28,8,28,08:27,205.5,0.0,0.7,1.0,0.0
2026,9,28,8,29,08:28,205.5,0.0,0.2,0.4,0.0
2026,9,28,8,31,08:31,205.5,0.6,0.8,1.2,0.0
2026,9,28,8,33,08:32,205.5,0.9,1.3,1.9,0.0
2026,9,28,8,34,08:33,205.5,1.7,1.9,2.1,0.0
2026,9,28,8,36,08:36,188.9,2.0,2.2,2.6,0.0
2026,9,28,8,38,08:37,188.5,1.8,2.3,2.5,0.0
2026,9,28,8,39,08:38,189.9,2.1,2.3,2.5,0.0
2026,9,28,8,41,08:40,187.7,2.0,2.3,2.7,0.0
2026,9,28,8,43,08:42,189.2,2.3,2.8,3.5,0.0
2026,9,28,8,44,08:44,184.5,2.8,3.2,3.4,0.0
2026,9,28,8,47,08:46,180.1,2.9,3.2,3.5,0.0
2026,9,28,8,48,08:47,181.9,2.8,3.1,3.5,0.0
2026,9,28,8,49,08:48,178.7,2.4,2.9,3.3,0.0
2026,9,28,8,51,08:50,181.6,2.5,2.8,3.1,0.0
2026,9,28,8,53,08:52,180.2,2.6,2.9,3.3,0.0
2026,9,28,8,54,08:54,179.5,2.7,3.0,3.2,0.0
2026,9,28,8,56,08:55,179.7,3.0,3.3,3.7,0.0
2026,9,28,8,58,08:57,175.7,2.8,3.1,3.4,0.0
2026,9,28,8,59,08:58,172.4,3.2,3.4,3.7,0.0
2026,9,28,9,2,09:01,176.2,2.9,3.2,3.6,0.0
2026,9,28,9,3,09:02,179.1,3.1,3.4,3.8,0.0
2026,9,28,9,4,09:03,176.2,3.3,3.5,3.9,0.0
2026,9,28,9,6,09:05,178.1,3.0,3.3,3.6,0.0
2026,9,28,9,8,09:07,177.9,2.9,3.2,3.6,0.0
2026,9,28,9,9,09:08,177.1,2.7,3.0,3.2,0.0
2026,9,28,9,11,09:10,174.7,2.7,3.0,3.3,0.0
2026,9,28,9,13,09:12,175.2,2.6,2.8,3.2,0.0
2026,9,28,9,14,09:13,175.4,2.6,2.8,3.0,0.0
2026,9,28,9,17,09:16,170.2,2.7,3.6,4.1,0.0
2026,9,28,9,18,09:17,174.9,3.2,3.5,4.1,0.0
2026,9,28,9,19,09:18,172.7,2.8,3.5,4.1,0.0
2026,9,28,9,21,09:20,173.0,3.2,3.5,3.8,0.0
2026,9,28,9,23,09:22,181.5,3.6,4.0,4.3,0.0
2026,9,28,9,24,09:23,178.9,3.3,3.5,3.9,0.0
2026,9,28,9,27,09:26,181.1,3.4,3.8,4.3,0.0
2026,9,28,9,28,09:27,180.7,3.3,3.8,4.3,0.0
2026,9,28,9,29,09:28,178.6,3.7,4.0,4.5,0.0
2026,9,28,9,31,09:30,184.8,4.0,4.7,5.2,0.0
2026,9,28,9,33,09:32,186.8,3.5,4.1,5.0,0.0
2026,9,28,9,34,09:33,185.6,4.1,4.7,5.2,0.0
2026,9,28,9,37,09:36,187.0,3.9,4.7,5.8,0.0
2026,9,28,9,38,09:37,188.0,4.6,5.4,5.9,0.0
2026,9,28,9,39,09:38,189.8,4.4,5.2,5.8,0.0
2026,9,28,9,42,09:41,192.2,4.5,5.2,5.8,0.0
2026,9,28,9,43,09:42,187.5,4.4,5.1,5.6,0.0
2026,9,28,9,44,09:43,187.8,4.2,4.9,5.4,0.0
2026,9,28,9,46,09:45,180.4,3.9,4.7,5.8,0.0
2026,9,28,9,48,09:47,182.6,4.0,4.7,5.4,0.0
2026,9,28,9,49,09:48,180.4,4.3,4.6,5.0,0.0
2026,9,28,9,51,09:50,189.9,3.8,4.5,5.3,0.0
2026,9,28,9,53,09:52,186.4,4.5,5.0,5.6,0.0
2026,9,28,9,54,09:53,192.4,4.2,4.8,5.4,0.0
2026,9,28,9,56,09:56,178.1,4.7,5.3,6.1,0.0
2026,9,28,9,58,09:57,179.4,4.3,5.2,5.7,0.0
2026,9,28,9,59,09:58,177.8,3.9,4.5,4.9,0.0
2026,9,28,10,1,10:01,173.8,4.1,5.1,5.7,0.0
2026,9,28,10,3,10:02,174.0,4.8,5.4,6.2,0.0
2026,9,28,10,4,10:03,176.4,4.4,5.0,5.4,0.0
2026,9,28,10,7,10:06,176.9,4.2,4.8,5.4,0.0
2026,9,28,10,8,10:07,178.8,4.3,4.9,5.4,0.0
2026,9,28,10,9,10:08,175.2,4.6,5.3,5.9,0.0
2026,9,28,10,12,10:11,178.0,5.1,5.6,5.9,0.0
2026,9,28,10,13,10:12,179.7,4.3,4.9,5.6,0.0
2026,9,28,10,14,10:13,183.6,4.3,4.9,5.5,0.0
2026,9,28,10,16,10:16,182.8,4.6,5.5,6.5,0.0
2026,9,28,10,18,10:17,179.5,4.9,5.5,6.2,0.0
2026,9,28,10,19,10:18,178.3,4.6,5.4,6.2,0.0
2026,9,28,10,21,10:20,179.1,5.0,6.0,6.9,0.0
2026,9,28,10,23,10:22,189.4,4.0,4.9,5.9,0.0
2026,9,28,10,24,10:23,188.9,4.4,5.2,6.0,0.0
2026,9,28,10,26,10:25,187.0,4.6,5.5,6.3,0.0
2026,9,28,10,28,10:27,190.1,4.9,5.7,6.2,0.0
2026,9,28,10,29,10:28,188.8,4.9,5.6,6.3,0.0
2026,9,28,10,32,10:31,191.8,4.3,5.0,5.6,0.0
2026,9,28,10,33,10:32,195.0,3.8,4.9,5.7,0.0
2026,9,28,10,34,10:33,189.2,4.2,5.3,5.9,0.0
2026,9,28,10,36,10:36,191.4,4.3,4.8,5.4,0.0
2026,9,28,10,38,10:37,190.6,3.6,4.2,5.0,0.0
2026,9,28,10,39,10:38,197.1,4.4,5.2,6.5,0.0
2026,9,28,10,41,10:40,200.3,4.6,5.7,6.5,0.0
2026,9,28,10,43,10:42,193.3,4.6,5.5,6.3,0.0
2026,9,28,10,44,10:43,200.0,4.4,5.3,6.4,0.0
2026,9,28,10,47,10:46,196.5,4.7,5.4,6.0,0.0
2026,9,28,10,48,10:47,198.7,4.5,5.2,5.7,0.0
2026,9,28,10,49,10:49,187.2,3.9,5.1,5.8,0.0
2026,9,28,10,51,10:50,189.4,4.7,5.4,6.2,0.0
2026,9,28,10,53,10:52,189.5,4.3,5.0,5.5,0.0
2026,9,28,10,54,10:53,186.9,4.2,4.9,5.7,0.0
2026,9,28,10,57,10:56,186.0,4.3,5.1,5.8,0.0
2026,9,28,10,58,10:57,185.2,4.4,5.3,6.3,0.0
2026,9,28,10,59,10:58,183.0,4.9,5.7,6.7,0.0
2026,9,28,11,1,11:00,184.0,5.3,5.9,6.8,0.0
2026,9,28,11,3,11:02,185.9,5.1,5.6,6.3,0.0
2026,9,28,11,4,11:03,184.7,4.8,5.3,5.9,0.0
2026,9,28,11,7,11:06,179.3,3.9,4.9,5.5,0.0
2026,9,28,11,8,11:07,181.5,4.2,5.0,5.6,0.0
2026,9,28,11,9,11:08,180.0,4.6,5.4,6.0,0.0
2026,9,28,11,12,11:11,179.7,4.2,4.9,5.7,0.0
2026,9,28,11,13,11:12,178.0,4.3,5.1,6.3,0.0
2026,9,28,11,14,11:13,180.0,4.4,5.0,5.7,0.0
2026,9,28,11,16,11:15,189.7,4.1,5.0,5.6,0.0
2026,9,28,11,18,11:17,181.3,4.7,5.2,5.6,0.0
2026,9,28,11,19,11:18,185.1,4.4,4.9,5.3,0.0
2026,9,28,11,21,11:21,186.2,4.2,4.6,5.3,0.0
2026,9,28,11,23,11:22,190.6,4.1,4.6,5.2,0.0
2026,9,28,11,24,11:23,186.3,4.4,5.1,5.6,0.0
2026,9,28,11,26,11:25,185.3,4.9,5.7,6.5,0.0
2026,9,28,11,28,11:27,189.8,4.6,5.0,5.8,0.0
2026,9,28,11,29,11:29,185.4,4.7,5.3,5.9,0.0
2026,9,28,11,31,11:30,195.0,4.5,5.4,6.1,0.0
2026,9,28,11,33,11:32,183.8,4.0,4.6,5.3,0.0
2026,9,28,11,34,11:33,175.6,4.5,5.3,5.8,0.0
2026,9,28,11,36,11:35,179.6,3.7,4.8,6.0,0.0
2026,9,28,11,38,11:37,178.9,4.4,4.9,5.6,0.0
2026,9,28,11,39,11:38,179.5,4.4,5.1,5.9,0.0
2026,9,28,11,41,11:40,179.2,4.1,4.6,5.3,0.0
2026,9,28,11,43,11:42,178.9,4.6,5.2,5.7,0.0
2026,9,28,11,44,11:43,174.7,4.6,5.1,5.6,0.0
2026,9,28,11,46,11:45,183.5,4.6,5.3,5.9,0.0
2026,9,28,11,48,11:47,175.5,4.7,5.4,5.9,0.0
2026,9,28,11,49,11:48,180.7,4.8,5.3,5.9,0.0
2026,9,28,11,52,11:51,172.7,5.1,5.7,6.2,0.0
2026,9,28,11,53,11:52,173.1,5.1,5.5,5.9,0.0
2026,9,28,11,54,11:53,178.5,4.4,5.4,6.5,0.0
2026,9,28,11,56,11:55,181.5,4.9,5.7,6.5,0.0
2026,9,28,11,58,11:57,184.1,5.1,5.6,6.2,0.0
2026,9,28,11,59,11:58,185.7,4.6,5.5,6.2,0.0
2026,9,28,12,1,12:00,179.5,4.5,5.1,5.9,0.0
2026,9,28,12,3,12:02,180.6,4.7,5.3,5.8,0.0
2026,9,28,12,4,12:03,183.4,4.5,5.0,5.6,0.0
2026,9,28,12,6,12:05,183.8,4.7,5.3,5.8,0.0
2026,9,28,12,8,12:07,178.9,4.7,5.2,5.8,0.0
2026,9,28,12,9,12:08,177.4,4.5,5.0,5.7,0.0
2026,9,28,12,11,12:10,173.2,4.4,5.2,5.8,0.0
2026,9,28,12,13,12:12,170.0,4.1,5.0,6.0,0.0
2026,9,28,12,14,12:13,170.8,5.0,5.4,5.9,0.0
2026,9,28,12,16,12:16,174.0,4.2,4.9,5.5,0.0
2026,9,28,12,18,12:17,170.9,4.6,5.3,6.0,0.0
2026,9,28,12,19,12:18,175.8,4.5,5.2,5.6,0.0
2026,9,28,12,21,12:21,167.3,4.1,4.8,5.6,0.0
2026,9,28,12,23,12:22,165.4,4.4,4.9,5.5,0.0
2026,9,28,12,24,12:23,167.6,4.5,4.9,5.5,0.0
2026,9,28,12,26,12:25,167.0,3.6,4.6,5.4,0.0
2026,9,28,12,28,12:27,176.6,4.0,4.7,5.3,0.0
2026,9,28,12,29,12:28,172.7,3.7,4.3,4.9,0.0
2026,9,28,12,31,12:30,164.0,3.5,4.5,5.1,0.0
2026,9,28,12,33,12:32,162.0,4.2,4.7,5.4,0.0
2026,9,28,12,34,12:33,166.5,3.5,4.3,5.0,0.0
2026,9,28,12,37,12:36,166.7,4.2,4.8,5.2,0.0
2026,9,28,12,38,12:37,164.6,3.5,4.7,5.3,0.0
2026,9,28,12,39,12:38,161.6,3.9,4.7,5.3,0.0
2026,9,28,12,41,12:40,166.2,3.2,4.1,4.7,0.0
2026,9,28,12,43,12:42,165.7,3.8,4.3,4.7,0.0
2026,9,28,12,44,12:43,169.5,3.3,4.3,5.1,0.0
2026,9,28,12,46,12:45,167.1,3.4,4.3,4.8,0.0
2026,9,28,12,48,12:47,166.9,3.5,4.6,5.6,0.0
2026,9,28,12,49,12:48,155.2,4.0,4.6,5.1,0.0
2026,9,28,12,51,12:51,170.3,4.2,4.8,5.3,0.0
2026,9,28,12,53,12:52,167.8,3.8,4.4,5.3,0.0
2026,9,28,12,54,12:53,165.8,4.1,4.7,5.4,0.0
2026,9,28,12,56,12:56,164.6,4.5,5.1,5.7,0.0
2026,9,28,12,58,12:57,164.2,4.4,4.9,5.4,0.0
2026,9,28,12,59,12:58,162.7,4.1,4.7,5.4,0.0
2026,9,28,13,2,13:01,167.6,4.6,5.0,5.5,0.0
2026,9,28,13,3,13:02,166.1,4.3,5.2,6.2,0.0
2026,9,28,13,4,13:03,170.5,5.1,5.7,6.3,0.0
2026,9,28,13,6,13:06,168.9,4.4,5.1,5.6,0.0
2026,9,28,13,8,13:07,168.1,4.7,5.4,6.2,0.0
2026,9,28,13,9,13:08,169.9,4.1,5.1,6.1,0.0
2026,9,28,13,11,13:10,169.5,3.9,4.8,5.5,0.0
2026,9,28,13,13,13:12,168.8,4.3,4.9,5.4,0.0
2026,9,28,13,14,13:13,166.7,4.2,4.8,5.3,0.0
2026,9,28,13,16,13:15,168.4,4.0,4.7,5.4,0.0
2026,9,28,13,18,13:17,175.1,4.4,4.9,5.4,0.0
2026,9,28,13,19,13:18,163.2,3.7,4.5,5.2,0.0
2026,9,28,13,22,13:21,167.6,4.3,4.9,5.4,0.0
2026,9,28,13,23,13:22,176.2,4.4,4.8,5.2,0.0
2026,9,28,13,24,13:23,169.9,4.6,4.9,5.4,0.0
2026,9,28,13,26,13:25,169.3,4.4,5.0,5.8,0.0
2026,9,28,13,28,13:27,168.2,4.4,4.9,5.6,0.0
2026,9,28,13,29,13:28,166.4,4.1,4.6,5.0,0.0
2026,9,28,13,32,13:31,168.9,3.9,4.6,5.0,0.0
2026,9,28,13,33,13:32,169.6,3.9,4.5,5.5,0.0
2026,9,28,13,34,13:34,165.2,3.9,4.6,5.0,0.0
2026,9,28,13,36,13:35,166.9,4.3,4.8,5.2,0.0
2026,9,28,13,38,13:37,165.4,3.9,4.7,5.6,0.0
2026,9,28,13,39,13:39,166.9,4.0,4.4,5.0,0.0
2026,9,28,13,41,13:40,168.7,3.9,4.5,5.1,0.0
2026,9,28,13,43,13:42,166.2,3.8,4.4,4.9,0.0
2026,9,28,13,44,13:43,165.8,3.7,4.3,4.9,0.0
2026,9,28,13,47,13:46,165.5,3.7,4.5,5.3,0.0
2026,9,28,13,48,13:47,164.2,3.7,4.8,5.7,0.0
2026,9,28,13,49,13:48,171.9,4.0,4.6,5.4,0.0
2026,9,28,13,51,13:50,163.0,3.8,4.3,4.8,0.0
2026,9,28,13,53,13:52,172.6,3.6,4.1,4.7,0.0
2026,9,28,13,54,13:53,168.4,3.2,4.2,5.0,0.0
2026,9,28,13,56,13:56,169.0,3.7,4.2,4.8,0.0
2026,9,28,13,58,13:57,162.1,3.4,4.5,5.3,0.0
2026,9,28,13,59,13:58,162.4,4.1,4.9,5.5,0.0
2026,9,28,14,2,14:01,160.3,3.4,4.2,5.1,0.0
2026,9,28,14,3,14:02,157.7,3.5,4.5,5.1,0.0
2026,9,28,14,4,14:03,158.6,3.6,4.6,5.3,0.0
2026,9,28,14,6,14:05,161.9,3.9,4.5,5.0,0.0
2026,9,28,14,8,14:07,160.8,3.4,4.5,5.1,0.0
2026,9,28,14,9,14:08,162.4,3.8,4.4,5.2,0.0
2026,9,28,14,11,14:11,164.4,3.2,4.2,5.0,0.0
2026,9,28,14,13,14:12,159.0,3.2,4.5,5.2,0.0
2026,9,28,14,14,14:13,163.4,3.9,4.4,5.0,0.0
2026,9,28,14,17,14:16,164.9,2.7,3.8,4.3,0.0
2026,9,28,14,18,14:17,161.5,3.2,3.7,4.2,0.0
2026,9,28,14,19,14:19,163.6,3.3,3.8,4.2,0.0
2026,9,28,14,21,14:21,167.1,3.5,4.1,4.8,0.0
2026,9,28,14,23,14:22,163.9,3.3,3.8,4.3,0.0
2026,9,28,14,24,14:23,169.8,3.3,3.8,4.3,0.0
2026,9,28,14,27,14:26,166.8,3.5,4.7,5.3,0.0
2026,9,28,14,28,14:27,164.6,4.1,4.7,5.2,0.0
2026,9,28,14,29,14:28,164.3,3.5,4.3,4.9,0.0
2026,9,28,14,31,14:30,168.5,3.9,4.3,4.9,0.0
2026,9,28,14,33,14:32,169.6,3.5,4.2,5.0,0.0
2026,9,28,14,34,14:33,170.8,4.1,4.4,5.0,0.0
2026,9,28,14,36,14:35,165.1,3.8,4.5,5.0,0.0
2026,9,28,14,38,14:37,165.0,3.6,4.1,4.5,0.0
2026,9,28,14,39,14:38,167.1,3.9,4.4,4.9,0.0
2026,9,28,14,41,14:40,167.5,3.7,4.2,4.6,0.0
2026,9,28,14,43,14:42,165.7,3.9,4.3,4.8,0.0
2026,9,28,14,44,14:43,165.2,3.3,4.1,4.7,0.0
2026,9,28,14,47,14:46,162.5,4.0,4.7,5.2,0.0
2026,9,28,14,48,14:47,161.3,3.0,4.2,4.9,0.0
2026,9,28,14,49,14:48,165.8,3.9,4.5,4.9,0.0
2026,9,28,14,52,14:51,164.4,3.9,4.4,4.9,0.0
2026,9,28,14,53,14:52,166.5,4.0,4.5,5.2,0.0
2026,9,28,14,54,14:53,167.8,3.7,4.5,4.8,0.0
2026,9,28,14,56,14:55,168.1,3.7,4.5,5.2,0.0
2026,9,28,14,58,14:57,168.9,3.8,4.5,4.9,0.0
2026,9,28,14,59,14:58,165.7,3.7,4.4,5.0,0.0
2026,9,28,15,1,15:00,164.5,4.0,4.4,4.8,0.0
2026,9,28,15,3,15:02,169.7,2.9,4.0,4.5,0.0
2026,9,28,15,4,15:03,170.2,3.8,4.2,4.5,0.0
2026,9,28,15,6,15:05,167.1,3.6,4.1,4.6,0.0
2026,9,28,15,8,15:07,165.2,3.3,3.8,4.2,0.0
2026,9,28,15,9,15:08,165.2,3.3,3.7,4.2,0.0
2026,9,28,15,12,15:11,165.8,3.0,3.7,4.1,0.0
2026,9,28,15,13,15:12,159.8,2.5,3.4,4.1,0.0
2026,9,28,15,14,15:13,162.8,2.6,3.8,4.6,0.0
2026,9,28,15,17,15:16,159.7,3.0,3.7,4.3,0.0
2026,9,28,15,18,15:17,155.9,3.1,3.7,4.2,0.0
2026,9,28,15,19,15:18,162.9,3.1,3.8,4.3,0.0
2026,9,28,15,22,15:21,163.8,3.6,4.2,4.6,0.0
2026,9,28,15,23,15:22,163.9,2.8,4.1,4.7,0.0
2026,9,28,15,24,15:23,162.8,3.3,3.9,4.5,0.0
2026,9,28,15,26,15:25,165.9,3.6,4.1,4.6,0.0
2026,9,28,15,28,15:27,164.1,3.4,3.9,4.4,0.0
2026,9,28,15,29,15:28,162.9,3.3,3.8,4.4,0.0
2026,9,28,15,32,15:31,163.0,3.4,3.9,4.6,0.0
2026,9,28,15,33,15:32,163.6,2.8,3.8,4.5,0.0
2026,9,28,15,34,15:33,169.0,3.0,3.8,4.3,0.0
2026,9,28,15,37,15:36,162.2,3.5,3.9,4.4,0.0
2026,9,28,15,38,15:37,165.6,3.6,4.0,4.5,0.0
2026,9,28,15,39,15:38,162.6,3.1,3.8,4.2,0.0
2026,9,28,15,41,15:41,162.6,3.0,3.7,4.1,0.0
2026,9,28,15,43,15:42,165.1,2.7,3.4,3.8,0.0
2026,9,28,15,44,15:43,160.0,2.8,3.6,4.5,0.0
2026,9,28,15,47,15:46,164.1,2.9,3.6,4.0,0.0
2026,9,28,15,48,15:47,160.1,3.0,3.6,4.1,0.0
2026,9,28,15,49,15:48,166.0,2.9,3.4,4.1,0.0
2026,9,28,15,51,15:51,168.1,2.7,3.4,3.9,0.0
2026,9,28,15,53,15:52,157.9,2.2,3.4,4.3,0.0
2026,9,28,15,54,15:53,159.5,2.8,3.5,4.2,0.0
2026,9,28,15,56,15:55,160.0,2.9,3.7,4.5,0.0
2026,9,28,15,58,15:57,154.1,3.2,4.0,4.6,0.0
2026,9,28,15,59,15:58,151.3,3.5,4.3,5.2,0.0
2026,9,28,16,1,16:01,158.1,3.2,4.5,5.8,0.0
2026,9,28,16,3,16:02,160.4,3.2,4.3,5.3,0.0
2026,9,28,16,4,16:04,151.4,3.0,4.2,5.3,0.0
2026,9,28,16,7,16:06,162.5,2.9,4.1,5.1,0.0
2026,9,28,16,8,16:07,155.2,3.0,4.2,5.9,0.0
2026,9,28,16,9,16:08,159.2,2.6,3.8,5.1,0.0
2026,9,28,16,12,16:11,156.6,2.5,3.6,4.7,0.0
2026,9,28,16,13,16:12,158.6,2.6,4.1,5.4,0.0
2026,9,28,16,14,16:13,164.9,2.4,3.7,4.7,0.0
2026,9,28,16,16,16:15,164.7,2.5,4.1,5.6,0.0
2026,9,28,16,18,16:17,165.1,2.7,4.3,5.3,0.0
2026,9,28,16,19,16:18,156.4,2.1,3.3,4.3,0.0
2026,9,28,16,21,16:21,157.9,2.3,3.2,4.3,0.0
2026,9,28,16,23,16:22,163.5,2.6,3.8,4.6,0.0
2026,9,28,16,24,16:23,150.9,1.1,3.0,4.9,0.0
2026,9,28,16,26,16:25,151.5,1.5,3.3,4.9,0.0
2026,9,28,16,28,16:27,166.4,1.6,2.6,3.6,0.0
2026,9,28,16,29,16:28,157.1,1.8,2.9,4.2,0.0
2026,9,28,16,32,16:31,160.0,0.8,1.9,3.3,0.0
2026,9,28,16,33,16:32,154.9,2.2,3.0,4.5,0.0
2026,9,28,16,34,16:33,161.0,1.4,2.9,3.9,0.0
2026,9,28,16,36,16:35,150.8,1.9,3.6,5.0,0.0
2026,9,28,16,38,16:37,147.6,1.6,3.5,4.9,0.0
2026,9,28,16,39,16:38,152.0,1.3,3.6,4.3,0.0
2026,9,28,16,41,16:40,156.7,2.1,3.7,5.0,0.0
2026,9,28,16,43,16:42,158.9,2.2,3.6,4.7,0.0
2026,9,28,16,44,16:43,156.1,1.9,3.2,4.4,0.0
2026,9,28,16,46,16:45,151.9,2.0,2.9,4.4,0.0
2026,9,28,16,48,16:47,154.0,1.8,3.2,4.9,0.0
2026,9,28,16,49,16:48,157.8,1.3,2.5,4.0,0.0
2026,9,28,16,51,16:50,149.2,2.0,3.7,4.8,0.0
2026,9,28,16,53,16:52,158.2,1.8,3.3,4.6,0.0
2026,9,28,16,54,16:53,151.4,2.0,3.3,4.4,0.0
2026,9,28,16,56,16:56,161.2,1.4,3.0,4.6,0.0
2026,9,28,16,58,16:57,159.5,1.7,3.1,4.0,0.0
2026,9,28,16,59,16:58,162.9,1.7,3.0,5.0,0.0
2026,9,28,17,1,17:01,167.1,0.9,2.7,3.7,0.0
2026,9,28,17,3,17:02,154.2,0.7,2.5,4.5,0.0
2026,9,28,17,4,17:03,158.2,1.9,3.0,4.3,0.0
2026,9,28,17,7,17:06,156.9,2.1,3.2,4.4,0.0
2026,9,28,17,8,17:07,163.4,1.8,3.0,3.9,0.0
2026,9,28,17,9,17:08,155.0,1.3,2.9,4.2,0.0
2026,9,28,17,11,17:10,159.8,1.4,2.4,3.7,0.0
2026,9,28,17,13,17:12,157.0,0.9,2.6,4.4,0.0
2026,9,28,17,14,17:13,154.5,1.7,3.0,4.3,0.0
2026,9,28,17,16,17:15,157.8,2.1,2.8,3.5,0.0
2026,9,28,17,18,17:17,163.7,0.7,1.8,3.1,0.0
2026,9,28,17,19,17:18,173.7,0.3,1.2,2.8,0.0
2026,9,28,17,21,17:20,162.8,1.1,2.0,2.7,0.0
2026,9,28,17,23,17:22,165.5,0.9,2.1,2.8,0.0
2026,9,28,17,24,17:23,155.6,0.5,1.5,2.8,0.0
2026,9,28,17,27,17:26,159.8,1.0,1.7,2.5,0.0
2026,9,28,17,28,17:27,158.5,0.6,1.3,1.9,0.0
2026,9,28,17,29,17:28,159.7,0.5,1.2,2.2,0.0
2026,9,28,17,31,17:30,145.8,1.1,2.1,3.0,0.0
2026,9,28,17,33,17:32,146.0,0.0,1.1,2.9,0.0
2026,9,28,17,34,17:33,153.2,0.7,1.6,2.4,0.0
2026,9,28,17,36,17:35,156.1,1.3,2.1,2.8,0.0
2026,9,28,17,38,17:37,175.0,0.7,0.6,1.6,0.0
2026,9,28,17,39,17:38,166.4,0.0,0.6,1.1,0.0
2026,9,28,17,42,17:41,151.7,0.0,1.2,2.2,0.0
2026,9,28,17,43,17:42,151.1,0.0,1.2,2.2,0.0
2026,9,28,17,44,17:43,149.0,0.0,0.8,1.5,0.0
2026,9,28,17,47,17:46,166.4,0.0,0.4,0.8,0.0
2026,9,28,17,48,17:47,92.3,0.0,0.3,0.4,0.0
2026,9,28,17,49,17:48,92.3,0.0,0.2,0.3,0.0
2026,9,28,17,52,17:51,140.0,0.0,0.7,1.5,0.0
2026,9,28,17,53,17:52,156.3,0.0,0.9,1.8,0.0
2026,9,28,17,54,17:53,165.3,0.0,0.7,1.9,0.0
2026,9,28,17,56,17:56,177.6,0.0,0.8,2.6,0.0
2026,9,28,17,58,17:57,184.1,0.0,0.4,0.9,0.0
2026,9,28,17,59,17:58,184.1,0.0,0.3,0.8,0.0
2026,9,28,18,2,18:01,184.1,0.0,0.2,0.5,0.0
2026,9,28,18,3,18:02,184.1,0.0,0.2,0.4,0.0
2026,9,28,18,4,18:03,177.1,0.0,0.3,1.5,0.0
2026,9,28,18,6,18:05,141.4,0.0,0.7,1.6,0.0
2026,9,28,18,8,18:07,129.8,0.0,0.6,1.6,0.0
2026,9,28,18,9,18:08,136.0,0.0,0.1,0.5,0.0
2026,9,28,18,11,18:10,136.0,0.0,0.1,0.2,0.0
2026,9,28,18,13,18:12,135.9,0.0,0.0,0.0,0.0
2026,9,28,18,14,18:13,135.9,0.0,0.1,0.1,0.0
2026,9,28,18,16,18:15,172.2,0.0,0.5,0.9,0.0
2026,9,28,18,18,18:17,173.5,0.0,0.6,1.5,0.0
2026,9,28,18,19,18:18,86.5,0.0,0.4,1.1,0.0
2026,9,28,18,22,18:21,167.6,0.0,0.6,2.2,0.0
2026,9,28,18,23,18:22,162.3,0.7,1.2,2.3,0.0
2026,9,28,18,24,18:23,161.1,0.0,0.5,1.4,0.0
2026,9,28,18,26,18:25,170.0,0.0,0.1,0.5,0.0
2026,9,28,18,28,18:27,170.0,0.0,0.4,0.8,0.0
2026,9,28,18,29,18:28,170.0,0.0,0.4,1.4,0.0
2026,9,28,18,32,18:31,149.4,0.0,0.2,0.4,0.0
2026,9,28,18,33,18:32,149.4,0.0,0.0,0.0,0.0
2026,9,28,18,34,18:33,149.4,0.0,0.3,0.5,0.0
2026,9,28,18,37,18:36,149.4,0.0,0.1,0.2,0.0
2026,9,28,18,38,18:37,149.4,0.0,0.0,0.0,0.0
2026,9,28,18,39,18:39,162.0,0.0,0.0,0.0,0.0
2026,9,28,18,41,18:40,160.6,0.0,0.5,1.7,0.0
2026,9,28,18,43,18:42,159.3,0.0,0.0,0.0,0.0
2026,9,28,18,44,18:43,159.3,0.0,0.0,0.0,0.0
2026,9,28,18,46,18:46,92.1,0.0,0.2,0.5,0.0
2026,9,28,18,48,18:47,135.2,0.0,0.1,0.5,0.0
2026,9,28,18,49,18:48,73.4,0.0,0.6,1.9,0.0
2026,9,28,18,51,18:51,70.8,0.0,0.2,0.4,0.0
2026,9,28,18,53,18:52,129.4,0.0,0.2,0.7,0.0
2026,9,28,18,54,18:53,154.7,0.0,0.0,0.0,0.0
2026,9,28,18,56,18:55,154.7,0.0,0.1,0.5,0.0
2026,9,28,18,58,18:57,154.7,0.0,0.0,0.0,0.0
2026,9,28,18,59,18:58,154.7,0.0,0.0,0.0,0.0
2026,9,28,19,1,19:00,154.7,0.0,0.0,0.0,0.0
2026,9,28,19,3,19:02,154.7,0.0,0.3,1.0,0.0
2026,9,28,19,4,19:03,154.7,0.0,0.0,0.0,0.0
2026,9,28,19,6,19:05,154.7,0.0,0.0,0.0,0.0
2026,9,28,19,8,19:07,154.7,0.0,0.0,0.0,0.0
2026,9,28,19,9,19:08,154.7,0.0,0.0,0.0,0.0
2026,9,28,19,11,19:11,155.8,0.0,0.3,1.0,0.0
2026,9,28,19,13,19:12,160.3,0.0,0.1,0.4,0.0
2026,9,28,19,14,19:13,183.6,0.0,0.2,0.6,0.0
2026,9,28,19,17,19:16,189.4,0.0,0.0,0.0,0.0
2026,9,28,19,18,19:17,189.4,0.0,0.0,0.0,0.0
2026,9,28,19,19,19:18,189.3,0.0,0.0,0.0,0.0
2026,9,28,19,21,19:20,189.3,0.0,0.0,0.0,0.0
2026,9,28,19,23,19:22,128.1,0.0,0.0,0.0,0.0
2026,9,28,19,24,19:22,128.1,0.0,0.0,0.0,0.0
2026,9,28,19,27,19:26,111.8,0.0,0.0,0.0,0.0
2026,9,28,19,28,19:27,111.8,0.0,0.0,0.0,0.0
2026,9,28,19,29,19:28,116.0,0.0,0.3,0.7,0.0
2026,9,28,19,31,19:30,106.5,0.0,0.0,0.0,0.0
2026,9,28,19,33,19:30,106.5,0.0,0.0,0.0,0.0
2026,9,28,19,34,19:33,106.5,0.0,0.2,0.4,0.0
2026,9,28,19,37,19:36,161.3,0.0,0.3,0.9,0.0
2026,9,28,19,38,19:37,161.3,0.0,0.2,0.4,0.0
2026,9,28,19,39,19:38,161.3,0.0,0.1,0.2,0.0
2026,9,28,19,41,19:40,151.1,0.0,0.3,1.3,0.0
2026,9,28,19,43,19:42,130.4,0.0,0.2,0.7,0.0
2026,9,28,19,44,19:43,130.4,0.0,0.1,0.2,0.0
2026,9,28,19,46,19:46,115.8,0.0,0.6,1.6,0.0
2026,9,28,19,48,19:47,145.7,0.0,0.1,0.5,0.0
2026,9,28,19,49,19:48,145.7,0.0,0.0,0.0,0.0
2026,9,28,19,51,19:50,116.9,0.0,0.4,1.4,0.0
2026,9,28,19,53,19:52,58.3,0.0,0.6,2.4,0.0
2026,9,28,19,54,19:54,58.3,0.0,0.2,0.3,0.0
2026,9,28,19,57,19:56,158.1,0.0,0.5,1.6,0.0
2026,9,28,19,58,19:57,13.3,0.0,0.3,0.7,0.0
2026,9,28,19,59,19:58,6.7,0.0,0.0,0.0,0.0
2026,9,28,20,1,20:00,156.6,0.0,0.7,1.5,0.0
2026,9,28,20,3,20:02,171.3,0.0,0.3,0.4,0.0
2026,9,28,20,4,20:03,146.9,0.0,0.5,1.1,0.0
2026,9,28,20,6,20:05,178.2,0.4,0.8,1.5,0.0
2026,9,28,20,8,20:07,183.6,0.0,0.4,0.8,0.0
2026,9,28,20,9,20:08,183.6,0.0,0.2,0.4,0.0
2026,9,28,20,12,20:11,129.8,0.0,0.7,1.7,0.0
2026,9,28,20,13,20:12,135.3,0.0,0.3,0.5,0.0
2026,9,28,20,14,20:13,135.2,0.0,0.1,0.2,0.0
2026,9,28,20,16,20:15,133.6,0.0,0.9,1.5,0.0
2026,9,28,20,19,20:19,131.9,0.5,1.5,3.0,0.0
2026,9,28,20,22,20:21,145.4,0.4,1.1,2.5,0.0
2026,9,28,20,23,20:22,161.1,0.6,1.4,3.0,0.0
2026,9,28,20,24,20:23,140.3,0.5,1.5,3.0,0.0
2026,9,28,20,26,20:25,150.5,0.8,1.9,3.6,0.0
2026,9,28,20,28,20:27,151.5,1.3,2.3,5.1,0.0
2026,9,28,20,29,20:29,157.2,0.5,1.3,3.7,0.0
2026,9,28,20,32,20:31,144.9,0.5,1.8,3.6,0.0
2026,9,28,20,33,20:32,145.4,0.9,1.8,2.7,0.0
2026,9,28,20,34,20:34,147.0,1.1,1.9,4.5,0.0
2026,9,28,20,37,20:36,158.6,2.2,3.8,5.9,0.0
2026,9,28,20,38,20:37,160.9,2.1,3.3,4.6,0.0
2026,9,28,20,39,20:38,157.5,2.7,3.9,5.8,0.0
2026,9,28,20,42,20:41,164.1,3.2,4.4,6.0,0.0
2026,9,28,20,43,20:42,159.7,2.8,3.9,5.8,0.0
2026,9,28,20,44,20:43,163.1,2.8,4.4,5.7,0.0
2026,9,28,20,46,20:45,162.3,3.6,4.6,5.6,0.0
2026,9,28,20,48,20:47,156.7,2.2,4.3,5.5,0.0
2026,9,28,20,49,20:49,165.0,3.0,4.3,5.1,0.0
2026,9,28,20,52,20:51,156.6,3.1,4.2,5.3,0.0
2026,9,28,20,53,20:52,164.2,2.3,4.0,5.0,0.0
2026,9,28,20,54,20:53,162.1,3.1,3.9,4.4,0.0
2026,9,28,20,56,20:56,161.4,2.8,3.8,4.4,0.0
2026,9,28,20,58,20:57,165.6,3.0,3.9,4.5,0.0
2026,9,28,20,59,20:58,167.3,2.7,3.6,4.6,0.0
2026,9,28,21,1,21:00,161.1,2.8,3.9,4.6,0.0
2026,9,28,21,3,21:02,166.1,3.5,4.1,5.1,0.0
2026,9,28,21,4,21:03,164.4,2.9,3.9,4.6,0.0
2026,9,28,21,6,21:06,164.6,3.2,3.7,4.3,0.0
2026,9,28,21,8,21:07,165.9,2.7,3.6,4.4,0.0
2026,9,28,21,9,21:08,161.2,3.2,3.8,4.3,0.0
2026,9,28,21,12,21:11,166.8,3.6,4.3,4.8,0.0
2026,9,28,21,13,21:12,164.5,3.2,3.8,4.5,0.0
2026,9,28,21,14,21:13,167.4,3.4,3.9,4.3,0.0
2026,9,28,21,16,21:15,169.2,3.3,3.7,4.1,0.0
2026,9,28,21,18,21:17,174.9,4.0,4.5,5.1,0.0
2026,9,28,21,19,21:18,174.8,4.2,4.6,5.1,0.0
2026,9,28,21,22,21:21,173.3,4.4,4.9,5.8,0.0
2026,9,28,21,23,21:22,175.6,4.3,4.7,5.1,0.0
2026,9,28,21,24,21:23,172.5,4.3,5.1,5.6,0.0
2026,9,28,21,26,21:25,170.1,4.1,4.6,5.1,0.0
2026,9,28,21,28,21:27,172.1,4.1,4.7,5.5,0.0
2026,9,28,21,29,21:28,170.8,4.0,4.5,5.1,0.0
2026,9,28,21,31,21:30,169.5,4.4,4.9,5.6,0.0
2026,9,28,21,33,21:32,170.7,4.3,4.9,5.6,0.0
2026,9,28,21,34,21:33,172.2,4.5,5.1,5.4,0.0
2026,9,28,21,36,21:35,173.2,4.9,5.3,5.7,0.0
2026,9,28,21,38,21:37,171.3,4.4,4.9,5.7,0.0
2026,9,28,21,39,21:38,172.1,4.4,4.9,5.3,0.0
2026,9,28,21,42,21:41,169.3,4.4,4.9,5.4,0.0
2026,9,28,21,43,21:42,168.7,4.2,4.8,5.5,0.0
2026,9,28,21,44,21:43,166.0,4.1,4.8,5.4,0.0
2026,9,28,21,47,21:46,173.5,4.7,5.3,6.0,0.0
2026,9,28,21,48,21:47,166.0,4.2,4.7,5.3,0.0
2026,9,28,21,49,21:49,167.6,4.3,4.9,5.4,0.0
2026,9,28,21,52,21:51,170.6,4.6,5.0,5.6,0.0
2026,9,28,21,53,21:52,170.1,4.3,4.7,5.2,0.0
2026,9,28,21,54,21:53,170.9,3.9,4.5,5.1,0.0
2026,9,28,21,56,21:55,175.6,3.9,4.2,4.5,0.0
2026,9,28,21,58,21:57,173.7,3.9,4.2,4.7,0.0
2026,9,28,21,59,21:58,169.6,3.7,4.3,5.0,0.0
2026,9,28,22,1,22:00,172.3,4.2,4.6,5.0,0.0
2026,9,28,22,3,22:02,171.4,3.7,4.2,4.9,0.0
2026,9,28,22,4,22:03,170.6,3.8,4.3,4.9,0.0
2026,9,28,22,6,22:05,171.7,3.5,4.1,4.5,0.0
2026,9,28,22,8,22:07,172.9,3.9,4.4,4.9,0.0
2026,9,28,22,9,22:08,170.6,3.7,4.1,4.7,0.0
2026,9,28,22,12,22:11,171.4,3.9,4.5,5.0,0.0
2026,9,28,22,13,22:12,172.6,3.9,4.3,4.9,0.0
2026,9,28,22,14,22:13,172.9,3.7,4.2,4.6,0.0
2026,9,28,22,16,22:16,171.8,3.6,4.0,4.5,0.0
2026,9,28,22,18,22:17,173.4,3.8,4.1,4.4,0.0
2026,9,28,22,19,22:18,171.5,3.5,3.9,4.2,0.0
2026,9,28,22,21,22:20,173.2,3.6,4.0,4.4,0.0
2026,9,28,22,23,22:22,172.5,3.7,4.1,4.6,0.0
2026,9,28,22,24,22:24,171.2,3.7,4.0,4.4,0.0
2026,9,28,22,27,22:26,171.0,3.4,4.1,4.8,0.0
2026,9,28,22,28,22:27,170.6,2.9,3.6,4.1,0.0
2026,9,28,22,29,22:28,169.7,2.9,3.6,4.2,0.0
2026,9,28,22,31,22:30,160.1,2.5,3.1,3.7,0.0
2026,9,28,22,33,22:32,160.1,2.7,3.6,4.1,0.0
2026,9,28,22,34,22:33,158.1,2.5,3.6,4.5,0.0
2026,9,28,22,36,22:35,166.2,2.5,3.5,4.4,0.0
2026,9,28,22,38,22:37,157.0,3.2,3.8,4.3,0.0
2026,9,28,22,39,22:38,165.7,2.7,3.5,4.3,0.0
2026,9,28,22,41,22:40,158.6,2.9,3.8,4.3,0.0
2026,9,28,22,43,22:42,165.0,2.8,3.5,4.0,0.0
2026,9,28,22,44,22:43,163.0,3.0,4.0,4.7,0.0
2026,9,28,22,46,22:45,161.9,2.7,3.6,4.4,0.0
2026,9,28,22,48,22:47,160.3,3.3,4.2,4.8,0.0
2026,9,28,22,49,22:48,156.6,3.4,4.3,5.1,0.0
2026,9,28,22,51,22:50,162.4,3.0,4.1,5.0,0.0
2026,9,28,22,53,22:52,166.6,2.9,3.8,4.5,0.0
2026,9,28,22,54,22:54,162.6,3.2,3.9,4.8,0.0
2026,9,28,22,56,22:56,159.1,3.3,4.2,5.2,0.0
2026,9,28,22,58,22:57,164.8,3.3,3.9,4.5,0.0
2026,9,28,22,59,22:58,165.2,3.3,4.2,4.7,0.0
2026,9,28,23,1,23:00,160.7,3.0,3.6,4.4,0.0
2026,9,28,23,3,23:02,163.7,3.2,4.0,4.6,0.0
2026,9,28,23,4,23:04,165.6,3.0,3.9,4.9,0.0
2026,9,28,23,6,23:06,159.3,2.8,3.8,4.5,0.0
2026,9,28,23,8,23:07,164.2,3.2,3.9,4.3,0.0
2026,9,28,23,9,23:09,165.9,3.1,3.6,4.1,0.0
2026,9,28,23,12,23:11,163.5,3.0,3.8,4.4,0.0
2026,9,28,23,13,23:12,156.3,2.8,3.7,4.6,0.0
2026,9,28,23,14,23:14,158.0,3.3,4.0,4.6,0.0
2026,9,28,23,17,23:16,159.8,3.6,4.1,4.6,0.0
2026,9,28,23,18,23:17,163.8,3.2,3.8,4.3,0.0
2026,9,28,23,19,23:18,161.6,3.4,4.1,5.0,0.0
2026,9,28,23,21,23:20,157.4,2.9,3.8,4.5,0.0
2026,9,28,23,23,23:22,161.8,3.0,4.1,4.9,0.0
2026,9,28,23,24,23:24,165.0,2.5,3.6,4.0,0.0
2026,9,28,23,27,23:26,160.0,3.1,4.2,4.9,0.0
2026,9,28,23,28,23:27,161.8,3.4,3.9,4.4,0.0
2026,9,28,23,29,23:28,165.0,3.5,4.0,4.7,0.0
2026,9,28,23,31,23:31,157.4,3.4,4.3,4.8,0.0
2026,9,28,23,33,23:32,161.6,3.4,4.1,4.7,0.0
2026,9,28,23,34,23:33,165.2,2.8,3.9,5.1,0.0
2026,9,28,23,36,23:35,160.5,3.6,4.3,5.2,0.0
2026,9,28,23,38,23:37,151.8,3.7,4.4,5.0,0.0
2026,9,28,23,39,23:38,162.7,3.6,4.5,5.3,0.0
2026,9,28,23,41,23:40,155.4,3.2,4.3,5.4,0.0
2026,9,28,23,43,23:42,160.2,3.0,4.3,5.4,0.0
2026,9,28,23,44,23:43,156.7,2.2,4.1,5.5,0.0
2026,9,28,23,46,23:45,158.6,3.5,4.3,5.0,0.0
2026,9,28,23,48,23:47,160.1,3.5,4.3,5.3,0.0
2026,9,28,23,49,23:48,161.2,3.4,4.0,4.5,0.0
2026,9,28,23,51,23:51,159.1,3.6,4.4,5.0,0.0
2026,9,28,23,53,23:52,162.9,3.0,4.3,5.5,0.0
2026,9,28,23,54,23:53,152.3,2.7,4.3,5.2,0.0
2026,9,28,23,56,23:55,160.0,2.7,3.9,4.8,0.0
2026,9,28,23,58,23:56,157.4,3.2,4.0,5.5,0.0
2026,9,28,23,59,23:59,159.1,3.0,4.6,5.4,0.0
