# Helsinki Laru (dlarah.org Lauttasaari) 2026-09-24 Suomen aikaa — lähteen Laru_2026-267.txt sellaisenaan
# vuosi kk pv kirjoitus-h kirjoitus-min hh:mm suunta min ka max lämpötila (asemalla ei mittaria)
2026,9,24,0,1,00:01,37.6,0.5,0.7,1.2,0.0
2026,9,24,0,3,00:03,37.6,0.0,0.6,0.8,0.0
2026,9,24,0,4,00:04,37.6,0.0,0.6,0.8,0.0
2026,9,24,0,7,00:06,37.6,0.5,0.6,0.8,0.0
2026,9,24,0,8,00:08,37.6,0.7,0.9,1.2,0.0
2026,9,24,0,9,00:09,37.6,0.0,0.7,1.0,0.0
2026,9,24,0,11,00:11,37.6,0.5,0.7,1.1,0.0
2026,9,24,0,13,00:13,37.6,0.0,0.2,0.5,0.0
2026,9,24,0,14,00:14,37.6,0.0,0.4,0.5,0.0
2026,9,24,0,17,00:16,37.6,0.4,0.5,0.7,0.0
2026,9,24,0,18,00:18,37.6,0.0,0.7,0.8,0.0
2026,9,24,0,19,00:19,37.6,0.0,0.5,0.6,0.0
2026,9,24,0,21,00:21,37.6,0.0,0.4,0.6,0.0
2026,9,24,0,23,00:23,37.6,0.0,0.4,0.6,0.0
2026,9,24,0,24,00:24,37.6,0.0,0.4,0.5,0.0
2026,9,24,0,26,00:26,37.6,0.0,0.2,0.6,0.0
2026,9,24,0,28,00:28,37.6,0.0,0.1,0.1,0.0
2026,9,24,0,32,00:31,37.6,0.0,0.5,1.1,0.0
2026,9,24,0,33,00:33,37.6,0.5,0.8,1.5,0.0
2026,9,24,0,34,00:34,37.6,0.0,0.3,0.5,0.0
2026,9,24,0,37,00:36,37.6,0.0,0.7,1.0,0.0
2026,9,24,0,38,00:38,37.6,0.0,0.3,0.6,0.0
2026,9,24,0,41,00:41,37.6,0.0,0.0,0.0,0.0
2026,9,24,0,43,00:43,37.6,0.0,0.0,0.0,0.0
2026,9,24,0,44,00:44,37.6,0.0,0.0,0.0,0.0
2026,9,24,0,46,00:46,37.6,0.0,0.0,0.0,0.0
2026,9,24,0,48,00:48,37.6,0.0,0.3,0.5,0.0
2026,9,24,0,49,00:49,37.6,0.0,0.5,0.6,0.0
2026,9,24,0,51,00:51,37.6,0.0,0.2,0.4,0.0
2026,9,24,0,53,00:53,37.6,0.0,0.3,0.6,0.0
2026,9,24,0,54,00:54,37.6,0.0,0.3,0.5,0.0
2026,9,24,0,56,00:56,37.6,0.0,0.5,0.6,0.0
2026,9,24,0,58,00:58,37.6,0.0,0.6,0.7,0.0
2026,9,24,0,59,00:59,37.6,0.0,0.7,0.8,0.0
2026,9,24,1,1,01:01,37.6,0.5,0.6,0.8,0.0
2026,9,24,1,3,01:03,37.6,0.0,0.5,0.7,0.0
2026,9,24,1,4,01:04,37.6,0.0,0.5,0.6,0.0
2026,9,24,1,7,01:06,37.6,0.5,0.6,0.7,0.0
2026,9,24,1,8,01:08,37.6,0.5,0.6,0.8,0.0
2026,9,24,1,9,01:09,37.6,0.0,0.9,1.3,0.0
2026,9,24,1,11,01:11,37.6,0.5,0.7,1.1,0.0
2026,9,24,1,13,01:13,37.6,0.6,1.0,1.8,0.0
2026,9,24,1,14,01:14,37.6,0.8,1.2,1.6,0.0
2026,9,24,1,17,01:16,37.6,0.7,0.8,1.1,0.0
2026,9,24,1,18,01:18,37.6,0.6,0.9,1.1,0.0
2026,9,24,1,19,01:19,37.6,0.0,0.4,0.9,0.0
2026,9,24,1,21,01:21,37.5,0.0,0.0,0.0,0.0
2026,9,24,1,23,01:23,37.6,0.0,0.0,0.0,0.0
2026,9,24,1,24,01:24,37.6,0.0,0.4,0.9,0.0
2026,9,24,1,26,01:26,39.9,1.3,1.5,1.9,0.0
2026,9,24,1,28,01:28,53.3,0.8,1.4,1.8,0.0
2026,9,24,1,29,01:29,53.3,0.8,0.9,1.5,0.0
2026,9,24,1,31,01:31,53.3,0.0,0.0,0.0,0.0
2026,9,24,1,33,01:33,53.3,0.0,0.1,0.7,0.0
2026,9,24,1,34,01:34,53.2,0.0,0.2,0.4,0.0
2026,9,24,1,36,01:36,53.3,0.0,0.0,0.0,0.0
2026,9,24,1,38,01:38,53.3,0.0,0.0,0.0,0.0
2026,9,24,1,39,01:39,53.3,0.0,0.0,0.0,0.0
2026,9,24,1,41,01:41,53.3,0.0,0.1,0.3,0.0
2026,9,24,1,43,01:43,53.3,0.4,0.6,0.7,0.0
2026,9,24,1,44,01:44,53.3,0.0,0.5,0.8,0.0
2026,9,24,1,46,01:46,53.2,0.0,0.3,0.7,0.0
2026,9,24,1,48,01:48,53.3,0.0,0.0,0.0,0.0
2026,9,24,1,49,01:49,53.3,0.0,0.0,0.0,0.0
2026,9,24,1,51,01:51,53.3,0.0,0.0,0.0,0.0
2026,9,24,1,53,01:53,53.3,0.0,0.2,0.4,0.0
2026,9,24,1,54,01:54,53.3,0.0,0.1,0.2,0.0
2026,9,24,1,56,01:56,53.3,0.0,0.0,0.0,0.0
2026,9,24,1,58,01:58,53.3,0.0,0.0,0.0,0.0
2026,9,24,1,59,01:59,53.3,0.0,0.0,0.0,0.0
2026,9,24,2,1,02:01,53.2,0.0,0.0,0.0,0.0
2026,9,24,2,3,02:03,53.2,0.0,0.0,0.0,0.0
2026,9,24,2,4,02:04,53.3,0.0,0.0,0.0,0.0
2026,9,24,2,6,02:06,53.3,0.0,0.0,0.0,0.0
2026,9,24,2,8,02:08,53.3,0.0,0.0,0.0,0.0
2026,9,24,2,9,02:09,53.3,0.0,0.0,0.0,0.0
2026,9,24,2,11,02:11,53.3,0.0,0.0,0.0,0.0
2026,9,24,2,13,02:13,53.2,0.0,0.0,0.0,0.0
2026,9,24,2,14,02:14,53.3,0.0,0.0,0.0,0.0
2026,9,24,2,17,02:16,53.3,0.0,0.5,0.9,0.0
2026,9,24,2,18,02:18,53.3,0.0,0.5,0.8,0.0
2026,9,24,2,19,02:19,53.3,0.0,0.3,1.2,0.0
2026,9,24,2,22,02:21,6.3,0.0,0.3,0.9,0.0
2026,9,24,2,23,02:23,0.8,0.7,1.3,2.0,0.0
2026,9,24,2,24,02:24,354.8,0.8,1.3,1.8,0.0
2026,9,24,2,26,02:26,349.2,1.4,1.7,1.8,0.0
2026,9,24,2,28,02:28,356.0,1.1,1.1,1.8,0.0
2026,9,24,2,29,02:29,354.0,0.3,0.6,1.0,0.0
2026,9,24,2,31,02:31,354.0,0.0,0.1,0.3,0.0
2026,9,24,2,33,02:33,354.0,0.0,0.1,0.3,0.0
2026,9,24,2,34,02:33,354.0,0.0,0.1,0.3,0.0
2026,9,24,2,36,02:35,354.0,0.0,0.0,0.0,0.0
2026,9,24,2,38,02:37,354.0,0.0,0.2,0.5,0.0
2026,9,24,2,39,02:39,355.0,0.0,0.3,0.7,0.0
2026,9,24,2,41,02:41,357.0,0.0,0.1,0.3,0.0
2026,9,24,2,43,02:43,357.0,0.0,0.0,0.0,0.0
2026,9,24,2,44,02:44,357.0,0.0,0.0,0.0,0.0
2026,9,24,2,46,02:46,357.0,0.0,0.2,0.3,0.0
2026,9,24,2,48,02:48,11.3,0.0,0.1,0.2,0.0
2026,9,24,2,49,02:49,11.3,0.0,0.3,0.5,0.0
2026,9,24,2,52,02:51,354.6,0.0,0.7,1.3,0.0
2026,9,24,2,53,02:53,355.8,0.0,0.5,1.1,0.0
2026,9,24,2,54,02:54,355.8,0.0,0.1,0.1,0.0
2026,9,24,2,57,02:56,8.3,0.0,0.2,0.4,0.0
2026,9,24,2,58,02:58,10.8,0.0,0.0,0.0,0.0
2026,9,24,2,59,02:59,10.8,0.0,0.0,0.0,0.0
2026,9,24,3,1,03:01,10.8,0.0,0.1,0.5,0.0
2026,9,24,3,3,03:03,10.8,0.0,0.3,0.4,0.0
2026,9,24,3,4,03:04,10.8,0.0,0.0,0.0,0.0
2026,9,24,3,7,03:06,10.8,0.0,0.0,0.0,0.0
2026,9,24,3,8,03:08,10.8,0.0,0.0,0.0,0.0
2026,9,24,3,9,03:09,10.8,0.0,0.1,0.3,0.0
2026,9,24,3,12,03:11,10.8,0.0,0.0,0.0,0.0
2026,9,24,3,13,03:13,10.8,0.0,0.0,0.0,0.0
2026,9,24,3,14,03:14,10.8,0.0,0.0,0.0,0.0
2026,9,24,3,16,03:16,10.8,0.0,0.2,0.3,0.0
2026,9,24,3,18,03:18,10.8,0.0,0.1,0.1,0.0
2026,9,24,3,19,03:19,10.8,0.0,0.4,0.8,0.0
2026,9,24,3,21,03:21,45.1,0.0,0.5,0.8,0.0
2026,9,24,3,23,03:23,43.2,0.1,0.5,0.9,0.0
2026,9,24,3,24,03:24,43.3,0.0,0.4,0.6,0.0
2026,9,24,3,27,03:26,43.2,0.0,0.0,0.0,0.0
2026,9,24,3,28,03:28,43.3,0.0,0.5,1.1,0.0
2026,9,24,3,29,03:29,43.2,0.0,0.8,1.7,0.0
2026,9,24,3,32,03:31,43.2,0.0,0.4,0.8,0.0
2026,9,24,3,33,03:33,43.2,0.0,0.2,0.6,0.0
2026,9,24,3,34,03:34,43.2,0.0,0.2,0.7,0.0
2026,9,24,3,37,03:36,32.2,0.0,0.2,0.4,0.0
2026,9,24,3,38,03:38,37.5,0.0,0.2,0.5,0.0
2026,9,24,3,39,03:39,37.5,0.0,0.3,0.8,0.0
2026,9,24,3,41,03:41,37.5,0.0,0.6,0.9,0.0
2026,9,24,3,43,03:43,37.5,0.0,0.1,0.1,0.0
2026,9,24,3,44,03:44,37.5,0.0,0.5,0.9,0.0
2026,9,24,3,46,03:46,37.5,0.0,0.5,1.0,0.0
2026,9,24,3,48,03:48,37.5,0.0,0.3,0.7,0.0
2026,9,24,3,49,03:49,37.5,0.6,0.9,1.2,0.0
2026,9,24,3,51,03:51,42.8,0.0,0.5,0.9,0.0
2026,9,24,3,53,03:53,42.2,0.0,0.8,1.3,0.0
2026,9,24,3,54,03:54,42.0,0.0,0.7,1.1,0.0
2026,9,24,3,57,03:55,42.0,0.0,0.4,0.8,0.0
2026,9,24,3,58,03:58,42.0,0.0,0.4,0.7,0.0
2026,9,24,3,59,03:59,42.0,0.0,0.0,0.0,0.0
2026,9,24,4,1,04:01,42.0,0.0,0.1,0.1,0.0
2026,9,24,4,3,04:03,42.0,0.0,0.2,0.8,0.0
2026,9,24,4,4,04:04,42.0,0.0,0.3,0.4,0.0
2026,9,24,4,7,04:06,42.0,0.0,0.4,1.0,0.0
2026,9,24,4,8,04:08,42.0,0.0,0.4,0.6,0.0
2026,9,24,4,9,04:09,42.0,0.6,0.8,1.2,0.0
2026,9,24,4,12,04:11,41.8,0.0,0.4,0.8,0.0
2026,9,24,4,13,04:13,42.0,0.0,0.2,0.5,0.0
2026,9,24,4,14,04:14,26.9,0.0,0.3,0.7,0.0
2026,9,24,4,17,04:16,11.9,0.0,0.2,0.5,0.0
2026,9,24,4,18,04:18,11.9,0.0,0.3,0.6,0.0
2026,9,24,4,19,04:19,11.9,0.5,0.3,0.7,0.0
2026,9,24,4,21,04:21,16.1,0.0,0.3,0.8,0.0
2026,9,24,4,23,04:23,27.9,0.4,0.6,0.9,0.0
2026,9,24,4,24,04:24,27.9,0.0,0.6,0.9,0.0
2026,9,24,4,26,04:26,51.7,0.0,0.6,1.0,0.0
2026,9,24,4,28,04:28,51.7,0.0,0.5,1.0,0.0
2026,9,24,4,29,04:29,51.7,0.0,0.4,1.1,0.0
2026,9,24,4,31,04:31,51.7,0.0,0.6,0.9,0.0
2026,9,24,4,33,04:33,51.7,0.0,0.7,1.0,0.0
2026,9,24,4,34,04:34,51.7,0.0,0.4,0.6,0.0
2026,9,24,4,37,04:36,51.7,0.0,0.4,0.8,0.0
2026,9,24,4,38,04:38,51.7,0.0,0.2,0.6,0.0
2026,9,24,4,39,04:39,51.7,0.0,0.0,0.0,0.0
2026,9,24,4,42,04:41,51.7,0.0,0.1,0.2,0.0
2026,9,24,4,43,04:43,51.7,0.0,0.2,0.3,0.0
2026,9,24,4,44,04:44,51.7,0.0,0.1,0.3,0.0
2026,9,24,4,46,04:46,51.7,0.0,0.4,0.8,0.0
2026,9,24,4,48,04:48,51.7,0.0,0.0,0.0,0.0
2026,9,24,4,49,04:49,51.7,0.0,0.0,0.0,0.0
2026,9,24,4,51,04:51,51.7,0.0,0.0,0.0,0.0
2026,9,24,4,53,04:53,43.3,0.0,0.2,1.3,0.0
2026,9,24,4,54,04:54,356.6,0.0,0.3,0.7,0.0
2026,9,24,4,56,04:55,356.6,0.0,0.0,0.0,0.0
2026,9,24,4,58,04:58,356.6,0.0,0.0,0.0,0.0
2026,9,24,4,59,04:59,356.7,0.0,0.0,0.0,0.0
2026,9,24,5,2,05:01,356.6,0.0,0.0,0.0,0.0
2026,9,24,5,3,05:03,356.6,0.0,0.0,0.0,0.0
2026,9,24,5,4,05:04,356.6,0.0,0.3,0.9,0.0
2026,9,24,5,6,05:06,356.6,0.0,0.0,0.0,0.0
2026,9,24,5,8,05:08,356.6,0.4,0.6,1.1,0.0
2026,9,24,5,11,05:11,356.6,0.0,0.0,0.0,0.0
2026,9,24,5,13,05:13,356.6,0.0,0.0,0.0,0.0
2026,9,24,5,14,05:14,356.6,0.0,0.0,0.0,0.0
2026,9,24,5,17,05:15,356.6,0.0,0.0,0.0,0.0
2026,9,24,5,18,05:18,356.6,0.0,0.0,0.0,0.0
2026,9,24,5,19,05:19,356.7,0.0,0.1,0.4,0.0
2026,9,24,5,21,05:21,356.6,0.0,0.1,0.2,0.0
2026,9,24,5,23,05:23,0.1,0.0,0.2,0.3,0.0
2026,9,24,5,24,05:24,0.1,0.0,0.0,0.0,0.0
2026,9,24,5,26,05:26,0.1,0.0,0.0,0.0,0.0
2026,9,24,5,28,05:28,0.1,0.0,0.1,0.2,0.0
2026,9,24,5,29,05:29,0.1,0.0,0.3,0.4,0.0
2026,9,24,5,32,05:31,0.1,0.0,0.1,0.2,0.0
2026,9,24,5,33,05:33,0.1,0.0,0.3,0.6,0.0
2026,9,24,5,34,05:34,0.1,0.0,0.1,0.2,0.0
2026,9,24,5,37,05:36,0.1,0.0,0.8,1.3,0.0
2026,9,24,5,38,05:38,0.1,0.0,0.6,1.0,0.0
2026,9,24,5,39,05:39,0.1,0.0,0.5,0.9,0.0
2026,9,24,5,42,05:41,0.1,0.0,0.5,1.0,0.0
2026,9,24,5,43,05:43,0.1,0.6,0.9,1.2,0.0
2026,9,24,5,44,05:44,0.1,0.0,0.8,1.0,0.0
2026,9,24,5,47,05:46,0.1,0.0,0.5,0.9,0.0
2026,9,24,5,48,05:48,0.1,0.0,0.2,0.4,0.0
2026,9,24,5,49,05:49,0.1,0.0,0.0,0.0,0.0
2026,9,24,5,51,05:51,0.1,0.0,0.4,0.6,0.0
2026,9,24,5,53,05:53,0.1,0.0,0.7,1.2,0.0
2026,9,24,5,54,05:54,0.1,0.0,0.2,0.4,0.0
2026,9,24,5,56,05:56,0.1,0.0,0.1,0.2,0.0
2026,9,24,5,58,05:58,0.1,0.0,0.1,0.1,0.0
2026,9,24,5,59,05:59,0.1,0.0,0.0,0.0,0.0
2026,9,24,6,1,06:01,0.1,0.0,0.2,0.3,0.0
2026,9,24,6,3,06:03,0.1,0.0,0.0,0.0,0.0
2026,9,24,6,4,06:04,0.1,0.0,0.3,0.7,0.0
2026,9,24,6,6,06:06,0.1,0.0,0.0,0.0,0.0
2026,9,24,6,8,06:08,0.1,0.0,0.2,0.6,0.0
2026,9,24,6,9,06:09,0.1,0.0,0.2,0.4,0.0
2026,9,24,6,11,06:11,0.1,0.0,0.1,0.2,0.0
2026,9,24,6,13,06:13,0.1,0.0,0.0,0.0,0.0
2026,9,24,6,14,06:14,0.1,0.0,0.2,0.6,0.0
2026,9,24,6,16,06:16,0.1,0.0,0.0,0.0,0.0
2026,9,24,6,18,06:18,0.1,0.0,0.2,0.4,0.0
2026,9,24,6,19,06:19,0.1,0.0,0.1,0.1,0.0
2026,9,24,6,22,06:21,0.1,0.0,0.1,0.4,0.0
2026,9,24,6,23,06:23,0.1,0.0,0.3,1.4,0.0
2026,9,24,6,24,06:24,0.1,0.0,0.4,0.8,0.0
2026,9,24,6,27,06:26,0.1,0.0,0.2,0.6,0.0
2026,9,24,6,28,06:28,0.1,0.0,0.1,0.1,0.0
2026,9,24,6,29,06:29,0.1,0.0,0.0,0.0,0.0
2026,9,24,6,31,06:31,0.1,0.0,0.2,0.5,0.0
2026,9,24,6,33,06:33,0.1,0.0,0.6,1.2,0.0
2026,9,24,6,34,06:34,0.1,0.0,0.1,0.2,0.0
2026,9,24,6,36,06:36,0.1,0.0,0.3,1.1,0.0
2026,9,24,6,38,06:38,0.1,0.0,0.4,1.3,0.0
2026,9,24,6,39,06:39,0.1,0.0,0.2,0.3,0.0
2026,9,24,6,41,06:41,0.1,0.0,0.1,0.3,0.0
2026,9,24,6,43,06:43,0.1,0.0,0.2,0.6,0.0
2026,9,24,6,44,06:44,0.1,0.0,0.4,1.0,0.0
2026,9,24,6,47,06:46,0.1,0.0,0.4,1.3,0.0
2026,9,24,6,48,06:48,0.1,0.0,0.8,1.3,0.0
2026,9,24,6,49,06:49,0.1,0.0,0.5,1.5,0.0
2026,9,24,6,52,06:51,0.1,0.0,0.5,1.2,0.0
2026,9,24,6,53,06:53,0.1,0.0,0.0,0.0,0.0
2026,9,24,6,54,06:54,0.1,0.0,0.2,0.8,0.0
2026,9,24,6,56,06:56,0.1,0.0,0.0,0.0,0.0
2026,9,24,6,58,06:58,0.1,0.0,0.0,0.0,0.0
2026,9,24,6,59,06:59,0.1,0.0,0.0,0.0,0.0
2026,9,24,7,1,07:01,0.1,0.0,0.0,0.0,0.0
2026,9,24,7,3,07:03,0.1,0.0,0.0,0.0,0.0
2026,9,24,7,4,07:04,0.1,0.0,0.2,0.6,0.0
2026,9,24,7,7,07:06,0.1,0.0,0.4,0.9,0.0
2026,9,24,7,8,07:08,0.1,0.0,0.3,0.5,0.0
2026,9,24,7,9,07:09,0.1,0.0,0.2,0.4,0.0
2026,9,24,7,12,07:11,0.1,0.0,0.3,0.9,0.0
2026,9,24,7,13,07:13,0.1,0.0,0.7,1.3,0.0
2026,9,24,7,14,07:14,353.0,0.7,1.2,2.1,0.0
2026,9,24,7,17,07:16,357.6,0.0,0.6,1.6,0.0
2026,9,24,7,18,07:18,353.6,0.0,0.5,1.4,0.0
2026,9,24,7,22,07:21,332.8,0.0,0.4,0.7,0.0
2026,9,24,7,23,07:23,332.8,0.0,0.6,1.4,0.0
2026,9,24,7,24,07:24,332.8,0.0,0.2,0.6,0.0
2026,9,24,7,26,07:26,335.1,0.0,0.1,1.4,0.0
2026,9,24,7,28,07:28,346.5,0.0,0.3,1.3,0.0
2026,9,24,7,29,07:29,354.9,0.0,1.1,2.3,0.0
2026,9,24,7,31,07:31,2.0,0.0,0.6,1.7,0.0
2026,9,24,7,33,07:33,355.7,0.0,0.3,0.8,0.0
2026,9,24,7,34,07:34,358.7,0.0,0.2,0.8,0.0
2026,9,24,7,36,07:36,13.9,0.0,0.2,0.4,0.0
2026,9,24,7,38,07:38,13.9,0.0,0.1,0.3,0.0
2026,9,24,7,39,07:39,13.9,0.0,0.4,0.5,0.0
2026,9,24,7,41,07:41,356.4,0.5,0.9,2.0,0.0
2026,9,24,7,43,07:43,4.7,0.0,0.5,1.1,0.0
2026,9,24,7,44,07:44,4.5,0.0,0.3,0.4,0.0
2026,9,24,7,47,07:46,5.4,0.0,0.0,0.0,0.0
2026,9,24,7,48,07:48,349.0,0.0,0.6,1.1,0.0
2026,9,24,7,49,07:49,357.6,0.8,1.4,2.0,0.0
2026,9,24,7,52,07:51,355.2,0.0,0.7,1.9,0.0
2026,9,24,7,53,07:53,355.6,0.8,0.9,2.3,0.0
2026,9,24,7,54,07:54,1.4,0.5,1.1,2.2,0.0
2026,9,24,7,56,07:56,357.3,0.6,1.4,2.9,0.0
2026,9,24,7,58,07:58,12.5,0.0,0.6,1.3,0.0
2026,9,24,7,59,07:59,7.5,0.0,0.8,2.0,0.0
2026,9,24,8,1,08:01,7.9,0.0,0.6,1.0,0.0
2026,9,24,8,3,08:03,8.0,0.0,0.8,1.6,0.0
2026,9,24,8,4,08:04,24.2,0.0,0.6,0.8,0.0
2026,9,24,8,6,08:06,21.3,0.0,0.6,1.5,0.0
2026,9,24,8,8,08:08,26.5,0.0,0.4,0.9,0.0
2026,9,24,8,9,08:09,0.2,0.0,1.2,2.8,0.0
2026,9,24,8,11,08:11,350.9,0.5,2.5,3.6,0.0
2026,9,24,8,13,08:13,354.2,1.1,2.4,3.8,0.0
2026,9,24,8,14,08:14,0.2,0.6,1.5,3.4,0.0
2026,9,24,8,17,08:16,358.1,0.9,1.8,3.4,0.0
2026,9,24,8,18,08:18,358.8,0.5,1.7,3.5,0.0
2026,9,24,8,19,08:19,357.9,0.7,2.1,3.4,0.0
2026,9,24,8,22,08:21,5.2,0.5,1.1,2.1,0.0
2026,9,24,8,23,08:23,7.3,0.0,0.5,1.0,0.0
2026,9,24,8,24,08:24,4.2,0.0,1.0,2.1,0.0
2026,9,24,8,27,08:26,357.6,0.0,1.2,2.8,0.0
2026,9,24,8,28,08:28,350.7,1.4,2.4,3.3,0.0
2026,9,24,8,31,08:31,355.4,0.6,1.7,2.9,0.0
2026,9,24,8,33,08:33,356.1,1.0,2.2,3.4,0.0
2026,9,24,8,34,08:34,358.5,0.5,1.9,3.4,0.0
2026,9,24,8,36,08:36,359.1,0.8,1.6,2.8,0.0
2026,9,24,8,38,08:38,350.4,1.2,2.4,3.2,0.0
2026,9,24,8,39,08:39,351.7,1.0,2.3,3.5,0.0
2026,9,24,8,41,08:41,2.2,0.4,0.7,1.5,0.0
2026,9,24,8,43,08:43,3.4,0.8,1.4,2.3,0.0
2026,9,24,8,44,08:44,9.7,0.0,0.5,1.2,0.0
2026,9,24,8,47,08:46,350.6,1.1,2.2,3.0,0.0
2026,9,24,8,48,08:48,8.8,0.0,0.4,0.7,0.0
2026,9,24,8,49,08:49,32.5,0.0,0.5,1.2,0.0
2026,9,24,8,51,08:51,357.6,0.6,0.9,2.3,0.0
2026,9,24,8,53,08:53,21.1,0.0,0.6,1.7,0.0
2026,9,24,8,54,08:54,1.6,0.6,0.9,1.5,0.0
2026,9,24,8,56,08:56,11.8,0.0,0.9,2.1,0.0
2026,9,24,8,58,08:58,16.6,0.0,0.9,2.8,0.0
2026,9,24,8,59,08:59,26.8,0.0,0.9,2.0,0.0
2026,9,24,9,2,09:01,21.5,0.0,0.5,0.9,0.0
2026,9,24,9,3,09:03,6.4,0.3,1.2,2.8,0.0
2026,9,24,9,4,09:04,357.3,0.0,0.6,1.3,0.0
2026,9,24,9,6,09:06,26.4,0.0,0.6,1.1,0.0
2026,9,24,9,8,09:08,6.3,0.0,0.6,1.2,0.0
2026,9,24,9,9,09:09,1.6,0.0,1.9,3.2,0.0
2026,9,24,9,11,09:11,356.3,0.5,0.8,1.5,0.0
2026,9,24,9,13,09:13,49.4,0.0,0.7,1.4,0.0
2026,9,24,9,14,09:14,15.0,0.5,0.8,1.4,0.0
2026,9,24,9,16,09:16,22.8,0.0,0.5,0.8,0.0
2026,9,24,9,18,09:18,10.4,0.0,0.5,0.8,0.0
2026,9,24,9,19,09:19,23.6,0.0,1.1,3.5,0.0
2026,9,24,9,22,09:21,14.2,0.4,0.9,1.8,0.0
2026,9,24,9,23,09:23,33.5,0.0,0.9,1.4,0.0
2026,9,24,9,24,09:24,354.5,0.5,2.2,4.2,0.0
2026,9,24,9,26,09:26,3.3,0.8,1.5,2.4,0.0
2026,9,24,9,28,09:28,1.4,0.6,1.7,3.4,0.0
2026,9,24,9,29,09:29,4.2,0.5,0.9,2.0,0.0
2026,9,24,9,31,09:31,358.8,1.6,2.9,3.9,0.0
2026,9,24,9,33,09:33,359.2,1.1,2.0,3.2,0.0
2026,9,24,9,34,09:34,12.1,0.7,1.6,2.6,0.0
2026,9,24,9,36,09:36,352.0,0.4,1.1,2.2,0.0
2026,9,24,9,38,09:38,5.8,0.4,0.8,2.1,0.0
2026,9,24,9,39,09:39,1.7,0.5,1.1,3.0,0.0
2026,9,24,9,42,09:41,5.7,0.5,0.8,1.9,0.0
2026,9,24,9,43,09:43,3.7,0.5,0.6,1.1,0.0
2026,9,24,9,44,09:44,25.0,0.0,0.5,0.9,0.0
2026,9,24,9,46,09:46,30.5,0.0,0.9,2.1,0.0
2026,9,24,9,48,09:48,350.3,1.5,2.2,3.1,0.0
2026,9,24,9,49,09:49,352.1,1.3,2.5,3.7,0.0
2026,9,24,9,51,09:51,355.1,0.8,2.4,3.3,0.0
2026,9,24,9,53,09:53,351.5,1.0,2.1,3.6,0.0
2026,9,24,9,54,09:54,351.6,1.9,2.6,3.2,0.0
2026,9,24,9,56,09:56,356.0,0.9,1.8,2.8,0.0
2026,9,24,9,58,09:58,350.6,1.3,3.0,3.8,0.0
2026,9,24,9,59,09:59,352.7,1.8,2.9,3.8,0.0
2026,9,24,10,2,10:01,355.6,0.9,1.4,2.1,0.0
2026,9,24,10,3,10:03,354.4,1.1,2.5,3.5,0.0
2026,9,24,10,4,10:04,352.6,1.6,2.4,2.9,0.0
2026,9,24,10,6,10:06,352.0,1.8,2.6,3.1,0.0
2026,9,24,10,8,10:08,349.9,1.4,2.3,3.4,0.0
2026,9,24,10,9,10:09,354.6,1.0,2.4,3.8,0.0
2026,9,24,10,11,10:11,352.1,1.9,2.5,3.4,0.0
2026,9,24,10,13,10:13,352.4,1.2,2.8,3.9,0.0
2026,9,24,10,14,10:14,350.1,1.9,2.9,3.4,0.0
2026,9,24,10,16,10:16,344.4,2.3,3.8,4.4,0.0
2026,9,24,10,18,10:18,348.2,2.8,3.4,4.1,0.0
2026,9,24,10,19,10:19,354.7,0.6,1.7,3.5,0.0
2026,9,24,10,22,10:21,5.3,0.0,0.9,1.9,0.0
2026,9,24,10,23,10:23,0.3,0.8,1.8,3.1,0.0
2026,9,24,10,24,10:24,24.0,0.7,1.4,3.2,0.0
2026,9,24,10,26,10:26,12.9,0.0,0.8,1.3,0.0
2026,9,24,10,28,10:28,353.6,2.0,3.2,4.2,0.0
2026,9,24,10,32,10:31,5.1,0.7,1.4,2.6,0.0
2026,9,24,10,33,10:33,354.1,1.0,2.8,4.6,0.0
2026,9,24,10,34,10:34,354.0,1.6,2.6,3.8,0.0
2026,9,24,10,36,10:36,19.6,0.8,1.4,2.9,0.0
2026,9,24,10,38,10:38,18.2,0.7,1.5,2.9,0.0
2026,9,24,10,39,10:39,26.9,0.7,1.1,1.8,0.0
2026,9,24,10,42,10:41,22.0,0.6,1.2,2.6,0.0
2026,9,24,10,43,10:43,356.9,0.6,1.4,3.2,0.0
2026,9,24,10,44,10:44,347.4,1.7,2.8,3.6,0.0
2026,9,24,10,46,10:46,343.8,2.2,2.9,4.3,0.0
2026,9,24,10,48,10:48,354.2,1.5,2.8,4.2,0.0
2026,9,24,10,49,10:49,340.6,1.3,2.7,3.6,0.0
2026,9,24,10,52,10:51,347.9,1.8,2.9,3.7,0.0
2026,9,24,10,53,10:53,349.2,1.6,2.7,3.9,0.0
2026,9,24,10,54,10:54,349.2,2.9,4.0,4.7,0.0
2026,9,24,10,56,10:56,356.9,1.5,3.1,4.0,0.0
2026,9,24,10,58,10:58,352.7,2.5,3.7,4.8,0.0
2026,9,24,10,59,10:59,3.7,1.3,2.1,3.7,0.0
2026,9,24,11,2,11:01,21.4,1.0,2.6,4.6,0.0
2026,9,24,11,3,11:03,354.0,0.7,2.4,4.2,0.0
2026,9,24,11,4,11:04,352.5,1.5,2.6,3.7,0.0
2026,9,24,11,6,11:06,345.4,1.0,1.9,3.0,0.0
2026,9,24,11,8,11:08,12.1,0.5,1.0,2.1,0.0
2026,9,24,11,9,11:09,353.5,1.0,1.9,2.5,0.0
2026,9,24,11,11,11:11,357.3,0.8,1.7,2.7,0.0
2026,9,24,11,13,11:13,345.6,1.1,2.7,3.8,0.0
2026,9,24,11,14,11:14,355.4,0.5,1.7,2.9,0.0
2026,9,24,11,16,11:16,344.6,2.9,3.5,4.4,0.0
2026,9,24,11,18,11:18,8.8,0.7,2.0,3.5,0.0
2026,9,24,11,19,11:19,35.2,0.5,0.9,1.7,0.0
2026,9,24,11,22,11:21,10.0,0.9,1.9,3.2,0.0
2026,9,24,11,23,11:23,12.4,0.5,1.2,2.4,0.0
2026,9,24,11,24,11:24,7.3,0.5,1.2,2.6,0.0
2026,9,24,11,27,11:26,357.2,1.1,2.5,4.2,0.0
2026,9,24,11,28,11:28,18.4,0.7,1.2,2.5,0.0
2026,9,24,11,29,11:29,7.7,1.0,2.7,5.2,0.0
2026,9,24,11,31,11:31,348.9,1.2,2.6,3.7,0.0
2026,9,24,11,33,11:33,358.0,1.3,2.3,4.0,0.0
2026,9,24,11,34,11:34,11.7,0.6,1.5,3.0,0.0
2026,9,24,11,36,11:36,354.7,1.5,3.5,6.3,0.0
2026,9,24,11,38,11:38,341.8,2.5,3.4,4.2,0.0
2026,9,24,11,39,11:39,357.2,1.0,3.1,4.9,0.0
2026,9,24,11,41,11:41,3.0,1.6,3.9,6.2,0.0
2026,9,24,11,43,11:43,352.3,1.3,2.5,4.0,0.0
2026,9,24,11,44,11:44,356.8,1.5,3.8,5.0,0.0
2026,9,24,11,46,11:46,355.0,2.1,3.8,5.7,0.0
2026,9,24,11,48,11:48,359.1,1.1,3.6,5.6,0.0
2026,9,24,11,49,11:49,350.0,1.4,3.6,5.3,0.0
2026,9,24,11,52,11:51,7.1,1.9,3.7,6.5,0.0
2026,9,24,11,53,11:53,353.1,1.0,3.9,5.8,0.0
2026,9,24,11,54,11:54,6.2,1.2,3.2,5.5,0.0
2026,9,24,11,57,11:56,357.4,1.4,3.5,5.1,0.0
2026,9,24,11,58,11:58,350.7,2.2,4.1,5.6,0.0
2026,9,24,11,59,11:59,352.8,0.9,3.3,4.8,0.0
2026,9,24,12,1,12:01,353.1,2.0,3.3,4.3,0.0
2026,9,24,12,3,12:03,354.7,0.8,2.5,4.9,0.0
2026,9,24,12,4,12:04,354.3,1.0,3.0,5.1,0.0
2026,9,24,12,6,12:06,350.2,1.8,3.5,4.6,0.0
2026,9,24,12,8,12:08,359.3,1.4,2.7,4.6,0.0
2026,9,24,12,12,12:11,350.8,1.4,3.0,4.0,0.0
2026,9,24,12,13,12:13,340.7,1.7,3.3,4.2,0.0
2026,9,24,12,14,12:14,340.8,1.9,2.8,4.0,0.0
2026,9,24,12,16,12:16,342.3,1.4,2.3,3.0,0.0
2026,9,24,12,18,12:18,348.9,1.4,2.3,3.0,0.0
2026,9,24,12,19,12:19,342.6,1.9,2.7,3.6,0.0
2026,9,24,12,21,12:21,350.6,1.4,2.7,4.1,0.0
2026,9,24,12,23,12:23,338.1,2.2,3.0,4.3,0.0
2026,9,24,12,24,12:24,347.6,1.0,2.3,3.4,0.0
2026,9,24,12,26,12:26,346.6,1.3,2.3,2.8,0.0
2026,9,24,12,28,12:28,353.8,0.9,2.0,3.0,0.0
2026,9,24,12,29,12:29,344.6,1.3,2.0,2.7,0.0
2026,9,24,12,31,12:31,351.5,0.8,1.7,2.8,0.0
2026,9,24,12,33,12:33,344.5,1.9,2.8,4.0,0.0
2026,9,24,12,34,12:34,348.6,1.4,2.2,2.5,0.0
2026,9,24,12,36,12:36,337.4,1.6,2.5,3.4,0.0
2026,9,24,12,38,12:38,348.1,1.5,2.3,3.1,0.0
2026,9,24,12,39,12:39,344.9,1.6,2.3,3.2,0.0
2026,9,24,12,42,12:41,354.8,1.5,2.4,3.4,0.0
2026,9,24,12,43,12:43,351.5,1.1,0.9,2.5,0.0
2026,9,24,12,44,12:44,358.9,0.5,0.9,2.1,0.0
2026,9,24,12,46,12:46,337.8,1.1,1.8,2.5,0.0
2026,9,24,12,48,12:48,335.7,2.0,2.6,3.3,0.0
2026,9,24,12,49,12:49,335.3,1.9,2.5,3.0,0.0
2026,9,24,12,51,12:51,353.6,0.6,2.3,4.1,0.0
2026,9,24,12,53,12:53,352.0,1.6,2.9,4.3,0.0
2026,9,24,12,54,12:54,345.1,2.7,3.4,4.3,0.0
2026,9,24,12,57,12:56,343.3,1.3,2.7,3.9,0.0
2026,9,24,12,58,12:58,355.2,0.8,3.0,5.4,0.0
2026,9,24,12,59,12:59,354.8,0.5,2.0,3.8,0.0
2026,9,24,13,1,13:01,350.1,1.1,3.0,4.0,0.0
2026,9,24,13,3,13:03,10.3,1.4,1.4,2.8,0.0
2026,9,24,13,4,13:04,346.1,2.1,2.9,3.8,0.0
2026,9,24,13,6,13:06,357.8,0.5,2.1,3.8,0.0
2026,9,24,13,8,13:08,353.7,1.0,2.8,3.6,0.0
2026,9,24,13,9,13:09,351.3,1.8,3.0,3.9,0.0
2026,9,24,13,11,13:11,1.0,1.5,3.4,4.8,0.0
2026,9,24,13,13,13:13,346.2,1.9,3.5,4.7,0.0
2026,9,24,13,14,13:14,350.4,2.5,3.5,5.0,0.0
2026,9,24,13,16,13:16,9.0,1.2,2.7,4.2,0.0
2026,9,24,13,18,13:18,14.3,0.6,1.8,4.3,0.0
2026,9,24,13,19,13:19,350.0,0.6,2.5,4.1,0.0
2026,9,24,13,22,13:21,347.1,3.0,4.2,5.2,0.0
2026,9,24,13,23,13:23,356.5,1.0,3.1,4.7,0.0
2026,9,24,13,24,13:24,351.9,1.8,3.2,4.8,0.0
2026,9,24,13,26,13:26,340.0,1.5,2.9,3.7,0.0
2026,9,24,13,28,13:28,353.2,1.2,2.8,4.5,0.0
2026,9,24,13,29,13:29,349.1,3.7,4.7,6.5,0.0
2026,9,24,13,31,13:31,11.6,0.6,1.6,3.6,0.0
2026,9,24,13,33,13:33,22.0,0.8,1.5,3.3,0.0
2026,9,24,13,34,13:34,11.4,0.7,1.7,3.7,0.0
2026,9,24,13,36,13:36,40.0,0.7,1.6,2.7,0.0
2026,9,24,13,38,13:38,39.8,1.7,2.9,5.0,0.0
2026,9,24,13,39,13:39,24.5,1.0,2.3,5.1,0.0
2026,9,24,13,41,13:41,39.2,1.0,2.2,3.6,0.0
2026,9,24,13,43,13:43,32.9,0.6,1.4,3.4,0.0
2026,9,24,13,44,13:44,32.1,0.9,1.5,2.3,0.0
2026,9,24,13,47,13:46,2.0,1.1,2.1,3.5,0.0
2026,9,24,13,48,13:48,19.6,0.9,1.6,3.2,0.0
2026,9,24,13,49,13:49,32.8,0.8,1.4,2.4,0.0
2026,9,24,13,51,13:51,19.9,0.9,1.6,2.7,0.0
2026,9,24,13,53,13:53,24.2,0.9,1.7,3.0,0.0
2026,9,24,13,54,13:54,30.6,0.9,1.4,2.1,0.0
2026,9,24,13,57,13:56,30.7,0.6,1.2,2.7,0.0
2026,9,24,13,58,13:58,16.2,0.8,1.5,2.7,0.0
2026,9,24,13,59,13:59,358.4,1.2,3.8,6.8,0.0
2026,9,24,14,1,14:01,17.8,1.1,2.6,4.9,0.0
2026,9,24,14,3,14:03,349.6,1.2,3.5,5.4,0.0
2026,9,24,14,4,14:04,349.7,2.4,4.5,6.3,0.0
2026,9,24,14,6,14:06,346.6,3.1,3.8,4.7,0.0
2026,9,24,14,8,14:08,352.4,2.2,4.2,5.7,0.0
2026,9,24,14,9,14:09,4.4,1.0,2.7,5.4,0.0
2026,9,24,14,11,14:11,27.8,0.8,1.9,5.2,0.0
2026,9,24,14,13,14:13,25.8,0.5,0.9,1.1,0.0
2026,9,24,14,14,14:14,11.9,0.7,1.4,2.2,0.0
2026,9,24,14,16,14:16,349.3,1.7,3.7,5.8,0.0
2026,9,24,14,18,14:18,1.1,1.3,2.8,5.1,0.0
2026,9,24,14,19,14:19,2.0,1.5,3.7,7.5,0.0
2026,9,24,14,21,14:21,14.3,0.9,1.7,5.5,0.0
2026,9,24,14,23,14:23,17.1,1.0,1.3,2.0,0.0
2026,9,24,14,24,14:24,38.0,0.7,1.8,4.0,0.0
2026,9,24,14,26,14:26,43.6,0.8,1.9,4.0,0.0
2026,9,24,14,28,14:28,31.3,0.8,1.3,2.6,0.0
2026,9,24,14,29,14:29,27.0,0.5,0.8,1.8,0.0
2026,9,24,14,31,14:31,15.1,0.0,1.8,4.1,0.0
2026,9,24,14,33,14:33,351.2,1.3,4.3,6.6,0.0
2026,9,24,14,34,14:34,351.0,2.1,4.7,6.9,0.0
2026,9,24,14,36,14:36,23.6,1.0,1.6,2.9,0.0
2026,9,24,14,38,14:38,9.5,0.8,2.2,5.0,0.0
2026,9,24,14,39,14:39,8.3,1.3,2.8,4.9,0.0
2026,9,24,14,42,14:41,18.7,1.3,2.6,4.7,0.0
2026,9,24,14,43,14:43,28.7,0.7,1.4,2.5,0.0
2026,9,24,14,44,14:44,14.8,1.0,2.7,5.1,0.0
2026,9,24,14,47,14:46,15.8,1.6,3.0,6.7,0.0
2026,9,24,14,48,14:48,19.5,1.2,2.1,4.0,0.0
2026,9,24,14,49,14:49,21.7,0.8,1.7,2.9,0.0
2026,9,24,14,51,14:51,20.8,0.6,1.4,2.8,0.0
2026,9,24,14,53,14:53,32.5,0.8,1.4,3.9,0.0
2026,9,24,14,54,14:54,83.5,0.4,0.9,1.9,0.0
2026,9,24,14,56,14:56,65.4,1.2,2.8,4.6,0.0
2026,9,24,14,58,14:58,354.2,1.0,3.3,6.4,0.0
2026,9,24,14,59,14:59,345.9,3.2,5.2,7.7,0.0
2026,9,24,15,2,15:01,348.8,3.9,5.4,7.0,0.0
2026,9,24,15,3,15:03,355.8,0.6,2.8,5.2,0.0
2026,9,24,15,4,15:04,350.3,1.9,3.9,6.3,0.0
2026,9,24,15,6,15:06,1.7,0.6,2.6,4.2,0.0
2026,9,24,15,8,15:08,351.7,1.0,3.6,5.7,0.0
2026,9,24,15,9,15:09,351.9,3.1,4.7,6.9,0.0
2026,9,24,15,11,15:11,3.3,1.7,3.3,4.3,0.0
2026,9,24,15,13,15:13,6.6,0.9,2.2,5.5,0.0
2026,9,24,15,14,15:14,16.4,0.6,2.8,6.8,0.0
2026,9,24,15,16,15:16,355.4,1.1,2.8,6.0,0.0
2026,9,24,15,18,15:18,13.3,0.9,1.4,2.7,0.0
2026,9,24,15,21,15:21,1.7,0.6,1.7,3.0,0.0
2026,9,24,15,23,15:23,358.2,1.5,2.9,4.6,0.0
2026,9,24,15,24,15:24,356.9,0.0,1.6,4.1,0.0
2026,9,24,15,27,15:26,354.0,0.8,2.2,4.4,0.0
2026,9,24,15,28,15:28,351.2,1.0,2.5,4.3,0.0
2026,9,24,15,29,15:29,349.8,1.8,3.3,4.9,0.0
2026,9,24,15,31,15:31,13.6,0.0,1.5,3.3,0.0
2026,9,24,15,33,15:33,351.8,0.7,2.6,5.0,0.0
2026,9,24,15,34,15:34,355.5,0.7,2.4,4.3,0.0
2026,9,24,15,36,15:36,34.9,0.6,0.9,1.2,0.0
2026,9,24,15,38,15:38,22.5,0.8,1.5,2.8,0.0
2026,9,24,15,39,15:39,16.1,1.0,2.3,4.9,0.0
2026,9,24,15,41,15:41,352.9,1.4,2.8,3.7,0.0
2026,9,24,15,43,15:43,5.4,0.7,2.1,3.4,0.0
2026,9,24,15,44,15:44,346.2,1.8,2.7,3.5,0.0
2026,9,24,15,47,15:46,348.9,2.0,2.7,3.9,0.0
2026,9,24,15,48,15:48,349.9,1.0,1.8,3.0,0.0
2026,9,24,15,49,15:49,343.4,1.9,2.7,4.2,0.0
2026,9,24,15,52,15:51,331.5,1.9,2.8,3.7,0.0
2026,9,24,15,53,15:53,335.7,2.7,3.5,4.4,0.0
2026,9,24,15,54,15:54,339.2,2.2,3.0,4.4,0.0
2026,9,24,15,56,15:56,332.0,2.5,3.2,4.1,0.0
2026,9,24,15,58,15:58,327.4,1.8,3.3,4.6,0.0
2026,9,24,15,59,15:59,331.5,2.2,3.1,4.1,0.0
2026,9,24,16,2,16:01,320.6,1.2,2.1,3.3,0.0
2026,9,24,16,3,16:03,324.2,2.0,2.3,2.8,0.0
2026,9,24,16,4,16:04,325.3,2.1,2.8,3.5,0.0
2026,9,24,16,6,16:06,325.0,2.8,4.0,6.1,0.0
2026,9,24,16,8,16:08,336.0,2.8,4.1,5.7,0.0
2026,9,24,16,9,16:09,326.0,2.3,3.3,5.4,0.0
2026,9,24,16,12,16:11,321.5,2.5,3.4,5.9,0.0
2026,9,24,16,13,16:13,337.4,3.0,4.8,6.5,0.0
2026,9,24,16,14,16:14,335.5,2.8,4.1,6.4,0.0
2026,9,24,16,16,16:16,319.7,2.3,3.6,5.1,0.0
2026,9,24,16,18,16:18,339.7,3.1,4.3,5.6,0.0
2026,9,24,16,19,16:19,339.4,3.4,4.6,6.4,0.0
2026,9,24,16,21,16:21,327.3,2.6,3.4,4.0,0.0
2026,9,24,16,23,16:23,330.2,1.8,2.8,4.1,0.0
2026,9,24,16,24,16:24,339.4,2.2,3.2,4.2,0.0
2026,9,24,16,27,16:26,334.9,2.7,3.4,4.2,0.0
2026,9,24,16,28,16:28,320.0,2.2,3.6,5.0,0.0
2026,9,24,16,29,16:29,343.0,2.1,4.3,6.0,0.0
2026,9,24,16,31,16:31,340.0,2.8,4.0,5.1,0.0
2026,9,24,16,33,16:33,341.5,2.7,4.1,5.6,0.0
2026,9,24,16,34,16:34,341.0,3.2,4.5,6.1,0.0
2026,9,24,16,37,16:36,333.1,2.4,3.9,5.0,0.0
2026,9,24,16,38,16:38,350.8,1.8,3.3,4.6,0.0
2026,9,24,16,39,16:39,336.2,2.3,3.2,4.1,0.0
2026,9,24,16,42,16:41,333.1,2.5,3.9,4.7,0.0
2026,9,24,16,43,16:43,328.8,2.3,3.2,4.6,0.0
2026,9,24,16,44,16:44,336.1,2.0,3.0,3.8,0.0
2026,9,24,16,46,16:46,331.8,2.1,3.4,4.3,0.0
2026,9,24,16,48,16:48,335.9,2.4,3.8,5.1,0.0
2026,9,24,16,49,16:49,327.3,2.6,3.6,4.8,0.0
2026,9,24,16,51,16:51,342.7,2.4,4.5,6.8,0.0
2026,9,24,16,53,16:53,335.7,3.3,4.4,6.0,0.0
2026,9,24,16,54,16:54,321.3,3.0,4.0,5.2,0.0
2026,9,24,16,56,16:56,341.9,2.9,4.5,6.5,0.0
2026,9,24,16,58,16:58,335.7,3.1,4.0,5.1,0.0
2026,9,24,16,59,16:59,326.6,3.1,4.3,5.1,0.0
2026,9,24,17,1,17:01,329.2,2.7,3.4,5.1,0.0
2026,9,24,17,3,17:03,338.8,2.5,4.6,7.1,0.0
2026,9,24,17,4,17:04,336.0,2.3,3.6,5.0,0.0
2026,9,24,17,6,17:06,333.3,2.9,4.3,6.4,0.0
2026,9,24,17,8,17:08,334.6,3.0,4.9,7.5,0.0
2026,9,24,17,9,17:09,330.3,3.4,4.4,5.9,0.0
2026,9,24,17,12,17:11,328.2,2.7,4.0,5.6,0.0
2026,9,24,17,13,17:13,331.3,3.5,4.8,6.5,0.0
2026,9,24,17,14,17:14,330.5,3.7,5.5,7.4,0.0
2026,9,24,17,17,17:16,328.9,3.0,3.9,5.8,0.0
2026,9,24,17,18,17:18,335.0,3.0,4.1,6.2,0.0
2026,9,24,17,19,17:19,328.7,2.2,3.5,4.9,0.0
2026,9,24,17,21,17:21,326.0,3.3,4.7,6.2,0.0
2026,9,24,17,23,17:23,328.1,2.3,3.6,5.2,0.0
2026,9,24,17,24,17:24,315.9,2.4,3.3,4.3,0.0
2026,9,24,17,27,17:26,331.8,2.4,3.3,4.7,0.0
2026,9,24,17,28,17:28,321.7,2.3,3.6,4.8,0.0
2026,9,24,17,29,17:29,329.4,3.0,4.6,5.9,0.0
2026,9,24,17,31,17:31,330.0,2.4,3.2,4.4,0.0
2026,9,24,17,33,17:33,331.2,3.4,4.3,5.8,0.0
2026,9,24,17,34,17:34,321.4,2.6,3.3,4.3,0.0
2026,9,24,17,36,17:36,340.0,2.1,3.9,6.4,0.0
2026,9,24,17,38,17:38,327.4,2.1,3.9,6.2,0.0
2026,9,24,17,39,17:39,338.3,2.9,4.1,5.6,0.0
2026,9,24,17,42,17:41,329.0,3.0,4.0,5.4,0.0
2026,9,24,17,43,17:43,328.7,2.6,3.4,4.6,0.0
2026,9,24,17,44,17:44,344.2,2.8,5.0,7.7,0.0
2026,9,24,17,47,17:46,330.4,2.4,2.9,3.7,0.0
2026,9,24,17,48,17:48,318.2,2.6,3.6,6.0,0.0
2026,9,24,17,49,17:49,313.2,2.4,3.2,4.2,0.0
2026,9,24,17,52,17:51,323.0,2.2,3.2,4.4,0.0
2026,9,24,17,53,17:53,314.7,2.3,3.3,4.2,0.0
2026,9,24,17,54,17:54,307.1,2.4,3.6,5.9,0.0
2026,9,24,17,56,17:56,306.7,2.8,4.2,5.6,0.0
2026,9,24,17,58,17:58,322.9,3.0,4.2,6.0,0.0
2026,9,24,17,59,17:59,317.2,2.4,3.5,4.4,0.0
2026,9,24,18,1,18:01,310.4,2.3,3.4,4.9,0.0
2026,9,24,18,3,18:03,301.5,2.8,3.8,4.7,0.0
2026,9,24,18,4,18:04,314.2,3.5,4.9,6.8,0.0
2026,9,24,18,7,18:06,315.8,3.4,4.5,6.5,0.0
2026,9,24,18,8,18:08,309.2,3.2,4.4,5.9,0.0
2026,9,24,18,9,18:09,315.2,2.7,3.9,5.8,0.0
2026,9,24,18,12,18:11,308.2,3.0,4.3,6.2,0.0
2026,9,24,18,13,18:13,304.1,3.1,4.2,6.2,0.0
2026,9,24,18,14,18:14,315.2,2.5,4.2,6.5,0.0
2026,9,24,18,17,18:16,327.3,3.0,4.5,7.2,0.0
2026,9,24,18,18,18:18,325.4,3.6,4.6,5.8,0.0
2026,9,24,18,19,18:19,316.2,2.7,4.2,6.7,0.0
2026,9,24,18,21,18:21,322.9,3.2,4.7,6.3,0.0
2026,9,24,18,23,18:23,323.2,2.7,4.1,6.0,0.0
2026,9,24,18,24,18:24,318.9,3.0,4.0,5.0,0.0
2026,9,24,18,26,18:26,319.9,3.7,5.6,8.4,0.0
2026,9,24,18,28,18:28,321.6,3.1,4.0,4.9,0.0
2026,9,24,18,29,18:29,319.6,3.5,4.5,6.2,0.0
2026,9,24,18,32,18:31,311.0,2.8,4.4,6.0,0.0
2026,9,24,18,33,18:33,328.1,3.3,4.6,5.7,0.0
2026,9,24,18,34,18:34,310.8,3.1,4.5,6.8,0.0
2026,9,24,18,37,18:36,324.0,3.1,4.6,6.8,0.0
2026,9,24,18,38,18:38,319.2,3.9,5.0,6.5,0.0
2026,9,24,18,39,18:39,341.4,2.8,4.7,6.8,0.0
2026,9,24,18,42,18:41,322.5,3.1,4.2,5.8,0.0
2026,9,24,18,43,18:43,311.2,4.1,6.5,9.6,0.0
2026,9,24,18,44,18:44,326.2,3.9,5.6,7.2,0.0
2026,9,24,18,47,18:46,324.1,4.1,5.6,7.3,0.0
2026,9,24,18,48,18:48,328.0,3.5,4.7,5.7,0.0
2026,9,24,18,49,18:49,326.5,2.1,3.6,4.9,0.0
2026,9,24,18,51,18:51,301.5,4.4,6.2,8.3,0.0
2026,9,24,18,53,18:53,313.5,4.0,5.2,6.5,0.0
2026,9,24,18,54,18:54,319.2,3.3,4.7,8.6,0.0
2026,9,24,18,57,18:56,326.8,3.3,4.2,5.8,0.0
2026,9,24,18,58,18:58,320.8,3.0,4.2,5.9,0.0
2026,9,24,18,59,18:59,322.3,3.3,4.9,7.7,0.0
2026,9,24,19,1,19:01,336.0,2.9,4.1,5.5,0.0
2026,9,24,19,3,19:03,321.4,3.7,4.9,7.4,0.0
2026,9,24,19,4,19:04,324.0,2.4,4.2,5.7,0.0
2026,9,24,19,6,19:06,328.0,2.8,4.2,6.7,0.0
2026,9,24,19,8,19:08,308.4,4.3,5.9,8.0,0.0
2026,9,24,19,9,19:09,329.7,3.3,4.5,6.9,0.0
2026,9,24,19,12,19:11,333.4,3.2,4.8,6.2,0.0
2026,9,24,19,13,19:13,332.7,2.4,3.6,5.4,0.0
2026,9,24,19,14,19:14,331.5,2.9,4.2,6.6,0.0
2026,9,24,19,16,19:16,318.6,3.3,5.2,6.9,0.0
2026,9,24,19,18,19:18,321.5,4.3,6.0,10.7,0.0
2026,9,24,19,19,19:19,334.1,3.3,6.9,8.2,0.0
2026,9,24,19,21,19:21,316.0,2.8,4.3,6.9,0.0
2026,9,24,19,23,19:23,322.0,3.9,6.0,8.1,0.0
2026,9,24,19,24,19:24,324.7,4.4,6.2,8.8,0.0
2026,9,24,19,26,19:26,333.6,3.2,4.1,5.6,0.0
2026,9,24,19,28,19:28,323.8,3.7,5.8,9.8,0.0
2026,9,24,19,29,19:29,332.7,3.7,4.7,7.7,0.0
2026,9,24,19,31,19:31,316.1,2.8,4.1,5.6,0.0
2026,9,24,19,33,19:33,334.7,2.9,4.9,7.2,0.0
2026,9,24,19,34,19:34,338.5,2.2,4.6,6.6,0.0
2026,9,24,19,36,19:36,328.8,3.2,5.7,9.8,0.0
2026,9,24,19,38,19:38,332.0,3.5,4.7,6.1,0.0
2026,9,24,19,39,19:39,328.6,2.6,3.9,5.3,0.0
2026,9,24,19,41,19:41,333.8,2.1,3.7,5.8,0.0
2026,9,24,19,43,19:43,327.8,3.4,4.9,7.3,0.0
2026,9,24,19,44,19:44,328.4,3.5,5.1,7.8,0.0
2026,9,24,19,47,19:46,351.0,4.0,6.6,9.1,0.0
2026,9,24,19,48,19:48,324.5,2.7,3.9,5.3,0.0
2026,9,24,19,49,19:49,333.5,2.3,3.2,5.1,0.0
2026,9,24,19,51,19:51,333.4,2.8,4.5,6.0,0.0
2026,9,24,19,53,19:53,328.3,3.5,5.5,7.8,0.0
2026,9,24,19,54,19:54,339.9,4.8,6.3,9.0,0.0
2026,9,24,19,56,19:56,339.6,3.4,6.1,8.3,0.0
2026,9,24,19,58,19:58,312.6,3.8,5.4,8.3,0.0
2026,9,24,19,59,19:59,335.7,3.0,4.2,5.9,0.0
2026,9,24,20,2,20:01,329.4,3.5,6.9,10.1,0.0
2026,9,24,20,3,20:03,338.0,3.0,4.5,6.3,0.0
2026,9,24,20,4,20:04,330.7,3.1,4.2,6.1,0.0
2026,9,24,20,6,20:06,341.5,3.2,4.7,6.1,0.0
2026,9,24,20,8,20:08,318.1,2.9,3.7,4.3,0.0
2026,9,24,20,9,20:09,334.8,3.5,4.8,6.7,0.0
2026,9,24,20,11,20:11,337.0,3.5,4.9,6.7,0.0
2026,9,24,20,13,20:13,328.4,3.0,4.9,7.5,0.0
2026,9,24,20,14,20:14,332.2,3.4,4.5,6.7,0.0
2026,9,24,20,16,20:16,335.2,2.9,5.0,7.9,0.0
2026,9,24,20,18,20:18,327.6,2.2,3.3,4.1,0.0
2026,9,24,20,19,20:19,331.3,2.8,4.2,6.3,0.0
2026,9,24,20,21,20:21,314.4,2.9,4.5,6.5,0.0
2026,9,24,20,23,20:23,326.6,2.6,4.1,5.3,0.0
2026,9,24,20,24,20:24,333.4,3.7,5.3,7.8,0.0
2026,9,24,20,26,20:26,320.8,3.5,4.8,7.4,0.0
2026,9,24,20,28,20:28,339.0,3.9,5.6,7.1,0.0
2026,9,24,20,29,20:29,338.2,4.2,5.5,8.0,0.0
2026,9,24,20,31,20:31,319.3,2.8,4.1,5.4,0.0
2026,9,24,20,33,20:33,317.0,3.0,4.2,5.8,0.0
2026,9,24,20,34,20:34,312.7,2.7,3.8,4.7,0.0
2026,9,24,20,37,20:36,323.1,2.3,3.1,4.0,0.0
2026,9,24,20,38,20:38,322.3,3.0,3.7,4.8,0.0
2026,9,24,20,39,20:39,325.9,3.6,4.9,7.8,0.0
2026,9,24,20,41,20:41,331.7,2.8,3.8,5.1,0.0
2026,9,24,20,43,20:43,332.1,3.6,4.9,6.8,0.0
2026,9,24,20,44,20:44,338.3,2.9,4.4,6.4,0.0
2026,9,24,20,46,20:46,321.1,4.3,6.1,8.1,0.0
2026,9,24,20,48,20:48,340.8,4.0,5.4,7.6,0.0
2026,9,24,20,49,20:49,328.7,2.8,4.4,5.8,0.0
2026,9,24,20,51,20:51,320.6,3.7,4.7,5.7,0.0
2026,9,24,20,53,20:53,329.8,3.4,4.8,6.6,0.0
2026,9,24,20,54,20:54,332.3,4.0,5.2,6.6,0.0
2026,9,24,20,56,20:56,325.4,2.8,4.7,6.2,0.0
2026,9,24,20,58,20:58,319.9,2.3,3.7,5.2,0.0
2026,9,24,20,59,20:59,322.7,3.3,5.1,6.7,0.0
2026,9,24,21,2,21:01,320.4,3.8,5.1,7.4,0.0
2026,9,24,21,3,21:03,344.5,3.7,4.7,5.8,0.0
2026,9,24,21,4,21:04,330.6,3.2,4.4,7.1,0.0
2026,9,24,21,7,21:06,329.6,3.8,5.4,6.6,0.0
2026,9,24,21,8,21:08,327.1,3.6,4.7,6.3,0.0
2026,9,24,21,9,21:09,321.5,3.6,4.6,5.7,0.0
2026,9,24,21,11,21:11,321.8,3.3,4.4,6.2,0.0
2026,9,24,21,13,21:13,324.0,3.5,4.8,6.2,0.0
2026,9,24,21,14,21:14,320.7,2.7,4.8,6.5,0.0
2026,9,24,21,17,21:16,321.2,2.6,3.9,5.4,0.0
2026,9,24,21,18,21:18,326.6,3.2,4.7,6.3,0.0
2026,9,24,21,19,21:19,320.8,2.3,3.7,5.9,0.0
2026,9,24,21,21,21:21,317.3,2.6,3.8,5.6,0.0
2026,9,24,21,23,21:23,326.1,2.4,3.3,4.3,0.0
2026,9,24,21,24,21:24,340.7,2.6,4.1,6.2,0.0
2026,9,24,21,26,21:26,326.8,2.9,3.8,5.4,0.0
2026,9,24,21,28,21:28,336.6,3.8,6.2,8.8,0.0
2026,9,24,21,29,21:29,337.3,3.8,5.2,7.3,0.0
2026,9,24,21,32,21:31,334.2,3.2,5.1,6.8,0.0
2026,9,24,21,33,21:33,329.4,2.8,4.2,5.3,0.0
2026,9,24,21,34,21:34,338.2,3.8,5.3,7.7,0.0
2026,9,24,21,36,21:36,338.4,3.3,4.8,6.6,0.0
2026,9,24,21,38,21:38,320.3,2.6,4.1,6.7,0.0
2026,9,24,21,39,21:39,322.3,3.4,4.6,6.1,0.0
2026,9,24,21,41,21:41,330.5,3.1,5.0,7.2,0.0
2026,9,24,21,43,21:43,338.9,4.2,5.8,7.8,0.0
2026,9,24,21,44,21:44,336.9,3.3,5.4,7.5,0.0
2026,9,24,21,46,21:46,335.2,3.1,4.6,6.7,0.0
2026,9,24,21,48,21:48,334.5,2.9,4.2,7.1,0.0
2026,9,24,21,49,21:49,330.2,3.3,5.1,7.8,0.0
2026,9,24,21,52,21:51,318.7,3.7,5.4,8.6,0.0
2026,9,24,21,53,21:53,323.8,3.8,5.5,7.6,0.0
2026,9,24,21,54,21:54,315.7,3.4,4.3,5.6,0.0
2026,9,24,21,56,21:56,348.1,3.2,5.3,8.0,0.0
2026,9,24,21,58,21:58,334.2,3.8,4.9,6.4,0.0
2026,9,24,21,59,21:59,326.2,3.6,6.5,9.0,0.0
2026,9,24,22,1,22:01,342.9,3.2,5.2,7.4,0.0
2026,9,24,22,3,22:03,339.6,4.0,6.2,8.8,0.0
2026,9,24,22,4,22:04,344.3,2.2,4.4,7.4,0.0
2026,9,24,22,6,22:06,335.5,3.6,6.2,10.3,0.0
2026,9,24,22,8,22:08,329.3,3.7,6.2,9.1,0.0
2026,9,24,22,9,22:09,326.6,4.0,7.3,10.0,0.0
2026,9,24,22,12,22:11,353.1,2.5,6.0,10.1,0.0
2026,9,24,22,13,22:13,337.1,4.1,5.9,7.9,0.0
2026,9,24,22,14,22:14,335.0,3.9,5.9,10.4,0.0
2026,9,24,22,17,22:16,344.5,2.5,5.2,7.3,0.0
2026,9,24,22,18,22:18,336.6,3.3,5.6,7.3,0.0
2026,9,24,22,19,22:19,338.0,3.3,4.6,6.9,0.0
2026,9,24,22,21,22:21,340.9,2.7,5.3,7.6,0.0
2026,9,24,22,23,22:23,349.6,3.5,5.6,8.2,0.0
2026,9,24,22,24,22:24,341.9,3.4,6.2,7.7,0.0
2026,9,24,22,26,22:26,348.0,3.3,5.0,7.1,0.0
2026,9,24,22,28,22:28,333.5,3.3,4.9,6.8,0.0
2026,9,24,22,29,22:29,333.0,2.9,4.5,7.2,0.0
2026,9,24,22,32,22:31,344.9,4.0,5.7,8.1,0.0
2026,9,24,22,33,22:33,330.9,4.3,5.5,7.6,0.0
2026,9,24,22,34,22:34,331.0,3.3,4.7,5.9,0.0
2026,9,24,22,37,22:36,335.3,4.2,6.3,8.6,0.0
2026,9,24,22,38,22:38,335.4,2.9,4.9,6.8,0.0
2026,9,24,22,39,22:39,320.5,4.1,5.9,6.8,0.0
2026,9,24,22,42,22:41,331.2,4.2,5.4,7.2,0.0
2026,9,24,22,43,22:43,346.9,5.1,6.6,8.6,0.0
2026,9,24,22,44,22:44,345.7,3.5,4.8,7.4,0.0
2026,9,24,22,46,22:46,333.3,3.1,4.5,6.4,0.0
2026,9,24,22,48,22:48,335.2,2.4,3.7,5.4,0.0
2026,9,24,22,49,22:49,341.3,2.1,4.5,6.4,0.0
2026,9,24,22,51,22:51,338.5,2.5,5.1,7.0,0.0
2026,9,24,22,53,22:53,343.0,4.6,5.9,8.8,0.0
2026,9,24,22,54,22:54,342.3,4.9,6.6,7.8,0.0
2026,9,24,22,57,22:56,324.9,3.9,6.2,7.7,0.0
2026,9,24,22,58,22:58,340.4,3.6,5.6,8.5,0.0
2026,9,24,22,59,22:59,324.7,4.1,5.7,8.5,0.0
2026,9,24,23,2,23:01,337.8,4.0,5.1,6.3,0.0
2026,9,24,23,3,23:03,337.5,3.0,4.8,6.7,0.0
2026,9,24,23,4,23:04,341.2,4.4,6.6,8.3,0.0
2026,9,24,23,7,23:06,338.6,4.4,5.6,7.0,0.0
2026,9,24,23,8,23:08,348.0,1.8,5.3,7.3,0.0
2026,9,24,23,9,23:09,339.7,3.3,5.1,7.4,0.0
2026,9,24,23,11,23:11,349.1,3.2,4.3,5.9,0.0
2026,9,24,23,13,23:13,351.2,2.8,4.2,6.3,0.0
2026,9,24,23,14,23:14,349.6,1.5,4.7,7.4,0.0
2026,9,24,23,17,23:16,340.8,2.6,4.2,6.8,0.0
2026,9,24,23,18,23:18,340.8,3.1,4.6,6.7,0.0
2026,9,24,23,19,23:19,355.5,1.9,5.0,8.4,0.0
2026,9,24,23,22,23:21,328.5,3.8,5.2,6.4,0.0
2026,9,24,23,23,23:23,341.3,4.3,5.6,7.1,0.0
2026,9,24,23,24,23:24,345.4,4.0,5.8,7.8,0.0
2026,9,24,23,27,23:26,339.7,4.3,5.6,7.3,0.0
2026,9,24,23,28,23:28,341.3,2.7,4.8,7.4,0.0
2026,9,24,23,29,23:29,342.8,3.7,5.6,7.3,0.0
2026,9,24,23,32,23:31,346.0,3.0,5.1,6.8,0.0
2026,9,24,23,33,23:33,335.6,3.6,5.1,6.7,0.0
2026,9,24,23,34,23:34,343.3,3.3,5.0,6.5,0.0
2026,9,24,23,37,23:36,343.2,3.1,5.1,6.5,0.0
2026,9,24,23,38,23:38,352.7,3.1,4.7,6.8,0.0
2026,9,24,23,39,23:39,343.5,4.5,5.4,6.8,0.0
2026,9,24,23,41,23:41,340.3,3.0,4.4,5.7,0.0
2026,9,24,23,43,23:43,345.3,2.2,5.9,8.5,0.0
2026,9,24,23,44,23:44,340.6,3.6,5.5,7.2,0.0
2026,9,24,23,47,23:46,345.6,3.5,5.0,6.7,0.0
2026,9,24,23,48,23:48,345.1,2.4,4.3,6.9,0.0
2026,9,24,23,51,23:51,348.0,3.2,5.8,8.7,0.0
2026,9,24,23,53,23:53,351.1,3.2,5.6,8.0,0.0
2026,9,24,23,54,23:54,349.7,1.5,3.9,6.6,0.0
2026,9,24,23,57,23:56,347.6,1.8,4.3,6.4,0.0
2026,9,24,23,58,23:58,357.6,1.4,3.7,6.4,0.0
2026,9,24,23,59,23:59,356.9,1.4,4.6,6.7,0.0
