# Helsinki Laru (dlarah.org Lauttasaari) 2026-09-12 Suomen aikaa — lähteen Laru_2026-255.txt sellaisenaan
# vuosi kk pv kirjoitus-h kirjoitus-min hh:mm suunta min ka max lämpötila (asemalla ei mittaria)
2026,9,12,0,1,00:00,285.2,2.3,2.8,4.0,0.0
2026,9,12,0,3,00:02,282.6,1.9,2.9,3.9,0.0
2026,9,12,0,4,00:03,276.3,1.5,2.2,3.6,0.0
2026,9,12,0,7,00:06,277.2,1.2,2.2,3.0,0.0
2026,9,12,0,8,00:07,273.0,1.8,2.5,3.1,0.0
2026,9,12,0,9,00:09,272.1,1.5,1.9,2.4,0.0
2026,9,12,0,11,00:11,277.6,2.1,2.6,2.9,0.0
2026,9,12,0,13,00:12,276.8,2.1,2.5,3.3,0.0
2026,9,12,0,14,00:13,268.3,2.1,2.4,2.8,0.0
2026,9,12,0,17,00:16,263.9,1.8,2.8,3.7,0.0
2026,9,12,0,18,00:17,268.6,2.3,3.1,3.8,0.0
2026,9,12,0,19,00:19,266.6,1.9,2.5,3.1,0.0
2026,9,12,0,22,00:21,266.4,1.7,2.2,2.8,0.0
2026,9,12,0,23,00:22,275.6,1.5,2.0,2.5,0.0
2026,9,12,0,24,00:24,276.7,2.1,2.5,3.0,0.0
2026,9,12,0,27,00:26,265.5,1.6,2.3,3.0,0.0
2026,9,12,0,28,00:27,275.6,1.7,2.2,2.8,0.0
2026,9,12,0,29,00:28,280.3,1.9,2.6,3.4,0.0
2026,9,12,0,31,00:31,264.2,1.1,1.7,2.3,0.0
2026,9,12,0,33,00:32,273.9,1.6,1.8,2.1,0.0
2026,9,12,0,34,00:34,263.2,1.7,2.7,3.8,0.0
2026,9,12,0,37,00:36,270.5,1.5,2.2,2.9,0.0
2026,9,12,0,38,00:37,271.4,2.1,2.6,3.0,0.0
2026,9,12,0,39,00:38,257.6,2.0,2.5,3.4,0.0
2026,9,12,0,41,00:40,278.6,1.7,2.2,2.8,0.0
2026,9,12,0,43,00:42,274.6,1.7,2.2,2.7,0.0
2026,9,12,0,44,00:43,253.5,1.1,1.8,2.2,0.0
2026,9,12,0,46,00:46,277.5,1.7,2.0,2.4,0.0
2026,9,12,0,48,00:47,265.2,1.4,1.9,2.6,0.0
2026,9,12,0,49,00:48,279.8,1.5,1.8,2.2,0.0
2026,9,12,0,52,00:51,285.4,1.5,1.7,2.0,0.0
2026,9,12,0,53,00:52,288.9,1.7,2.1,2.6,0.0
2026,9,12,0,54,00:53,280.0,1.7,2.2,2.5,0.0
2026,9,12,0,56,00:56,280.3,2.1,2.4,2.8,0.0
2026,9,12,0,58,00:57,282.8,1.8,2.6,3.4,0.0
2026,9,12,0,59,00:58,275.2,1.8,2.2,2.9,0.0
2026,9,12,1,2,01:01,275.4,0.7,1.6,2.5,0.0
2026,9,12,1,3,01:02,273.8,1.1,1.8,2.0,0.0
2026,9,12,1,4,01:03,265.4,1.7,2.1,2.6,0.0
2026,9,12,1,6,01:05,271.2,1.5,1.9,2.6,0.0
2026,9,12,1,8,01:07,260.4,1.3,2.2,3.8,0.0
2026,9,12,1,9,01:09,265.8,1.8,2.3,3.2,0.0
2026,9,12,1,12,01:11,260.3,1.7,2.2,2.6,0.0
2026,9,12,1,13,01:12,260.6,1.7,2.5,3.2,0.0
2026,9,12,1,14,01:14,265.3,1.7,2.3,3.0,0.0
2026,9,12,1,16,01:15,265.8,1.9,2.4,2.8,0.0
2026,9,12,1,18,01:17,262.8,1.9,2.3,3.1,0.0
2026,9,12,1,19,01:18,272.8,1.5,2.2,2.7,0.0
2026,9,12,1,21,01:20,265.7,1.6,2.2,2.7,0.0
2026,9,12,1,23,01:22,268.3,1.5,2.3,2.9,0.0
2026,9,12,1,24,01:23,260.0,1.8,2.7,3.5,0.0
2026,9,12,1,27,01:26,263.2,1.7,2.5,3.1,0.0
2026,9,12,1,28,01:27,264.5,1.7,2.3,2.7,0.0
2026,9,12,1,29,01:29,261.4,1.3,1.8,2.3,0.0
2026,9,12,1,32,01:31,263.7,2.2,2.8,3.3,0.0
2026,9,12,1,33,01:32,264.4,1.8,2.4,3.1,0.0
2026,9,12,1,34,01:33,270.9,2.0,2.7,3.5,0.0
2026,9,12,1,36,01:36,261.1,1.7,2.1,2.6,0.0
2026,9,12,1,38,01:37,261.1,1.7,2.2,2.5,0.0
2026,9,12,1,39,01:38,261.1,1.5,2.0,2.4,0.0
2026,9,12,1,42,01:41,270.0,1.9,2.1,2.4,0.0
2026,9,12,1,43,01:42,264.2,1.3,1.8,2.4,0.0
2026,9,12,1,44,01:44,264.5,1.5,1.8,2.3,0.0
2026,9,12,1,47,01:46,256.3,1.1,1.6,2.0,0.0
2026,9,12,1,48,01:47,266.2,1.5,1.8,2.1,0.0
2026,9,12,1,49,01:49,268.3,1.6,1.9,2.3,0.0
2026,9,12,1,52,01:51,266.0,1.4,2.0,2.4,0.0
2026,9,12,1,53,01:52,266.5,1.7,2.0,2.3,0.0
2026,9,12,1,54,01:54,267.3,1.6,2.1,2.3,0.0
2026,9,12,1,57,01:56,272.1,1.3,1.7,2.0,0.0
2026,9,12,1,58,01:57,264.3,1.2,1.7,2.1,0.0
2026,9,12,1,59,01:59,264.4,1.1,1.6,2.0,0.0
2026,9,12,2,2,02:01,264.3,1.4,1.8,2.3,0.0
2026,9,12,2,3,02:02,264.4,1.6,2.0,2.5,0.0
2026,9,12,2,4,02:04,264.3,1.6,1.8,2.2,0.0
2026,9,12,2,7,02:06,264.3,1.1,1.7,2.1,0.0
2026,9,12,2,8,02:07,264.3,1.5,1.9,2.3,0.0
2026,9,12,2,9,02:08,264.3,1.5,1.8,2.1,0.0
2026,9,12,2,11,02:11,264.3,1.4,1.8,2.2,0.0
2026,9,12,2,13,02:12,264.5,1.3,1.7,2.2,0.0
2026,9,12,2,14,02:13,264.3,0.9,1.4,2.1,0.0
2026,9,12,2,16,02:15,264.3,0.9,1.3,1.8,0.0
2026,9,12,2,18,02:17,264.3,1.1,1.3,1.6,0.0
2026,9,12,2,19,02:18,264.4,0.9,1.3,1.6,0.0
2026,9,12,2,21,02:21,278.1,1.2,1.5,2.3,0.0
2026,9,12,2,23,02:22,277.8,1.2,1.4,1.5,0.0
2026,9,12,2,24,02:23,277.8,0.9,1.3,1.5,0.0
2026,9,12,2,26,02:25,277.8,0.9,1.1,1.3,0.0
2026,9,12,2,28,02:27,277.7,1.4,1.7,2.0,0.0
2026,9,12,2,29,02:29,277.7,1.7,2.0,2.6,0.0
2026,9,12,2,31,02:30,277.7,1.4,1.6,2.0,0.0
2026,9,12,2,33,02:32,277.7,1.6,1.9,2.2,0.0
2026,9,12,2,34,02:34,277.8,0.9,1.1,1.4,0.0
2026,9,12,2,37,02:36,277.8,0.8,1.3,1.8,0.0
2026,9,12,2,38,02:37,277.8,1.3,1.5,1.9,0.0
2026,9,12,2,39,02:38,277.8,1.3,1.6,2.2,0.0
2026,9,12,2,41,02:40,282.6,1.1,1.8,2.7,0.0
2026,9,12,2,43,02:42,284.2,1.0,1.5,2.3,0.0
2026,9,12,2,44,02:44,286.5,1.2,1.6,2.0,0.0
2026,9,12,2,46,02:46,286.1,0.8,1.2,1.7,0.0
2026,9,12,2,48,02:47,279.1,0.8,1.4,2.0,0.0
2026,9,12,2,49,02:48,279.1,0.8,1.4,1.7,0.0
2026,9,12,2,52,02:51,279.1,1.0,1.2,1.4,0.0
2026,9,12,2,53,02:52,279.0,0.0,1.2,1.5,0.0
2026,9,12,2,54,02:54,279.1,1.2,1.4,1.8,0.0
2026,9,12,2,57,02:56,279.1,1.1,1.3,1.5,0.0
2026,9,12,2,58,02:57,279.0,0.9,1.2,1.7,0.0
2026,9,12,2,59,02:59,291.1,1.1,1.5,1.9,0.0
2026,9,12,3,1,03:00,291.1,0.9,1.3,1.8,0.0
2026,9,12,3,3,03:02,297.8,1.2,1.4,1.6,0.0
2026,9,12,3,4,03:03,298.7,0.8,1.2,1.4,0.0
2026,9,12,3,6,03:05,293.7,0.8,0.9,1.1,0.0
2026,9,12,3,8,03:07,293.8,0.8,1.0,1.2,0.0
2026,9,12,3,9,03:08,293.7,0.9,1.2,1.4,0.0
2026,9,12,3,12,03:11,318.1,1.1,1.4,1.6,0.0
2026,9,12,3,13,03:12,318.1,1.2,1.4,1.7,0.0
2026,9,12,3,14,03:13,318.1,1.0,1.3,1.7,0.0
2026,9,12,3,16,03:15,321.2,1.2,1.6,1.8,0.0
2026,9,12,3,18,03:17,327.9,1.3,1.6,1.9,0.0
2026,9,12,3,19,03:19,322.6,1.6,1.7,2.0,0.0
2026,9,12,3,22,03:21,320.5,1.2,1.8,2.2,0.0
2026,9,12,3,23,03:22,307.8,1.2,1.5,2.0,0.0
2026,9,12,3,24,03:24,300.2,0.8,1.4,1.8,0.0
2026,9,12,3,27,03:26,300.2,0.9,1.1,1.2,0.0
2026,9,12,3,28,03:27,300.2,0.7,1.0,1.3,0.0
2026,9,12,3,29,03:28,300.2,0.8,0.9,1.1,0.0
2026,9,12,3,31,03:30,311.8,0.6,1.0,1.7,0.0
2026,9,12,3,33,03:32,330.2,0.8,1.2,1.6,0.0
2026,9,12,3,34,03:34,333.1,1.2,1.5,1.7,0.0
2026,9,12,3,36,03:36,327.1,1.3,1.6,1.8,0.0
2026,9,12,3,38,03:37,322.5,1.4,1.7,1.9,0.0
2026,9,12,3,39,03:38,322.5,1.4,1.6,1.9,0.0
2026,9,12,3,41,03:40,307.8,1.3,1.7,2.1,0.0
2026,9,12,3,43,03:42,307.8,1.1,1.3,1.4,0.0
2026,9,12,3,44,03:43,307.8,1.1,1.2,1.4,0.0
2026,9,12,3,46,03:46,292.0,1.1,1.5,2.0,0.0
2026,9,12,3,48,03:47,284.1,1.3,1.6,1.9,0.0
2026,9,12,3,49,03:48,284.1,1.1,1.3,1.6,0.0
2026,9,12,3,51,03:50,276.1,1.1,1.3,1.4,0.0
2026,9,12,3,53,03:52,276.1,1.3,1.5,1.8,0.0
2026,9,12,3,54,03:53,276.1,0.5,1.3,1.8,0.0
2026,9,12,3,56,03:55,276.1,1.2,1.4,1.8,0.0
2026,9,12,3,58,03:57,310.5,0.9,1.2,1.5,0.0
2026,9,12,3,59,03:58,310.5,1.0,1.2,1.6,0.0
2026,9,12,4,1,04:01,339.5,1.4,1.6,1.9,0.0
2026,9,12,4,3,04:02,337.6,1.5,1.8,2.0,0.0
2026,9,12,4,4,04:03,335.9,1.3,1.7,1.9,0.0
2026,9,12,4,6,04:06,328.3,1.1,1.3,1.5,0.0
2026,9,12,4,8,04:07,342.0,1.0,1.4,1.7,0.0
2026,9,12,4,9,04:08,332.5,1.0,1.4,1.9,0.0
2026,9,12,4,12,04:11,331.5,1.4,1.5,1.8,0.0
2026,9,12,4,13,04:12,331.4,1.0,1.2,1.3,0.0
2026,9,12,4,14,04:13,327.1,1.1,1.3,1.5,0.0
2026,9,12,4,16,04:15,265.6,0.7,1.5,1.7,0.0
2026,9,12,4,18,04:17,261.0,0.9,1.2,1.5,0.0
2026,9,12,4,19,04:18,261.0,0.8,1.0,1.3,0.0
2026,9,12,4,21,04:20,300.3,1.5,1.8,2.1,0.0
2026,9,12,4,23,04:21,292.2,1.3,1.5,1.7,0.0
2026,9,12,4,24,04:23,292.2,1.4,1.6,1.7,0.0
2026,9,12,4,26,04:25,327.6,1.3,1.6,1.9,0.0
2026,9,12,4,28,04:27,337.9,1.2,1.7,2.0,0.0
2026,9,12,4,29,04:28,344.2,1.3,1.7,2.0,0.0
2026,9,12,4,32,04:31,329.8,1.3,1.6,1.7,0.0
2026,9,12,4,33,04:32,322.3,1.1,1.4,1.6,0.0
2026,9,12,4,34,04:34,318.3,1.3,1.7,2.0,0.0
2026,9,12,4,36,04:35,316.8,1.1,1.3,1.6,0.0
2026,9,12,4,38,04:37,316.8,1.0,1.2,1.3,0.0
2026,9,12,4,39,04:38,316.8,0.0,0.5,1.1,0.0
2026,9,12,4,41,04:40,316.8,0.0,0.0,0.0,0.0
2026,9,12,4,43,04:42,316.8,0.0,0.1,0.3,0.0
2026,9,12,4,44,04:43,316.8,0.0,0.0,0.0,0.0
2026,9,12,4,47,04:46,316.8,0.0,0.0,0.0,0.0
2026,9,12,4,48,04:47,316.8,0.0,0.0,0.0,0.0
2026,9,12,4,49,04:48,316.8,0.0,0.0,0.0,0.0
2026,9,12,4,51,04:50,316.8,0.0,0.0,0.0,0.0
2026,9,12,4,53,04:52,316.8,0.0,0.1,0.2,0.0
2026,9,12,4,54,04:53,316.8,0.0,0.1,0.2,0.0
2026,9,12,4,56,04:55,316.8,0.0,0.4,0.6,0.0
2026,9,12,4,58,04:57,316.8,0.0,0.0,0.0,0.0
2026,9,12,4,59,04:58,316.8,0.0,0.0,0.0,0.0
2026,9,12,5,1,05:01,316.8,0.0,0.0,0.0,0.0
2026,9,12,5,3,05:02,316.8,0.0,0.0,0.0,0.0
2026,9,12,5,4,05:03,316.8,0.0,0.0,0.0,0.0
2026,9,12,5,6,05:05,316.8,0.0,0.0,0.0,0.0
2026,9,12,5,8,05:07,316.8,0.0,0.0,0.0,0.0
2026,9,12,5,9,05:09,316.8,0.0,0.0,0.0,0.0
2026,9,12,5,11,05:11,316.8,0.0,0.0,0.0,0.0
2026,9,12,5,13,05:12,316.8,0.0,0.0,0.0,0.0
2026,9,12,5,14,05:13,316.8,0.0,0.0,0.0,0.0
2026,9,12,5,16,05:15,316.8,0.0,0.0,0.0,0.0
2026,9,12,5,18,05:17,316.8,0.0,0.0,0.0,0.0
2026,9,12,5,19,05:19,316.8,0.0,0.0,0.0,0.0
2026,9,12,5,21,05:20,316.8,0.0,0.0,0.0,0.0
2026,9,12,5,23,05:22,316.8,0.0,0.0,0.0,0.0
2026,9,12,5,24,05:23,316.8,0.0,0.0,0.0,0.0
2026,9,12,5,26,05:25,316.8,0.0,0.0,0.0,0.0
2026,9,12,5,28,05:27,316.8,0.0,0.0,0.0,0.0
2026,9,12,5,29,05:28,316.8,0.0,0.0,0.0,0.0
2026,9,12,5,31,05:30,316.8,0.0,0.0,0.0,0.0
2026,9,12,5,33,05:32,316.8,0.0,0.0,0.0,0.0
2026,9,12,5,34,05:33,316.8,0.0,0.0,0.0,0.0
2026,9,12,5,36,05:35,316.8,0.0,0.0,0.0,0.0
2026,9,12,5,38,05:37,316.8,0.0,0.0,0.0,0.0
2026,9,12,5,39,05:38,316.8,0.0,0.0,0.0,0.0
2026,9,12,5,41,05:40,316.8,0.0,0.0,0.0,0.0
2026,9,12,5,43,05:42,316.8,0.0,0.0,0.0,0.0
2026,9,12,5,44,05:43,316.8,0.0,0.0,0.0,0.0
2026,9,12,5,46,05:45,316.8,0.0,0.0,0.0,0.0
2026,9,12,5,48,05:47,316.8,0.0,0.0,0.0,0.0
2026,9,12,5,49,05:49,316.8,0.0,0.0,0.0,0.0
2026,9,12,5,51,05:51,316.8,0.0,0.0,0.0,0.0
2026,9,12,5,53,05:52,316.8,0.0,0.0,0.0,0.0
2026,9,12,5,54,05:53,316.8,0.0,0.0,0.0,0.0
2026,9,12,5,56,05:55,316.8,0.0,0.0,0.0,0.0
2026,9,12,5,58,05:57,316.8,0.0,0.0,0.0,0.0
2026,9,12,6,1,05:59,316.8,0.0,0.0,0.0,0.0
2026,9,12,6,3,06:02,316.8,0.0,0.0,0.0,0.0
2026,9,12,6,4,06:04,316.8,0.0,0.0,0.0,0.0
2026,9,12,6,7,06:06,316.8,0.0,0.0,0.0,0.0
2026,9,12,6,8,06:07,316.8,0.0,0.0,0.0,0.0
2026,9,12,6,9,06:08,316.8,0.0,0.0,0.0,0.0
2026,9,12,6,11,06:10,316.8,0.0,0.0,0.0,0.0
2026,9,12,6,13,06:12,316.8,0.0,0.0,0.0,0.0
2026,9,12,6,14,06:13,316.8,0.0,0.0,0.0,0.0
2026,9,12,6,16,06:15,316.8,0.0,0.0,0.0,0.0
2026,9,12,6,18,06:17,316.8,0.0,0.0,0.0,0.0
2026,9,12,6,19,06:18,316.8,0.0,0.0,0.0,0.0
2026,9,12,6,21,06:20,316.8,0.0,0.0,0.0,0.0
2026,9,12,6,23,06:22,316.8,0.0,0.0,0.0,0.0
2026,9,12,6,24,06:23,316.8,0.0,0.0,0.0,0.0
2026,9,12,6,26,06:26,316.8,0.0,0.0,0.0,0.0
2026,9,12,6,28,06:27,316.8,0.0,0.0,0.0,0.0
2026,9,12,6,29,06:28,316.8,0.0,0.0,0.0,0.0
2026,9,12,6,31,06:31,316.8,0.0,0.0,0.0,0.0
2026,9,12,6,33,06:32,316.8,0.0,0.0,0.0,0.0
2026,9,12,6,34,06:33,316.8,0.0,0.0,0.0,0.0
2026,9,12,6,36,06:35,316.8,0.0,0.0,0.0,0.0
2026,9,12,6,38,06:37,316.8,0.0,0.0,0.0,0.0
2026,9,12,6,39,06:38,316.8,0.0,0.0,0.0,0.0
2026,9,12,6,41,06:40,316.8,0.0,0.0,0.0,0.0
2026,9,12,6,43,06:42,316.8,0.0,0.0,0.0,0.0
2026,9,12,6,44,06:43,316.8,0.0,0.0,0.0,0.0
2026,9,12,6,46,06:45,316.8,0.0,0.0,0.0,0.0
2026,9,12,6,48,06:47,316.8,0.0,0.0,0.0,0.0
2026,9,12,6,49,06:48,316.8,0.0,0.0,0.0,0.0
2026,9,12,6,51,06:50,316.8,0.0,0.0,0.0,0.0
2026,9,12,6,53,06:52,316.8,0.0,0.0,0.0,0.0
2026,9,12,6,54,06:54,316.8,0.0,0.0,0.0,0.0
2026,9,12,6,57,06:56,316.8,0.0,0.0,0.0,0.0
2026,9,12,6,58,06:57,316.8,0.0,0.0,0.0,0.0
2026,9,12,6,59,06:59,316.8,0.0,0.0,0.0,0.0
2026,9,12,7,1,07:01,316.8,0.0,0.0,0.0,0.0
2026,9,12,7,3,07:02,316.8,0.0,0.0,0.0,0.0
2026,9,12,7,4,07:03,316.8,0.0,0.0,0.0,0.0
2026,9,12,7,6,07:05,316.8,0.0,0.0,0.0,0.0
2026,9,12,7,8,07:07,316.8,0.0,0.0,0.0,0.0
2026,9,12,7,9,07:08,316.8,0.0,0.0,0.0,0.0
2026,9,12,7,12,07:11,316.8,0.0,0.0,0.0,0.0
2026,9,12,7,13,07:12,316.8,0.0,0.0,0.0,0.0
2026,9,12,7,14,07:13,316.8,0.0,0.0,0.0,0.0
2026,9,12,7,17,07:16,316.8,0.0,0.0,0.0,0.0
2026,9,12,7,18,07:17,316.8,0.0,0.0,0.0,0.0
2026,9,12,7,19,07:18,316.8,0.0,0.0,0.0,0.0
2026,9,12,7,22,07:21,316.8,0.0,0.0,0.0,0.0
2026,9,12,7,23,07:22,316.8,0.0,0.0,0.0,0.0
2026,9,12,7,24,07:23,316.8,0.0,0.0,0.0,0.0
2026,9,12,7,26,07:25,316.8,0.0,0.0,0.0,0.0
2026,9,12,7,28,07:27,316.8,0.0,0.0,0.0,0.0
2026,9,12,7,29,07:28,316.8,0.0,0.0,0.0,0.0
2026,9,12,7,31,07:30,316.8,0.0,0.0,0.0,0.0
2026,9,12,7,33,07:32,316.8,0.0,0.0,0.0,0.0
2026,9,12,7,34,07:34,316.8,0.0,0.0,0.0,0.0
2026,9,12,7,37,07:35,316.9,0.0,0.0,0.0,0.0
2026,9,12,7,38,07:37,316.9,0.0,0.0,0.0,0.0
2026,9,12,7,39,07:39,316.8,0.0,0.0,0.0,0.0
2026,9,12,7,41,07:41,316.8,0.0,0.0,0.0,0.0
2026,9,12,7,43,07:42,316.8,0.0,0.0,0.0,0.0
2026,9,12,7,44,07:43,316.8,0.0,0.0,0.0,0.0
2026,9,12,7,46,07:46,316.8,0.0,0.0,0.0,0.0
2026,9,12,7,48,07:47,316.9,0.0,0.0,0.0,0.0
2026,9,12,7,49,07:49,316.9,0.0,0.0,0.0,0.0
2026,9,12,7,52,07:51,316.9,0.0,0.0,0.0,0.0
2026,9,12,7,53,07:51,316.9,0.0,0.0,0.0,0.0
2026,9,12,7,54,07:53,316.9,0.0,0.0,0.0,0.0
2026,9,12,7,56,07:55,316.9,0.0,0.0,0.0,0.0
2026,9,12,7,58,07:57,316.8,0.0,0.0,0.0,0.0
2026,9,12,7,59,07:59,316.9,0.0,0.0,0.0,0.0
2026,9,12,8,2,08:01,316.8,0.0,0.0,0.0,0.0
2026,9,12,8,3,08:02,316.8,0.0,0.0,0.0,0.0
2026,9,12,8,4,08:03,316.8,0.0,0.0,0.0,0.0
2026,9,12,8,6,08:05,316.9,0.0,0.0,0.0,0.0
2026,9,12,8,8,08:07,316.8,0.0,0.0,0.0,0.0
2026,9,12,8,9,08:08,316.8,0.0,0.0,0.0,0.0
2026,9,12,8,12,08:11,316.8,0.0,0.0,0.0,0.0
2026,9,12,8,13,08:12,316.9,0.0,0.0,0.0,0.0
2026,9,12,8,14,08:13,316.8,0.0,0.0,0.0,0.0
2026,9,12,8,16,08:16,316.8,0.0,0.0,0.0,0.0
2026,9,12,8,18,08:17,316.8,0.0,0.0,0.0,0.0
2026,9,12,8,19,08:18,316.8,0.0,0.0,0.0,0.0
2026,9,12,8,21,08:20,316.8,0.0,0.0,0.0,0.0
2026,9,12,8,23,08:22,316.8,0.0,0.0,0.0,0.0
2026,9,12,8,24,08:23,316.8,0.0,0.0,0.0,0.0
2026,9,12,8,27,08:26,316.8,0.0,0.0,0.0,0.0
2026,9,12,8,28,08:27,316.8,0.0,0.0,0.0,0.0
2026,9,12,8,29,08:28,316.8,0.0,0.0,0.0,0.0
2026,9,12,8,31,08:30,316.8,0.0,0.0,0.0,0.0
2026,9,12,8,33,08:32,316.8,0.0,0.0,0.0,0.0
2026,9,12,8,34,08:33,316.8,0.0,0.0,0.0,0.0
2026,9,12,8,37,08:36,316.8,0.0,0.0,0.0,0.0
2026,9,12,8,38,08:37,316.8,0.0,0.0,0.0,0.0
2026,9,12,8,41,08:40,316.8,0.0,0.0,0.0,0.0
2026,9,12,8,43,08:42,316.8,0.0,0.0,0.0,0.0
2026,9,12,8,44,08:43,316.8,0.0,0.0,0.0,0.0
2026,9,12,8,46,08:45,316.8,0.0,0.0,0.0,0.0
2026,9,12,8,48,08:47,316.8,0.0,0.0,0.0,0.0
2026,9,12,8,49,08:48,316.8,0.0,0.0,0.0,0.0
2026,9,12,8,51,08:50,316.8,0.0,0.0,0.0,0.0
2026,9,12,8,53,08:52,316.8,0.0,0.0,0.0,0.0
2026,9,12,8,54,08:53,316.8,0.0,0.0,0.0,0.0
2026,9,12,8,56,08:56,316.8,0.0,0.0,0.0,0.0
2026,9,12,8,58,08:57,316.8,0.0,0.0,0.0,0.0
2026,9,12,8,59,08:59,316.8,0.0,0.0,0.0,0.0
2026,9,12,9,1,09:00,316.8,0.0,0.0,0.0,0.0
2026,9,12,9,3,09:02,316.8,0.0,0.0,0.0,0.0
2026,9,12,9,4,09:04,316.9,0.0,0.0,0.0,0.0
2026,9,12,9,7,09:06,316.8,0.0,0.0,0.0,0.0
2026,9,12,9,8,09:07,316.9,0.0,0.0,0.0,0.0
2026,9,12,9,9,09:08,316.8,0.0,0.0,0.0,0.0
2026,9,12,9,12,09:11,316.8,0.0,0.0,0.0,0.0
2026,9,12,9,13,09:12,316.8,0.0,0.0,0.0,0.0
2026,9,12,9,14,09:13,316.8,0.0,0.0,0.0,0.0
2026,9,12,9,16,09:15,316.8,0.0,0.0,0.0,0.0
2026,9,12,9,18,09:17,316.8,0.0,0.0,0.0,0.0
2026,9,12,9,19,09:19,316.8,0.0,0.0,0.0,0.0
2026,9,12,9,22,09:21,316.8,0.0,0.0,0.0,0.0
2026,9,12,9,23,09:22,316.8,0.0,0.0,0.0,0.0
2026,9,12,9,24,09:23,316.8,0.0,0.0,0.0,0.0
2026,9,12,9,27,09:26,316.8,0.0,0.0,0.0,0.0
2026,9,12,9,28,09:27,316.8,0.0,0.0,0.0,0.0
2026,9,12,9,29,09:28,316.8,0.0,0.0,0.0,0.0
2026,9,12,9,31,09:30,316.8,0.0,0.0,0.0,0.0
2026,9,12,9,33,09:32,316.8,0.0,0.0,0.0,0.0
2026,9,12,9,34,09:33,316.8,0.0,0.0,0.0,0.0
2026,9,12,9,36,09:35,316.8,0.0,1.0,1.5,0.0
2026,9,12,9,38,09:37,218.9,1.0,1.2,1.3,0.0
2026,9,12,9,41,09:40,218.9,1.0,1.1,1.2,0.0
2026,9,12,9,43,09:42,218.9,1.1,1.2,1.3,0.0
2026,9,12,9,44,09:43,218.9,1.1,1.1,1.2,0.0
2026,9,12,9,47,09:46,218.9,1.3,1.5,1.7,0.0
2026,9,12,9,48,09:47,218.9,1.2,1.4,1.7,0.0
2026,9,12,9,49,09:49,183.0,1.7,1.8,2.0,0.0
2026,9,12,9,52,09:51,183.1,1.6,1.8,2.1,0.0
2026,9,12,9,53,09:52,183.1,1.5,1.7,1.9,0.0
2026,9,12,9,54,09:54,183.1,1.8,1.9,2.1,0.0
2026,9,12,9,57,09:56,183.0,1.4,1.6,1.7,0.0
2026,9,12,9,58,09:57,183.0,1.4,1.5,1.7,0.0
2026,9,12,9,59,09:58,183.0,1.2,1.4,1.5,0.0
2026,9,12,10,1,10:00,183.1,1.4,1.4,1.6,0.0
2026,9,12,10,3,10:02,183.1,1.5,1.6,1.7,0.0
2026,9,12,10,4,10:03,183.1,1.7,1.9,2.0,0.0
2026,9,12,10,7,10:06,178.0,1.8,2.1,2.3,0.0
2026,9,12,10,8,10:07,171.1,2.1,2.2,2.4,0.0
2026,9,12,10,9,10:09,165.1,2.0,2.3,2.5,0.0
2026,9,12,10,12,10:11,165.1,1.9,2.2,2.4,0.0
2026,9,12,10,13,10:12,165.1,1.7,2.2,2.4,0.0
2026,9,12,10,14,10:14,165.1,2.1,2.2,2.4,0.0
2026,9,12,10,17,10:16,165.1,1.8,2.0,2.3,0.0
2026,9,12,10,18,10:17,163.9,1.7,2.0,2.3,0.0
2026,9,12,10,19,10:18,162.7,1.9,2.1,2.2,0.0
2026,9,12,10,21,10:20,162.7,1.8,2.2,2.4,0.0
2026,9,12,10,23,10:22,162.7,1.9,2.2,2.3,0.0
2026,9,12,10,24,10:23,162.7,1.7,2.0,2.3,0.0
2026,9,12,10,27,10:26,162.7,1.6,2.0,2.2,0.0
2026,9,12,10,28,10:27,162.7,1.7,1.8,2.0,0.0
2026,9,12,10,29,10:28,162.7,1.8,2.0,2.1,0.0
2026,9,12,10,31,10:30,162.7,1.6,1.9,2.2,0.0
2026,9,12,10,33,10:32,162.7,1.6,2.1,2.5,0.0
2026,9,12,10,34,10:33,162.7,1.6,1.8,2.0,0.0
2026,9,12,10,37,10:36,152.9,1.3,2.1,2.6,0.0
2026,9,12,10,38,10:37,155.2,1.8,2.3,2.6,0.0
2026,9,12,10,39,10:38,156.0,1.9,2.3,2.7,0.0
2026,9,12,10,41,10:40,156.0,2.4,2.5,2.8,0.0
2026,9,12,10,43,10:42,159.2,1.8,2.4,2.8,0.0
2026,9,12,10,44,10:44,163.7,2.5,2.8,3.1,0.0
2026,9,12,10,46,10:46,165.7,2.1,2.6,2.9,0.0
2026,9,12,10,48,10:47,163.5,2.3,2.7,3.0,0.0
2026,9,12,10,49,10:49,154.0,2.1,2.5,2.9,0.0
2026,9,12,10,51,10:50,153.4,1.2,1.8,2.5,0.0
2026,9,12,10,53,10:52,153.4,1.9,2.2,2.5,0.0
2026,9,12,10,54,10:54,180.5,1.9,2.2,2.5,0.0
2026,9,12,10,57,10:56,157.7,1.2,1.5,1.7,0.0
2026,9,12,10,58,10:57,157.7,1.2,1.6,2.1,0.0
2026,9,12,10,59,10:58,157.9,1.9,2.3,2.5,0.0
2026,9,12,11,1,11:00,173.3,2.0,2.4,2.6,0.0
2026,9,12,11,3,11:02,162.8,1.3,1.8,2.1,0.0
2026,9,12,11,4,11:03,171.0,2.1,2.2,2.5,0.0
2026,9,12,11,6,11:05,183.1,2.3,2.5,2.9,0.0
2026,9,12,11,8,11:07,174.0,2.1,2.5,3.0,0.0
2026,9,12,11,9,11:08,174.3,1.8,2.1,2.4,0.0
2026,9,12,11,11,11:10,187.5,2.0,2.3,2.4,0.0
2026,9,12,11,13,11:12,184.3,2.2,2.3,2.5,0.0
2026,9,12,11,14,11:13,186.1,2.1,2.3,2.5,0.0
2026,9,12,11,17,11:16,175.2,2.2,2.4,2.7,0.0
2026,9,12,11,18,11:17,186.3,1.9,2.3,2.6,0.0
2026,9,12,11,19,11:18,186.9,1.8,2.0,2.3,0.0
2026,9,12,11,22,11:21,187.6,1.9,2.1,2.3,0.0
2026,9,12,11,23,11:22,187.6,1.7,1.9,2.1,0.0
2026,9,12,11,24,11:23,185.8,1.8,2.1,2.7,0.0
2026,9,12,11,26,11:25,190.9,1.4,1.6,1.7,0.0
2026,9,12,11,28,11:27,190.8,1.6,1.8,2.0,0.0
2026,9,12,11,29,11:29,177.3,1.6,1.8,2.0,0.0
2026,9,12,11,31,11:31,177.2,1.4,1.9,2.2,0.0
2026,9,12,11,33,11:32,177.3,1.5,1.8,2.2,0.0
2026,9,12,11,34,11:33,177.3,1.5,1.9,2.2,0.0
2026,9,12,11,36,11:35,181.0,2.0,2.1,2.3,0.0
2026,9,12,11,38,11:37,186.1,1.6,1.9,2.4,0.0
2026,9,12,11,39,11:38,175.1,1.7,2.0,2.3,0.0
2026,9,12,11,41,11:41,174.0,1.7,1.9,2.0,0.0
2026,9,12,11,43,11:42,174.0,1.6,1.7,1.9,0.0
2026,9,12,11,44,11:44,174.0,1.3,1.6,1.8,0.0
2026,9,12,11,47,11:46,174.0,1.6,1.8,2.1,0.0
2026,9,12,11,48,11:47,174.0,1.4,1.7,2.0,0.0
2026,9,12,11,49,11:48,174.0,1.4,1.7,1.9,0.0
2026,9,12,11,52,11:51,174.0,0.9,1.3,1.7,0.0
2026,9,12,11,53,11:52,174.0,1.4,1.6,1.7,0.0
2026,9,12,11,54,11:54,148.7,1.3,1.6,1.8,0.0
2026,9,12,11,56,11:55,148.7,1.3,1.7,1.9,0.0
2026,9,12,11,58,11:57,148.7,1.5,1.7,2.0,0.0
2026,9,12,11,59,11:58,154.1,1.5,1.9,2.2,0.0
2026,9,12,12,1,12:01,165.1,1.5,1.8,2.0,0.0
2026,9,12,12,3,12:02,165.1,1.4,1.9,2.3,0.0
2026,9,12,12,4,12:03,165.1,1.5,1.9,2.1,0.0
2026,9,12,12,6,12:05,165.1,1.6,1.9,2.2,0.0
2026,9,12,12,8,12:07,165.1,1.0,1.5,1.9,0.0
2026,9,12,12,11,12:10,165.1,1.2,1.8,2.1,0.0
2026,9,12,12,13,12:12,155.8,1.2,1.7,2.1,0.0
2026,9,12,12,14,12:14,153.8,1.2,1.8,2.2,0.0
2026,9,12,12,17,12:16,159.1,1.3,1.6,2.1,0.0
2026,9,12,12,18,12:17,159.1,1.1,1.5,1.8,0.0
2026,9,12,12,19,12:19,156.6,1.6,2.1,2.6,0.0
2026,9,12,12,22,12:21,168.5,2.3,2.8,3.0,0.0
2026,9,12,12,23,12:22,166.9,2.4,2.7,3.1,0.0
2026,9,12,12,24,12:24,167.4,2.4,2.7,3.0,0.0
2026,9,12,12,26,12:25,168.2,2.0,2.5,3.0,0.0
2026,9,12,12,28,12:27,170.8,2.9,3.1,3.3,0.0
2026,9,12,12,29,12:29,168.6,2.4,2.8,3.3,0.0
2026,9,12,12,32,12:31,179.6,2.6,2.8,3.0,0.0
2026,9,12,12,33,12:32,183.7,2.4,2.7,3.0,0.0
2026,9,12,12,34,12:33,178.6,2.4,2.8,3.0,0.0
2026,9,12,12,36,12:36,180.9,2.6,3.1,3.4,0.0
2026,9,12,12,38,12:37,176.9,2.4,2.8,3.3,0.0
2026,9,12,12,39,12:38,177.9,2.4,2.8,3.1,0.0
2026,9,12,12,41,12:40,178.9,2.6,2.9,3.1,0.0
2026,9,12,12,43,12:42,178.5,2.6,2.9,3.1,0.0
2026,9,12,12,44,12:44,181.7,2.6,3.1,3.5,0.0
2026,9,12,12,47,12:46,180.0,2.5,3.0,3.6,0.0
2026,9,12,12,48,12:47,178.7,2.7,3.2,3.6,0.0
2026,9,12,12,49,12:49,185.3,2.6,2.8,3.3,0.0
2026,9,12,12,51,12:50,185.4,2.9,3.2,3.5,0.0
2026,9,12,12,53,12:52,189.5,2.6,2.8,3.2,0.0
2026,9,12,12,54,12:53,191.4,3.2,3.5,3.8,0.0
2026,9,12,12,56,12:55,193.1,3.0,3.5,4.0,0.0
2026,9,12,12,58,12:57,193.5,3.5,3.9,4.3,0.0
2026,9,12,13,1,13:00,196.4,3.4,3.8,4.3,0.0
2026,9,12,13,3,13:02,201.0,3.3,3.5,3.9,0.0
2026,9,12,13,4,13:03,206.8,2.9,3.3,3.8,0.0
2026,9,12,13,7,13:06,203.2,2.9,3.5,3.9,0.0
2026,9,12,13,8,13:07,201.6,3.2,3.8,4.9,0.0
2026,9,12,13,9,13:08,201.0,3.3,4.1,4.7,0.0
2026,9,12,13,12,13:11,200.4,3.5,4.0,4.5,0.0
2026,9,12,13,13,13:12,201.7,3.4,4.3,5.0,0.0
2026,9,12,13,14,13:13,204.7,3.6,4.1,4.6,0.0
2026,9,12,13,17,13:16,207.5,3.3,4.2,4.8,0.0
2026,9,12,13,18,13:17,204.5,4.1,4.8,5.6,0.0
2026,9,12,13,19,13:18,200.6,3.8,4.5,5.1,0.0
2026,9,12,13,21,13:21,202.3,4.0,4.7,5.3,0.0
2026,9,12,13,23,13:22,203.4,4.2,4.9,5.5,0.0
2026,9,12,13,24,13:23,198.9,3.8,4.4,5.3,0.0
2026,9,12,13,26,13:25,204.9,4.5,5.1,5.8,0.0
2026,9,12,13,28,13:27,203.9,4.2,4.8,5.4,0.0
2026,9,12,13,29,13:28,202.8,3.7,4.9,5.8,0.0
2026,9,12,13,31,13:30,206.6,3.9,4.9,5.9,0.0
2026,9,12,13,33,13:32,203.6,4.5,5.2,6.2,0.0
2026,9,12,13,34,13:34,204.1,4.3,5.0,5.8,0.0
2026,9,12,13,36,13:36,203.7,4.6,5.1,5.7,0.0
2026,9,12,13,38,13:37,200.4,4.5,5.0,5.8,0.0
2026,9,12,13,41,13:40,202.9,4.5,5.4,5.9,0.0
2026,9,12,13,43,13:42,201.6,4.3,5.2,5.8,0.0
2026,9,12,13,44,13:43,201.1,5.2,5.9,6.7,0.0
2026,9,12,13,47,13:46,195.7,4.8,5.8,6.5,0.0
2026,9,12,13,48,13:47,199.0,5.1,6.0,6.9,0.0
2026,9,12,13,49,13:49,199.0,5.3,5.8,6.6,0.0
2026,9,12,13,52,13:51,200.4,4.9,5.4,6.0,0.0
2026,9,12,13,53,13:52,197.9,4.3,5.1,6.2,0.0
2026,9,12,13,54,13:54,195.3,4.5,5.4,6.4,0.0
2026,9,12,13,57,13:56,198.9,5.1,5.7,6.2,0.0
2026,9,12,13,58,13:57,199.9,4.5,5.1,5.8,0.0
2026,9,12,14,1,14:01,196.9,4.0,5.0,6.5,0.0
2026,9,12,14,3,14:02,198.6,4.7,5.5,6.3,0.0
2026,9,12,14,4,14:03,194.2,4.5,5.2,5.8,0.0
2026,9,12,14,7,14:06,192.0,4.3,5.2,5.8,0.0
2026,9,12,14,8,14:07,190.9,4.3,5.0,5.7,0.0
2026,9,12,14,9,14:08,194.7,4.6,5.2,5.8,0.0
2026,9,12,14,11,14:10,194.5,4.6,5.3,5.8,0.0
2026,9,12,14,13,14:12,193.0,4.5,5.1,5.8,0.0
2026,9,12,14,14,14:13,195.5,4.2,4.9,5.5,0.0
2026,9,12,14,17,14:16,195.2,4.1,4.4,5.0,0.0
2026,9,12,14,18,14:17,194.1,3.9,4.8,6.0,0.0
2026,9,12,14,19,14:19,197.7,4.2,5.3,6.3,0.0
2026,9,12,14,21,14:20,195.2,4.4,5.0,5.4,0.0
2026,9,12,14,23,14:22,193.1,4.7,5.4,6.0,0.0
2026,9,12,14,24,14:24,191.4,4.2,4.7,5.3,0.0
2026,9,12,14,26,14:25,188.4,4.0,4.6,5.4,0.0
2026,9,12,14,28,14:27,188.0,4.5,5.4,6.6,0.0
2026,9,12,14,31,14:30,187.7,4.5,5.2,6.1,0.0
2026,9,12,14,33,14:32,187.9,4.2,4.9,5.8,0.0
2026,9,12,14,34,14:33,185.9,4.3,4.8,5.9,0.0
2026,9,12,14,36,14:35,190.6,4.4,4.8,5.4,0.0
2026,9,12,14,38,14:37,188.6,3.6,4.3,4.9,0.0
2026,9,12,14,39,14:38,187.7,3.6,4.3,5.1,0.0
2026,9,12,14,41,14:40,186.8,3.7,4.3,4.9,0.0
2026,9,12,14,43,14:42,184.6,3.4,4.0,4.6,0.0
2026,9,12,14,44,14:44,179.7,3.7,4.2,5.0,0.0
2026,9,12,14,47,14:46,187.7,4.4,4.9,5.3,0.0
2026,9,12,14,48,14:47,183.2,4.2,4.9,5.6,0.0
2026,9,12,14,49,14:48,187.8,4.4,4.9,5.3,0.0
2026,9,12,14,51,14:51,191.4,3.9,4.9,5.5,0.0
2026,9,12,14,53,14:52,187.0,4.6,4.9,5.4,0.0
2026,9,12,14,54,14:54,190.7,3.9,4.9,5.5,0.0
2026,9,12,14,56,14:56,194.8,4.5,5.2,6.0,0.0
2026,9,12,14,58,14:57,192.2,4.6,5.2,6.0,0.0
2026,9,12,14,59,14:59,194.5,3.8,4.7,5.8,0.0
2026,9,12,15,2,15:01,187.8,4.5,5.4,6.0,0.0
2026,9,12,15,3,15:02,191.9,4.8,5.6,6.2,0.0
2026,9,12,15,4,15:03,193.8,4.7,5.4,6.2,0.0
2026,9,12,15,6,15:05,192.0,4.0,4.9,5.7,0.0
2026,9,12,15,8,15:07,191.3,4.7,5.3,5.9,0.0
2026,9,12,15,9,15:09,190.3,5.0,5.5,6.0,0.0
2026,9,12,15,11,15:10,192.6,4.4,5.1,5.8,0.0
2026,9,12,15,13,15:12,197.1,4.3,4.7,5.2,0.0
2026,9,12,15,14,15:13,196.5,4.3,5.2,6.0,0.0
2026,9,12,15,16,15:16,195.7,4.3,4.9,5.5,0.0
2026,9,12,15,18,15:17,195.8,4.7,5.1,6.0,0.0
2026,9,12,15,19,15:18,192.6,4.6,5.3,5.9,0.0
2026,9,12,15,22,15:21,191.1,4.5,5.0,5.5,0.0
2026,9,12,15,23,15:22,188.4,4.5,5.1,5.6,0.0
2026,9,12,15,24,15:23,191.9,4.4,5.2,5.7,0.0
2026,9,12,15,26,15:25,193.4,4.5,5.2,5.8,0.0
2026,9,12,15,28,15:27,189.4,4.0,4.9,5.7,0.0
2026,9,12,15,29,15:29,195.5,4.4,4.9,5.5,0.0
2026,9,12,15,31,15:30,190.1,4.3,4.9,5.6,0.0
2026,9,12,15,33,15:32,196.9,3.7,4.5,5.3,0.0
2026,9,12,15,34,15:33,194.9,4.1,4.6,5.1,0.0
2026,9,12,15,36,15:35,196.1,3.7,4.5,5.2,0.0
2026,9,12,15,38,15:37,196.1,4.0,4.6,5.2,0.0
2026,9,12,15,39,15:39,197.1,4.4,5.0,5.4,0.0
2026,9,12,15,42,15:41,192.1,4.4,5.1,5.7,0.0
2026,9,12,15,43,15:42,196.3,4.3,5.1,6.2,0.0
2026,9,12,15,44,15:43,192.6,4.5,5.2,6.0,0.0
2026,9,12,15,46,15:45,196.1,4.6,5.0,5.6,0.0
2026,9,12,15,48,15:47,192.6,4.1,4.7,5.2,0.0
2026,9,12,15,49,15:49,190.8,4.0,4.5,4.9,0.0
2026,9,12,15,51,15:50,194.1,3.8,4.3,4.9,0.0
2026,9,12,15,53,15:52,198.0,4.2,4.8,5.9,0.0
2026,9,12,15,54,15:54,186.5,3.7,4.3,4.9,0.0
2026,9,12,15,57,15:56,192.9,4.5,5.0,5.5,0.0
2026,9,12,15,58,15:57,195.5,4.3,4.9,5.6,0.0
2026,9,12,15,59,15:58,195.6,4.2,5.0,5.8,0.0
2026,9,12,16,1,16:00,197.5,4.4,4.8,5.2,0.0
2026,9,12,16,3,16:02,200.0,4.4,4.9,5.3,0.0
2026,9,12,16,4,16:04,197.8,3.5,4.5,5.1,0.0
2026,9,12,16,7,16:06,199.1,3.9,4.3,4.9,0.0
2026,9,12,16,8,16:07,201.9,3.8,4.4,5.0,0.0
2026,9,12,16,9,16:08,199.2,3.8,4.6,5.5,0.0
2026,9,12,16,12,16:11,201.8,4.1,4.8,5.4,0.0
2026,9,12,16,13,16:12,202.1,4.4,5.0,5.6,0.0
2026,9,12,16,14,16:14,202.9,4.3,4.7,5.2,0.0
2026,9,12,16,17,16:16,206.8,3.9,4.5,5.3,0.0
2026,9,12,16,18,16:17,206.9,4.0,5.0,5.9,0.0
2026,9,12,16,19,16:19,206.9,4.5,5.1,5.7,0.0
2026,9,12,16,21,16:20,206.9,4.5,5.0,5.8,0.0
2026,9,12,16,23,16:22,207.6,4.3,4.9,5.5,0.0
2026,9,12,16,24,16:23,206.7,4.3,4.9,5.6,0.0
2026,9,12,16,26,16:25,203.5,4.1,4.7,5.7,0.0
2026,9,12,16,28,16:27,200.6,4.4,4.9,5.4,0.0
2026,9,12,16,29,16:28,203.7,3.9,4.6,5.3,0.0
2026,9,12,16,31,16:30,204.7,3.4,4.5,5.2,0.0
2026,9,12,16,33,16:32,213.6,4.6,5.7,6.7,0.0
2026,9,12,16,34,16:33,219.8,4.8,5.8,7.3,0.0
2026,9,12,16,36,16:35,217.6,4.6,5.6,6.5,0.0
2026,9,12,16,38,16:37,214.6,4.3,5.2,6.1,0.0
2026,9,12,16,39,16:38,209.1,4.1,5.2,6.7,0.0
2026,9,12,16,42,16:41,214.5,4.0,4.8,5.8,0.0
2026,9,12,16,43,16:42,211.5,3.9,4.9,5.5,0.0
2026,9,12,16,44,16:43,210.0,4.1,4.8,5.6,0.0
2026,9,12,16,46,16:45,208.7,4.0,5.1,5.9,0.0
2026,9,12,16,48,16:47,213.7,4.6,5.0,5.5,0.0
2026,9,12,16,49,16:49,209.7,4.5,5.4,5.9,0.0
2026,9,12,16,52,16:51,210.9,4.5,5.5,6.5,0.0
2026,9,12,16,53,16:52,212.4,4.2,5.0,6.2,0.0
2026,9,12,16,54,16:53,213.6,4.4,5.5,6.7,0.0
2026,9,12,16,56,16:55,208.0,4.9,5.8,6.7,0.0
2026,9,12,16,58,16:57,208.8,4.3,5.6,6.3,0.0
2026,9,12,17,1,17:00,209.7,4.7,5.4,6.1,0.0
2026,9,12,17,3,17:02,202.1,4.9,5.6,6.4,0.0
2026,9,12,17,4,17:03,196.8,5.1,5.6,6.2,0.0
2026,9,12,17,7,17:06,200.9,5.3,6.2,7.1,0.0
2026,9,12,17,8,17:07,203.1,5.4,6.0,6.9,0.0
2026,9,12,17,9,17:08,202.0,5.5,6.5,7.1,0.0
2026,9,12,17,12,17:11,203.3,5.6,6.3,7.2,0.0
2026,9,12,17,13,17:12,205.8,5.3,6.2,6.8,0.0
2026,9,12,17,14,17:13,207.8,4.3,5.4,6.1,0.0
2026,9,12,17,17,17:16,208.6,5.3,6.5,7.5,0.0
2026,9,12,17,18,17:17,206.9,5.4,6.0,7.0,0.0
2026,9,12,17,19,17:19,201.2,5.9,7.1,8.5,0.0
2026,9,12,17,21,17:21,205.0,5.4,6.6,7.7,0.0
2026,9,12,17,23,17:22,204.4,5.5,6.8,7.7,0.0
2026,9,12,17,24,17:23,204.4,5.6,6.4,7.3,0.0
2026,9,12,17,26,17:25,206.7,5.7,6.6,7.4,0.0
2026,9,12,17,28,17:27,204.7,5.9,6.8,8.0,0.0
2026,9,12,17,29,17:28,207.5,5.3,6.0,6.8,0.0
2026,9,12,17,31,17:30,208.4,4.7,5.5,6.1,0.0
2026,9,12,17,33,17:32,205.4,5.7,6.8,7.7,0.0
2026,9,12,17,34,17:33,204.2,5.4,6.6,7.7,0.0
2026,9,12,17,37,17:36,204.3,5.9,6.8,7.7,0.0
2026,9,12,17,38,17:37,207.2,5.7,7.2,9.1,0.0
2026,9,12,17,39,17:38,211.1,5.8,7.3,9.4,0.0
2026,9,12,17,42,17:41,208.7,5.3,6.5,7.5,0.0
2026,9,12,17,43,17:42,213.5,5.5,6.7,7.7,0.0
2026,9,12,17,44,17:43,217.4,5.0,6.1,7.5,0.0
2026,9,12,17,46,17:45,220.4,4.1,5.8,6.6,0.0
2026,9,12,17,48,17:47,210.1,4.9,5.4,6.0,0.0
2026,9,12,17,49,17:48,207.3,4.1,4.8,5.6,0.0
2026,9,12,17,51,17:50,208.1,4.6,5.8,6.7,0.0
2026,9,12,17,53,17:52,211.8,4.1,5.1,6.0,0.0
2026,9,12,17,54,17:54,216.7,3.1,4.0,4.9,0.0
2026,9,12,17,56,17:56,214.8,3.3,4.1,4.7,0.0
2026,9,12,17,58,17:57,218.2,3.2,3.8,4.9,0.0
2026,9,12,17,59,17:58,212.9,2.8,3.7,4.9,0.0
2026,9,12,18,2,18:01,215.0,3.1,3.6,4.4,0.0
2026,9,12,18,3,18:02,220.5,2.9,3.3,3.8,0.0
2026,9,12,18,4,18:03,221.9,2.7,3.0,3.6,0.0
2026,9,12,18,7,18:06,217.2,3.2,4.2,4.8,0.0
2026,9,12,18,8,18:07,216.0,3.2,3.8,4.7,0.0
2026,9,12,18,9,18:08,210.6,4.1,4.4,4.8,0.0
2026,9,12,18,11,18:11,210.2,3.0,3.9,4.5,0.0
2026,9,12,18,13,18:12,206.0,2.8,3.9,4.4,0.0
2026,9,12,18,14,18:13,210.7,3.3,3.8,4.5,0.0
2026,9,12,18,16,18:15,209.7,2.9,3.4,4.2,0.0
2026,9,12,18,18,18:17,209.5,3.4,3.8,4.2,0.0
2026,9,12,18,19,18:19,207.8,2.8,3.4,4.2,0.0
2026,9,12,18,21,18:20,206.2,3.0,3.4,3.9,0.0
2026,9,12,18,23,18:22,210.8,2.9,3.4,3.7,0.0
2026,9,12,18,24,18:23,212.8,2.7,3.2,3.7,0.0
2026,9,12,18,27,18:26,206.3,3.0,3.4,3.9,0.0
2026,9,12,18,28,18:27,206.4,2.8,3.4,3.9,0.0
2026,9,12,18,29,18:28,209.2,3.2,3.6,3.9,0.0
2026,9,12,18,31,18:30,207.1,3.2,3.7,4.2,0.0
2026,9,12,18,33,18:32,207.6,2.8,3.5,3.8,0.0
2026,9,12,18,34,18:33,203.6,2.9,3.4,3.9,0.0
2026,9,12,18,36,18:35,206.5,2.9,3.4,4.1,0.0
2026,9,12,18,38,18:37,203.3,2.8,3.2,3.6,0.0
2026,9,12,18,41,18:40,205.1,2.4,2.8,3.1,0.0
2026,9,12,18,43,18:42,207.6,2.8,3.1,3.4,0.0
2026,9,12,18,44,18:44,206.5,2.7,3.2,3.8,0.0
2026,9,12,18,46,18:45,204.5,2.7,3.3,3.8,0.0
2026,9,12,18,48,18:47,203.1,3.0,3.4,4.1,0.0
2026,9,12,18,49,18:48,207.1,2.7,3.5,4.2,0.0
2026,9,12,18,52,18:51,204.7,2.9,3.5,3.8,0.0
2026,9,12,18,53,18:52,207.9,2.7,3.3,3.7,0.0
2026,9,12,18,54,18:53,207.5,2.4,3.0,3.5,0.0
2026,9,12,18,57,18:56,205.6,2.3,2.9,3.3,0.0
2026,9,12,18,58,18:57,200.6,2.5,2.9,3.4,0.0
2026,9,12,18,59,18:58,210.5,2.7,3.1,4.2,0.0
2026,9,12,19,1,19:00,213.7,2.7,3.3,3.8,0.0
2026,9,12,19,3,19:02,215.3,2.4,3.0,3.5,0.0
2026,9,12,19,4,19:04,216.1,2.3,2.6,3.0,0.0
2026,9,12,19,7,19:06,209.2,2.0,2.3,2.5,0.0
2026,9,12,19,8,19:07,214.3,1.9,2.3,2.7,0.0
2026,9,12,19,9,19:08,208.8,2.3,2.8,3.1,0.0
2026,9,12,19,12,19:11,208.6,1.8,2.4,2.8,0.0
2026,9,12,19,13,19:12,207.4,1.9,2.3,2.6,0.0
2026,9,12,19,14,19:13,207.4,2.1,2.3,2.5,0.0
2026,9,12,19,16,19:15,218.2,2.0,2.3,2.7,0.0
2026,9,12,19,18,19:17,217.5,1.8,2.2,2.8,0.0
2026,9,12,19,19,19:19,207.6,2.1,2.4,2.8,0.0
2026,9,12,19,21,19:20,207.6,2.1,2.3,2.6,0.0
2026,9,12,19,23,19:22,208.9,2.1,2.5,2.9,0.0
2026,9,12,19,24,19:23,207.3,2.0,2.4,2.6,0.0
2026,9,12,19,26,19:26,208.5,2.2,2.4,2.8,0.0
2026,9,12,19,28,19:27,210.0,2.1,2.4,2.8,0.0
2026,9,12,19,29,19:28,210.1,2.0,2.3,2.8,0.0
2026,9,12,19,32,19:31,206.6,2.1,2.5,2.8,0.0
2026,9,12,19,33,19:32,204.3,2.4,2.8,3.1,0.0
2026,9,12,19,34,19:34,203.6,2.5,2.8,3.1,0.0
2026,9,12,19,37,19:36,206.2,2.1,2.5,3.0,0.0
2026,9,12,19,38,19:37,204.1,2.0,2.6,3.1,0.0
2026,9,12,19,39,19:38,197.3,2.2,2.6,2.9,0.0
2026,9,12,19,42,19:41,208.8,2.0,2.5,2.9,0.0
2026,9,12,19,43,19:42,206.3,2.3,2.6,2.9,0.0
2026,9,12,19,44,19:43,206.2,2.2,2.5,2.8,0.0
2026,9,12,19,47,19:46,211.6,2.2,2.6,3.0,0.0
2026,9,12,19,48,19:47,205.2,2.2,2.5,2.8,0.0
2026,9,12,19,49,19:48,202.9,2.1,2.7,3.1,0.0
2026,9,12,19,51,19:51,202.0,2.0,2.3,2.7,0.0
2026,9,12,19,53,19:52,202.0,2.0,2.3,2.7,0.0
2026,9,12,19,54,19:53,202.1,2.1,2.5,2.8,0.0
2026,9,12,19,57,19:56,202.1,2.1,2.4,2.7,0.0
2026,9,12,19,58,19:57,203.8,2.1,2.4,3.0,0.0
2026,9,12,19,59,19:58,207.1,2.5,2.8,3.1,0.0
2026,9,12,20,1,20:00,209.1,2.5,2.9,3.3,0.0
2026,9,12,20,3,20:02,203.6,2.2,2.6,3.0,0.0
2026,9,12,20,4,20:03,207.1,2.3,2.6,3.0,0.0
2026,9,12,20,6,20:05,201.7,2.3,2.6,2.9,0.0
2026,9,12,20,8,20:07,199.1,2.4,2.8,3.2,0.0
2026,9,12,20,9,20:09,207.4,2.6,2.9,3.1,0.0
2026,9,12,20,11,20:11,210.4,2.2,2.5,3.0,0.0
2026,9,12,20,13,20:12,211.4,2.4,2.7,3.0,0.0
2026,9,12,20,14,20:13,211.4,2.3,2.6,2.9,0.0
2026,9,12,20,16,20:15,207.1,2.2,2.4,2.6,0.0
2026,9,12,20,18,20:17,209.3,2.2,2.4,2.7,0.0
2026,9,12,20,19,20:18,209.3,2.2,2.4,2.8,0.0
2026,9,12,20,21,20:21,209.3,1.8,2.4,2.9,0.0
2026,9,12,20,23,20:22,209.3,2.2,2.6,2.8,0.0
2026,9,12,20,24,20:23,209.4,2.1,2.5,2.7,0.0
2026,9,12,20,27,20:26,211.4,2.0,2.3,2.8,0.0
2026,9,12,20,28,20:27,207.3,2.4,2.8,3.1,0.0
2026,9,12,20,29,20:28,209.2,2.0,2.6,3.1,0.0
2026,9,12,20,32,20:31,212.5,2.1,2.4,2.8,0.0
2026,9,12,20,33,20:32,217.2,1.8,2.2,2.5,0.0
2026,9,12,20,34,20:33,208.4,2.2,2.7,3.1,0.0
2026,9,12,20,36,20:36,215.3,2.0,2.1,2.3,0.0
2026,9,12,20,38,20:37,210.8,2.1,2.3,2.7,0.0
2026,9,12,20,39,20:38,210.7,1.9,2.2,2.6,0.0
2026,9,12,20,42,20:41,212.2,1.7,2.1,2.5,0.0
2026,9,12,20,43,20:42,214.7,1.8,2.3,2.5,0.0
2026,9,12,20,44,20:44,219.6,2.0,2.3,2.7,0.0
2026,9,12,20,47,20:46,232.2,1.6,1.9,2.3,0.0
2026,9,12,20,48,20:47,232.2,1.6,1.8,2.0,0.0
2026,9,12,20,52,20:51,208.4,1.6,2.0,2.4,0.0
2026,9,12,20,53,20:52,208.4,1.2,1.8,2.3,0.0
2026,9,12,20,54,20:54,208.4,1.6,1.8,2.1,0.0
2026,9,12,20,56,20:56,208.2,1.3,1.8,2.0,0.0
2026,9,12,20,58,20:57,208.4,1.4,1.8,2.1,0.0
2026,9,12,21,2,21:01,208.4,1.6,1.9,2.1,0.0
2026,9,12,21,3,21:02,208.4,1.6,1.8,2.2,0.0
2026,9,12,21,4,21:03,208.4,1.6,2.0,2.4,0.0
2026,9,12,21,7,21:06,205.8,2.0,2.3,2.7,0.0
2026,9,12,21,8,21:07,204.6,2.3,2.5,2.7,0.0
2026,9,12,21,9,21:08,204.6,2.0,2.4,2.7,0.0
2026,9,12,21,11,21:10,204.5,1.9,2.1,2.3,0.0
2026,9,12,21,13,21:12,204.6,2.0,2.3,2.7,0.0
2026,9,12,21,14,21:13,204.6,2.1,2.3,2.5,0.0
2026,9,12,21,16,21:15,210.7,2.2,2.7,3.3,0.0
2026,9,12,21,18,21:17,202.6,2.0,2.3,2.6,0.0
2026,9,12,21,19,21:19,210.6,2.2,2.4,2.6,0.0
2026,9,12,21,21,21:20,210.5,2.1,2.2,2.6,0.0
2026,9,12,21,23,21:22,211.1,2.0,2.7,3.2,0.0
2026,9,12,21,24,21:23,210.6,2.4,2.9,3.4,0.0
2026,9,12,21,26,21:26,213.3,2.4,2.9,3.6,0.0
2026,9,12,21,28,21:27,213.2,2.4,2.8,3.2,0.0
2026,9,12,21,29,21:28,218.0,2.2,2.5,2.8,0.0
2026,9,12,21,31,21:30,220.2,2.1,2.3,2.7,0.0
2026,9,12,21,33,21:32,222.0,2.3,2.6,3.1,0.0
2026,9,12,21,34,21:34,222.3,1.8,2.3,2.8,0.0
2026,9,12,21,37,21:36,220.5,2.5,2.8,3.2,0.0
2026,9,12,21,38,21:37,219.3,2.1,2.5,3.0,0.0
2026,9,12,21,39,21:38,217.1,2.2,2.7,3.3,0.0
2026,9,12,21,41,21:40,215.1,2.4,2.7,3.2,0.0
2026,9,12,21,43,21:42,213.7,2.8,3.3,3.8,0.0
2026,9,12,21,44,21:43,216.7,2.6,3.0,3.5,0.0
2026,9,12,21,47,21:46,214.2,2.4,2.8,3.1,0.0
2026,9,12,21,48,21:47,214.9,2.7,3.1,3.4,0.0
2026,9,12,21,49,21:48,221.9,2.6,3.1,3.5,0.0
2026,9,12,21,51,21:51,215.0,2.5,3.0,3.3,0.0
2026,9,12,21,53,21:52,220.6,2.3,2.8,3.5,0.0
2026,9,12,21,54,21:53,220.1,2.3,2.8,3.2,0.0
2026,9,12,21,57,21:56,215.3,2.8,3.2,3.7,0.0
2026,9,12,21,58,21:57,218.2,2.7,3.2,3.8,0.0
2026,9,12,21,59,21:58,223.6,1.9,2.6,3.5,0.0
2026,9,12,22,1,22:00,219.2,2.0,3.1,3.8,0.0
2026,9,12,22,3,22:02,221.3,2.7,3.2,4.1,0.0
2026,9,12,22,4,22:03,221.8,2.9,3.5,4.2,0.0
2026,9,12,22,6,22:06,223.0,2.6,3.3,4.4,0.0
2026,9,12,22,8,22:07,229.0,2.7,3.4,4.2,0.0
2026,9,12,22,9,22:08,223.9,2.6,3.1,3.8,0.0
2026,9,12,22,12,22:11,227.5,2.4,3.1,3.6,0.0
2026,9,12,22,13,22:12,227.1,2.4,3.4,4.3,0.0
2026,9,12,22,14,22:13,225.7,2.7,3.3,3.9,0.0
2026,9,12,22,17,22:16,220.0,2.7,3.2,3.7,0.0
2026,9,12,22,18,22:17,228.6,2.3,3.1,4.0,0.0
2026,9,12,22,19,22:18,226.3,2.3,3.0,3.9,0.0
2026,9,12,22,21,22:20,226.0,2.4,2.9,3.3,0.0
2026,9,12,22,23,22:22,226.4,2.4,2.9,3.6,0.0
2026,9,12,22,24,22:23,225.8,2.2,2.7,3.6,0.0
2026,9,12,22,27,22:26,236.9,1.8,2.6,3.2,0.0
2026,9,12,22,28,22:27,229.4,1.8,2.6,3.5,0.0
2026,9,12,22,29,22:28,232.5,2.4,2.8,3.3,0.0
2026,9,12,22,32,22:31,237.1,2.1,2.5,3.0,0.0
2026,9,12,22,33,22:32,234.7,1.7,2.6,3.3,0.0
2026,9,12,22,34,22:33,230.9,2.3,2.7,3.0,0.0
2026,9,12,22,36,22:35,229.4,2.3,2.7,3.0,0.0
2026,9,12,22,38,22:37,227.7,2.0,2.7,3.7,0.0
2026,9,12,22,41,22:40,233.3,1.8,2.5,3.1,0.0
2026,9,12,22,43,22:42,239.6,1.9,2.6,3.3,0.0
2026,9,12,22,44,22:43,238.2,1.4,2.2,2.8,0.0
2026,9,12,22,46,22:45,232.6,1.4,2.0,2.8,0.0
2026,9,12,22,48,22:47,229.5,2.1,2.9,3.6,0.0
2026,9,12,22,49,22:49,232.5,2.3,2.8,3.1,0.0
2026,9,12,22,51,22:50,235.0,1.9,2.6,3.2,0.0
2026,9,12,22,53,22:52,236.3,1.8,2.5,3.1,0.0
2026,9,12,22,54,22:54,234.0,1.7,2.2,3.0,0.0
2026,9,12,22,57,22:56,229.4,2.1,2.5,2.8,0.0
2026,9,12,22,58,22:57,236.3,1.7,2.1,2.9,0.0
2026,9,12,22,59,22:58,227.8,1.6,2.3,2.9,0.0
2026,9,12,23,1,23:00,227.8,1.4,2.0,2.4,0.0
2026,9,12,23,3,23:02,233.4,2.1,2.4,2.8,0.0
2026,9,12,23,4,23:03,230.2,1.5,1.9,2.3,0.0
2026,9,12,23,7,23:06,230.7,1.5,1.9,2.7,0.0
2026,9,12,23,8,23:07,216.7,1.5,2.1,2.5,0.0
2026,9,12,23,9,23:08,230.5,1.6,2.2,2.8,0.0
2026,9,12,23,12,23:11,230.4,1.6,1.9,2.2,0.0
2026,9,12,23,13,23:12,229.1,1.3,1.6,2.3,0.0
2026,9,12,23,14,23:14,231.3,1.7,1.9,2.3,0.0
2026,9,12,23,17,23:16,232.4,1.4,1.9,2.6,0.0
2026,9,12,23,18,23:17,228.4,1.3,1.7,2.5,0.0
2026,9,12,23,19,23:18,246.9,1.4,1.9,2.3,0.0
2026,9,12,23,21,23:21,230.9,1.3,1.8,2.1,0.0
2026,9,12,23,23,23:22,228.8,2.0,2.5,2.9,0.0
2026,9,12,23,24,23:23,224.4,1.9,2.3,2.7,0.0
2026,9,12,23,27,23:26,225.9,1.3,1.8,2.2,0.0
2026,9,12,23,28,23:27,227.5,1.5,1.7,2.1,0.0
2026,9,12,23,31,23:31,218.4,1.8,2.1,2.6,0.0
2026,9,12,23,33,23:32,220.4,1.7,2.0,2.4,0.0
2026,9,12,23,34,23:33,222.6,2.0,2.2,2.6,0.0
2026,9,12,23,37,23:36,216.6,1.3,1.7,2.0,0.0
2026,9,12,23,38,23:37,218.0,1.6,1.9,2.2,0.0
2026,9,12,23,39,23:38,217.8,1.4,1.8,2.4,0.0
2026,9,12,23,42,23:41,222.2,1.6,1.9,2.2,0.0
2026,9,12,23,43,23:42,222.1,1.7,1.9,2.1,0.0
2026,9,12,23,44,23:43,222.2,1.5,1.7,1.9,0.0
2026,9,12,23,46,23:45,222.1,1.6,1.9,2.2,0.0
2026,9,12,23,48,23:47,220.8,1.6,2.1,2.3,0.0
2026,9,12,23,49,23:48,213.2,1.9,2.1,2.3,0.0
2026,9,12,23,52,23:51,212.5,2.0,2.2,2.5,0.0
2026,9,12,23,53,23:52,212.4,1.9,2.1,2.3,0.0
2026,9,12,23,54,23:53,212.5,1.8,2.1,2.3,0.0
2026,9,12,23,56,23:55,210.6,2.2,2.6,2.9,0.0
2026,9,12,23,58,23:57,209.6,2.4,2.7,3.2,0.0
2026,9,12,23,59,23:58,210.9,2.4,2.7,3.1,0.0
