# Helsinki Laru (dlarah.org Lauttasaari) 2026-09-26 Suomen aikaa — lähteen Laru_2026-269.txt sellaisenaan
# vuosi kk pv kirjoitus-h kirjoitus-min hh:mm suunta min ka max lämpötila (asemalla ei mittaria)
2026,9,26,0,1,00:01,137.3,1.4,2.8,5.1,0.0
2026,9,26,0,3,00:03,131.9,0.7,1.6,4.5,0.0
2026,9,26,0,4,00:04,130.0,0.7,1.5,3.0,0.0
2026,9,26,0,6,00:06,137.1,1.2,2.6,4.9,0.0
2026,9,26,0,8,00:08,143.1,0.6,1.7,5.0,0.0
2026,9,26,0,9,00:09,144.7,0.9,2.7,5.4,0.0
2026,9,26,0,11,00:11,142.3,0.8,3.4,9.1,0.0
2026,9,26,0,13,00:13,143.3,1.5,3.0,6.9,0.0
2026,9,26,0,14,00:14,152.1,1.1,3.3,7.6,0.0
2026,9,26,0,17,00:16,158.2,1.1,3.2,6.3,0.0
2026,9,26,0,18,00:18,141.1,1.7,3.8,7.2,0.0
2026,9,26,0,19,00:19,142.3,0.9,2.1,5.3,0.0
2026,9,26,0,22,00:21,150.7,1.1,2.6,4.9,0.0
2026,9,26,0,23,00:23,136.0,0.6,2.7,7.2,0.0
2026,9,26,0,24,00:24,139.2,0.8,2.4,7.8,0.0
2026,9,26,0,26,00:26,123.4,1.0,2.7,5.7,0.0
2026,9,26,0,28,00:28,140.4,0.9,3.0,7.0,0.0
2026,9,26,0,29,00:29,135.5,0.8,2.5,5.3,0.0
2026,9,26,0,31,00:31,158.4,0.9,2.3,4.3,0.0
2026,9,26,0,33,00:33,163.7,0.7,2.1,5.7,0.0
2026,9,26,0,34,00:34,139.3,0.0,1.9,4.0,0.0
2026,9,26,0,36,00:36,124.7,0.6,1.7,3.9,0.0
2026,9,26,0,38,00:38,140.0,0.9,2.5,4.7,0.0
2026,9,26,0,39,00:39,154.5,1.0,3.0,6.1,0.0
2026,9,26,0,41,00:41,145.9,0.8,2.8,4.9,0.0
2026,9,26,0,43,00:43,154.1,1.3,2.9,7.0,0.0
2026,9,26,0,44,00:44,151.9,0.9,2.3,4.3,0.0
2026,9,26,0,46,00:46,136.4,0.6,2.4,4.8,0.0
2026,9,26,0,48,00:48,139.9,1.0,2.5,5.0,0.0
2026,9,26,0,49,00:49,144.6,0.8,2.4,5.4,0.0
2026,9,26,0,51,00:51,151.5,0.9,2.1,4.5,0.0
2026,9,26,0,53,00:53,116.1,0.7,2.0,4.6,0.0
2026,9,26,0,54,00:54,110.2,0.0,0.8,1.8,0.0
2026,9,26,0,57,00:56,153.1,0.7,2.3,3.9,0.0
2026,9,26,0,58,00:58,163.7,0.4,1.9,5.2,0.0
2026,9,26,0,59,00:59,137.1,1.0,1.9,4.0,0.0
2026,9,26,1,2,01:01,125.6,0.9,1.8,3.5,0.0
2026,9,26,1,3,01:03,138.6,0.5,2.8,6.2,0.0
2026,9,26,1,4,01:04,142.1,0.5,2.3,5.2,0.0
2026,9,26,1,6,01:06,146.6,1.2,2.4,4.2,0.0
2026,9,26,1,8,01:08,152.0,1.0,2.3,5.4,0.0
2026,9,26,1,9,01:09,151.6,1.0,2.3,3.8,0.0
2026,9,26,1,11,01:11,149.3,0.8,2.0,3.9,0.0
2026,9,26,1,13,01:13,143.4,0.0,1.7,3.3,0.0
2026,9,26,1,14,01:14,151.1,0.9,2.1,4.9,0.0
2026,9,26,1,17,01:16,142.5,1.0,2.0,3.1,0.0
2026,9,26,1,18,01:18,143.0,0.9,2.2,4.8,0.0
2026,9,26,1,19,01:19,122.3,0.0,1.2,3.3,0.0
2026,9,26,1,22,01:21,131.0,0.4,1.2,2.8,0.0
2026,9,26,1,23,01:23,138.0,0.8,1.5,3.1,0.0
2026,9,26,1,24,01:24,158.6,0.6,2.1,4.6,0.0
2026,9,26,1,27,01:26,144.1,0.0,2.9,4.9,0.0
2026,9,26,1,28,01:28,126.6,0.5,1.9,3.9,0.0
2026,9,26,1,29,01:29,133.6,1.3,2.7,3.9,0.0
2026,9,26,1,31,01:31,136.5,0.8,2.0,4.2,0.0
2026,9,26,1,33,01:33,146.6,1.0,2.3,4.5,0.0
2026,9,26,1,34,01:34,159.5,0.8,2.8,5.3,0.0
2026,9,26,1,36,01:36,148.5,0.8,2.2,4.3,0.0
2026,9,26,1,38,01:38,142.2,0.4,0.9,1.7,0.0
2026,9,26,1,39,01:39,168.6,0.0,0.4,0.7,0.0
2026,9,26,1,42,01:41,145.0,1.2,2.8,5.5,0.0
2026,9,26,1,43,01:43,159.6,0.5,0.9,2.7,0.0
2026,9,26,1,44,01:44,141.2,1.1,1.9,3.1,0.0
2026,9,26,1,46,01:46,157.1,0.8,2.8,5.8,0.0
2026,9,26,1,48,01:48,151.9,1.6,2.8,4.3,0.0
2026,9,26,1,49,01:49,156.4,0.7,3.0,5.6,0.0
2026,9,26,1,51,01:51,146.1,1.4,2.3,4.6,0.0
2026,9,26,1,53,01:53,153.3,0.5,1.5,2.7,0.0
2026,9,26,1,54,01:54,157.1,0.5,1.2,2.9,0.0
2026,9,26,1,56,01:56,153.6,1.6,3.2,5.5,0.0
2026,9,26,1,58,01:58,148.3,1.4,2.7,4.8,0.0
2026,9,26,1,59,01:59,151.6,1.7,2.1,4.3,0.0
2026,9,26,2,1,02:01,162.3,0.5,1.8,3.6,0.0
2026,9,26,2,3,02:03,156.7,0.7,1.7,3.4,0.0
2026,9,26,2,4,02:04,164.9,1.4,3.3,5.9,0.0
2026,9,26,2,7,02:06,155.5,0.7,2.6,5.3,0.0
2026,9,26,2,8,02:08,161.4,2.1,4.1,6.2,0.0
2026,9,26,2,9,02:09,160.6,3.6,5.0,6.4,0.0
2026,9,26,2,11,02:11,160.7,4.0,5.3,6.3,0.0
2026,9,26,2,13,02:13,154.6,2.2,3.4,4.8,0.0
2026,9,26,2,14,02:14,158.3,2.7,3.8,5.2,0.0
2026,9,26,2,17,02:16,164.7,2.4,4.1,6.0,0.0
2026,9,26,2,18,02:18,153.5,2.4,3.9,6.0,0.0
2026,9,26,2,19,02:19,151.5,1.6,4.4,8.0,0.0
2026,9,26,2,22,02:21,166.2,2.2,4.0,5.5,0.0
2026,9,26,2,23,02:23,151.2,1.3,3.4,5.7,0.0
2026,9,26,2,24,02:24,151.3,2.0,3.3,4.6,0.0
2026,9,26,2,26,02:26,163.0,1.5,2.4,3.3,0.0
2026,9,26,2,28,02:28,159.4,0.5,1.0,2.2,0.0
2026,9,26,2,29,02:29,155.1,0.9,2.4,4.7,0.0
2026,9,26,2,32,02:31,140.9,1.4,2.6,3.7,0.0
2026,9,26,2,33,02:33,157.3,0.8,1.5,2.4,0.0
2026,9,26,2,34,02:34,155.6,0.9,1.6,4.3,0.0
2026,9,26,2,36,02:36,154.6,1.5,2.6,3.7,0.0
2026,9,26,2,38,02:38,160.8,1.1,2.7,4.4,0.0
2026,9,26,2,39,02:39,148.0,0.8,1.2,1.9,0.0
2026,9,26,2,41,02:41,160.9,0.6,2.6,4.8,0.0
2026,9,26,2,43,02:43,162.1,2.3,3.6,4.7,0.0
2026,9,26,2,44,02:44,155.4,1.1,2.0,3.1,0.0
2026,9,26,2,46,02:46,165.4,0.8,1.8,3.5,0.0
2026,9,26,2,48,02:48,145.7,1.2,2.6,4.6,0.0
2026,9,26,2,49,02:49,152.5,1.7,2.6,3.5,0.0
2026,9,26,2,51,02:51,164.0,1.8,3.3,4.7,0.0
2026,9,26,2,53,02:53,154.3,1.2,2.7,4.1,0.0
2026,9,26,2,54,02:54,159.0,1.0,2.3,3.7,0.0
2026,9,26,2,56,02:56,157.4,1.1,1.9,3.2,0.0
2026,9,26,2,58,02:58,162.5,0.5,2.2,3.6,0.0
2026,9,26,2,59,02:59,160.5,1.0,2.8,4.3,0.0
2026,9,26,3,2,03:01,162.5,0.9,2.7,4.8,0.0
2026,9,26,3,3,03:03,149.7,1.0,2.4,4.2,0.0
2026,9,26,3,4,03:04,154.0,1.4,2.1,3.0,0.0
2026,9,26,3,6,03:06,139.1,0.8,1.9,3.1,0.0
2026,9,26,3,8,03:08,155.7,1.1,2.3,5.1,0.0
2026,9,26,3,9,03:09,154.0,0.8,2.0,3.5,0.0
2026,9,26,3,11,03:11,154.3,1.4,2.3,3.8,0.0
2026,9,26,3,13,03:13,163.5,2.0,3.9,6.2,0.0
2026,9,26,3,14,03:14,158.2,1.5,3.6,5.6,0.0
2026,9,26,3,17,03:16,155.6,3.1,4.6,6.1,0.0
2026,9,26,3,18,03:18,160.3,3.5,5.5,8.2,0.0
2026,9,26,3,19,03:19,159.4,4.4,5.9,7.4,0.0
2026,9,26,3,22,03:21,159.6,4.4,6.3,7.4,0.0
2026,9,26,3,23,03:23,164.8,3.1,4.9,7.3,0.0
2026,9,26,3,24,03:24,165.1,3.1,5.2,7.6,0.0
2026,9,26,3,26,03:26,159.5,3.9,5.5,7.1,0.0
2026,9,26,3,28,03:28,164.6,3.3,4.6,6.5,0.0
2026,9,26,3,29,03:29,159.8,1.6,3.5,6.3,0.0
2026,9,26,3,32,03:31,148.4,0.8,4.4,6.8,0.0
2026,9,26,3,33,03:33,158.4,4.0,5.7,7.8,0.0
2026,9,26,3,34,03:34,164.1,3.2,4.5,5.5,0.0
2026,9,26,3,36,03:36,149.9,2.5,5.4,7.0,0.0
2026,9,26,3,38,03:38,162.1,3.5,4.4,5.2,0.0
2026,9,26,3,39,03:39,164.4,4.2,5.3,6.1,0.0
2026,9,26,3,41,03:41,161.7,2.7,3.8,4.8,0.0
2026,9,26,3,43,03:43,164.4,2.0,4.3,6.3,0.0
2026,9,26,3,44,03:43,164.4,2.0,4.3,6.3,0.0
2026,9,26,3,46,03:46,157.1,3.2,4.3,6.3,0.0
2026,9,26,3,48,03:48,163.9,3.1,4.7,6.2,0.0
2026,9,26,3,49,03:49,158.4,1.6,3.2,5.0,0.0
2026,9,26,3,51,03:51,155.9,0.9,2.8,4.9,0.0
2026,9,26,3,53,03:53,158.6,1.0,3.0,4.6,0.0
2026,9,26,3,54,03:54,160.3,1.5,3.5,5.0,0.0
2026,9,26,3,56,03:56,151.3,1.2,2.7,5.0,0.0
2026,9,26,3,58,03:58,156.8,3.3,4.8,6.3,0.0
2026,9,26,3,59,03:59,161.4,4.3,5.6,6.7,0.0
2026,9,26,4,2,04:00,162.3,3.6,4.6,5.6,0.0
2026,9,26,4,3,04:03,163.9,4.3,5.2,6.1,0.0
2026,9,26,4,4,04:04,159.7,3.7,5.3,6.2,0.0
2026,9,26,4,6,04:05,160.8,4.4,5.3,6.0,0.0
2026,9,26,4,8,04:08,162.5,3.8,5.0,7.1,0.0
2026,9,26,4,9,04:09,154.1,3.1,5.1,6.5,0.0
2026,9,26,4,12,04:11,159.3,3.8,5.2,6.6,0.0
2026,9,26,4,13,04:13,150.9,3.2,4.1,5.3,0.0
2026,9,26,4,14,04:13,150.9,3.2,4.1,5.3,0.0
2026,9,26,4,16,04:16,157.6,0.7,3.8,6.7,0.0
2026,9,26,4,18,04:18,164.9,1.0,3.4,5.0,0.0
2026,9,26,4,19,04:19,149.5,1.5,2.5,3.8,0.0
2026,9,26,4,21,04:21,150.4,1.7,2.6,3.7,0.0
2026,9,26,4,23,04:23,166.5,2.0,3.6,4.8,0.0
2026,9,26,4,24,04:24,158.3,2.3,3.2,4.9,0.0
2026,9,26,4,26,04:26,157.1,3.3,4.8,6.2,0.0
2026,9,26,4,28,04:28,158.5,1.6,3.9,6.0,0.0
2026,9,26,4,29,04:29,158.2,2.1,3.3,5.2,0.0
2026,9,26,4,31,04:31,159.1,1.1,2.9,5.7,0.0
2026,9,26,4,33,04:33,152.4,1.2,3.7,5.5,0.0
2026,9,26,4,34,04:34,161.6,1.8,3.0,4.7,0.0
2026,9,26,4,36,04:36,163.2,0.6,1.6,3.3,0.0
2026,9,26,4,38,04:38,125.6,1.7,2.6,4.7,0.0
2026,9,26,4,39,04:39,151.2,0.9,2.2,4.2,0.0
2026,9,26,4,42,04:41,146.8,0.8,1.7,2.6,0.0
2026,9,26,4,43,04:43,155.4,1.8,2.7,3.7,0.0
2026,9,26,4,44,04:44,154.0,2.0,3.7,7.0,0.0
2026,9,26,4,46,04:46,152.9,1.8,3.6,5.1,0.0
2026,9,26,4,48,04:48,147.6,3.3,5.1,7.4,0.0
2026,9,26,4,49,04:49,162.6,2.1,3.8,5.0,0.0
2026,9,26,4,51,04:51,162.7,3.5,5.2,7.5,0.0
2026,9,26,4,53,04:53,158.3,3.1,4.9,6.8,0.0
2026,9,26,4,54,04:54,169.9,3.3,6.0,8.5,0.0
2026,9,26,4,56,04:56,158.7,3.9,5.6,7.0,0.0
2026,9,26,4,58,04:58,159.5,3.4,5.5,7.6,0.0
2026,9,26,4,59,04:59,164.4,3.9,5.6,7.0,0.0
2026,9,26,5,2,05:01,156.2,2.8,4.4,6.2,0.0
2026,9,26,5,3,05:03,157.5,4.2,5.7,7.4,0.0
2026,9,26,5,4,05:04,164.3,3.8,5.7,7.6,0.0
2026,9,26,5,6,05:05,167.1,4.3,6.0,8.0,0.0
2026,9,26,5,8,05:08,152.4,4.7,6.5,8.0,0.0
2026,9,26,5,9,05:09,158.6,5.0,6.8,8.3,0.0
2026,9,26,5,12,05:11,155.8,1.3,5.9,9.6,0.0
2026,9,26,5,13,05:13,157.5,4.8,6.3,7.8,0.0
2026,9,26,5,14,05:14,160.1,3.7,5.6,8.6,0.0
2026,9,26,5,16,05:16,162.8,4.1,6.4,8.7,0.0
2026,9,26,5,18,05:18,160.4,4.4,5.8,7.6,0.0
2026,9,26,5,19,05:19,153.3,4.7,6.2,8.5,0.0
2026,9,26,5,21,05:21,163.2,4.4,6.5,8.3,0.0
2026,9,26,5,23,05:23,161.8,6.4,7.7,9.0,0.0
2026,9,26,5,24,05:24,159.4,3.9,5.5,8.1,0.0
2026,9,26,5,26,05:26,164.6,4.3,6.9,9.3,0.0
2026,9,26,5,28,05:28,161.0,2.5,5.0,7.9,0.0
2026,9,26,5,29,05:28,161.0,2.5,5.0,7.9,0.0
2026,9,26,5,31,05:31,155.8,4.4,5.9,7.5,0.0
2026,9,26,5,33,05:32,151.1,5.1,6.6,8.6,0.0
2026,9,26,5,34,05:34,161.4,4.5,5.8,7.8,0.0
2026,9,26,5,37,05:36,160.0,4.6,6.5,8.2,0.0
2026,9,26,5,38,05:38,160.0,4.7,6.4,8.5,0.0
2026,9,26,5,39,05:39,155.6,4.4,6.2,7.8,0.0
2026,9,26,5,41,05:41,161.2,5.2,7.0,9.4,0.0
2026,9,26,5,43,05:42,160.3,3.8,6.0,7.5,0.0
2026,9,26,5,44,05:42,160.3,3.8,6.0,7.5,0.0
2026,9,26,5,46,05:46,163.5,4.1,6.1,8.1,0.0
2026,9,26,5,48,05:48,159.5,6.0,7.8,10.2,0.0
2026,9,26,5,49,05:49,161.1,5.8,6.9,8.5,0.0
2026,9,26,5,51,05:51,157.6,5.1,7.0,9.2,0.0
2026,9,26,5,53,05:53,154.7,2.7,5.8,8.1,0.0
2026,9,26,5,54,05:54,148.3,2.1,5.2,7.2,0.0
2026,9,26,5,56,05:56,164.3,4.5,6.1,8.8,0.0
2026,9,26,5,58,05:58,161.7,3.3,5.6,7.1,0.0
2026,9,26,5,59,05:59,157.8,3.0,5.2,8.3,0.0
2026,9,26,6,1,06:01,161.1,5.8,7.0,8.1,0.0
2026,9,26,6,3,06:03,157.7,1.9,4.9,10.4,0.0
2026,9,26,6,4,06:04,158.7,3.7,6.2,8.0,0.0
2026,9,26,6,6,06:06,160.0,2.4,5.1,8.0,0.0
2026,9,26,6,8,06:08,159.4,4.2,5.8,9.0,0.0
2026,9,26,6,9,06:09,149.3,2.6,4.3,5.8,0.0
2026,9,26,6,11,06:11,155.1,3.2,5.1,9.5,0.0
2026,9,26,6,13,06:13,145.9,3.6,6.0,9.6,0.0
2026,9,26,6,14,06:14,159.6,1.3,4.7,6.8,0.0
2026,9,26,6,16,06:16,160.5,2.9,5.2,6.8,0.0
2026,9,26,6,18,06:18,153.8,2.3,4.9,7.1,0.0
2026,9,26,6,19,06:19,160.9,3.0,4.7,7.1,0.0
2026,9,26,6,21,06:21,151.1,1.8,3.5,5.9,0.0
2026,9,26,6,23,06:23,155.9,3.8,5.5,8.4,0.0
2026,9,26,6,24,06:24,161.3,1.3,4.3,7.9,0.0
2026,9,26,6,27,06:26,158.4,2.6,4.6,7.3,0.0
2026,9,26,6,28,06:28,154.7,2.7,5.9,7.7,0.0
2026,9,26,6,29,06:29,155.7,3.8,6.8,9.1,0.0
2026,9,26,6,31,06:31,157.6,3.2,6.7,9.9,0.0
2026,9,26,6,33,06:33,170.2,2.2,5.9,9.8,0.0
2026,9,26,6,34,06:34,161.2,1.7,4.8,7.8,0.0
2026,9,26,6,36,06:36,164.1,4.6,6.8,8.8,0.0
2026,9,26,6,38,06:38,171.1,2.4,5.7,8.9,0.0
2026,9,26,6,39,06:39,163.7,2.1,6.0,10.1,0.0
2026,9,26,6,42,06:41,155.9,2.1,5.7,9.0,0.0
2026,9,26,6,43,06:43,162.5,3.3,5.7,7.4,0.0
2026,9,26,6,44,06:44,167.7,2.6,5.5,7.2,0.0
2026,9,26,6,46,06:46,159.2,2.6,4.8,6.8,0.0
2026,9,26,6,48,06:48,163.3,1.5,4.9,9.1,0.0
2026,9,26,6,49,06:49,142.5,2.0,4.7,8.9,0.0
2026,9,26,6,52,06:51,158.0,2.7,5.3,7.4,0.0
2026,9,26,6,53,06:53,156.9,2.5,6.1,8.8,0.0
2026,9,26,6,54,06:54,162.7,4.0,6.1,7.4,0.0
2026,9,26,6,56,06:56,134.9,0.8,3.1,5.5,0.0
2026,9,26,6,58,06:58,156.8,2.1,4.5,7.2,0.0
2026,9,26,6,59,06:59,155.4,2.0,5.9,9.2,0.0
2026,9,26,7,1,07:01,156.3,2.1,5.7,7.7,0.0
2026,9,26,7,3,07:03,157.5,4.3,6.7,8.8,0.0
2026,9,26,7,4,07:04,158.2,4.9,7.0,8.9,0.0
2026,9,26,7,6,07:06,158.7,7.0,8.3,10.5,0.0
2026,9,26,7,8,07:08,164.0,4.9,7.2,9.1,0.0
2026,9,26,7,9,07:09,153.3,5.2,7.2,9.5,0.0
2026,9,26,7,11,07:11,158.2,4.2,6.8,9.3,0.0
2026,9,26,7,13,07:13,156.2,3.4,6.8,9.1,0.0
2026,9,26,7,14,07:14,158.4,5.5,7.3,9.1,0.0
2026,9,26,7,17,07:16,158.6,5.5,6.7,8.0,0.0
2026,9,26,7,18,07:18,159.2,5.2,6.9,8.1,0.0
2026,9,26,7,19,07:19,160.8,5.6,7.0,8.6,0.0
2026,9,26,7,21,07:21,168.2,5.1,6.6,8.1,0.0
2026,9,26,7,23,07:23,170.0,5.9,8.1,10.9,0.0
2026,9,26,7,24,07:24,172.5,7.1,8.8,10.1,0.0
2026,9,26,7,26,07:26,170.0,5.9,7.7,8.6,0.0
2026,9,26,7,28,07:28,171.1,6.9,8.1,9.1,0.0
2026,9,26,7,29,07:29,175.4,6.1,8.0,9.5,0.0
2026,9,26,7,31,07:31,178.1,6.2,7.6,8.9,0.0
2026,9,26,7,33,07:33,172.8,6.6,8.2,9.4,0.0
2026,9,26,7,34,07:34,174.7,6.8,7.7,8.6,0.0
2026,9,26,7,36,07:36,173.5,6.8,7.9,9.6,0.0
2026,9,26,7,38,07:37,175.2,6.7,7.6,8.9,0.0
2026,9,26,7,39,07:39,169.7,6.3,7.2,8.2,0.0
2026,9,26,7,42,07:41,168.4,5.7,6.5,7.5,0.0
2026,9,26,7,43,07:43,176.3,6.9,8.2,9.2,0.0
2026,9,26,7,44,07:44,173.8,6.9,8.1,8.9,0.0
2026,9,26,7,46,07:46,169.8,5.7,7.1,8.3,0.0
2026,9,26,7,48,07:48,173.9,6.4,8.2,9.6,0.0
2026,9,26,7,49,07:49,172.5,6.3,7.3,8.9,0.0
2026,9,26,7,52,07:51,170.3,7.3,8.3,9.2,0.0
2026,9,26,7,53,07:53,167.3,6.2,7.4,8.1,0.0
2026,9,26,7,54,07:54,171.7,6.4,7.8,8.8,0.0
2026,9,26,7,57,07:56,177.9,5.8,6.8,7.9,0.0
2026,9,26,7,58,07:58,173.0,6.8,8.3,9.5,0.0
2026,9,26,7,59,07:59,171.3,7.8,9.1,10.8,0.0
2026,9,26,8,1,08:01,175.1,8.0,9.3,10.5,0.0
2026,9,26,8,3,08:03,164.5,6.9,8.6,10.1,0.0
2026,9,26,8,4,08:04,172.0,6.5,8.3,9.5,0.0
2026,9,26,8,6,08:06,167.5,7.8,8.9,9.8,0.0
2026,9,26,8,8,08:08,168.4,6.6,8.1,9.7,0.0
2026,9,26,8,9,08:09,170.2,6.7,8.8,10.4,0.0
2026,9,26,8,11,08:11,167.9,5.9,7.8,9.2,0.0
2026,9,26,8,13,08:13,171.9,7.0,8.3,9.7,0.0
2026,9,26,8,14,08:14,169.2,7.0,7.8,8.8,0.0
2026,9,26,8,16,08:16,169.7,6.5,8.6,10.1,0.0
2026,9,26,8,18,08:18,171.4,6.0,7.8,9.1,0.0
2026,9,26,8,19,08:19,167.0,6.7,8.3,9.8,0.0
2026,9,26,8,21,08:21,172.9,7.3,8.1,9.1,0.0
2026,9,26,8,23,08:23,174.3,7.0,8.5,9.7,0.0
2026,9,26,8,24,08:24,178.0,6.5,8.1,9.5,0.0
2026,9,26,8,26,08:26,172.6,7.1,8.4,9.9,0.0
2026,9,26,8,28,08:28,174.3,6.9,8.5,9.5,0.0
2026,9,26,8,29,08:29,176.6,6.7,8.1,9.5,0.0
2026,9,26,8,31,08:31,177.7,7.0,8.0,9.0,0.0
2026,9,26,8,33,08:33,172.5,6.5,7.8,9.1,0.0
2026,9,26,8,34,08:34,175.2,6.8,7.5,8.4,0.0
2026,9,26,8,36,08:36,176.7,6.6,7.8,10.2,0.0
2026,9,26,8,38,08:38,172.4,7.4,8.7,10.0,0.0
2026,9,26,8,39,08:39,179.0,6.5,8.1,9.4,0.0
2026,9,26,8,42,08:41,177.7,6.4,7.9,9.2,0.0
2026,9,26,8,43,08:43,178.6,6.6,7.8,8.7,0.0
2026,9,26,8,44,08:44,180.1,6.6,7.6,8.4,0.0
2026,9,26,8,47,08:46,180.4,6.0,7.1,8.0,0.0
2026,9,26,8,48,08:48,179.0,5.5,6.8,7.5,0.0
2026,9,26,8,49,08:49,181.5,5.6,6.9,8.3,0.0
2026,9,26,8,51,08:51,184.7,6.2,7.1,9.1,0.0
2026,9,26,8,53,08:53,182.5,7.0,8.1,9.6,0.0
2026,9,26,8,54,08:54,180.6,7.2,8.2,9.0,0.0
2026,9,26,8,57,08:56,179.4,6.3,8.0,9.1,0.0
2026,9,26,8,58,08:58,183.9,7.4,8.6,10.2,0.0
2026,9,26,8,59,08:59,176.5,8.0,9.0,10.1,0.0
2026,9,26,9,1,09:01,173.2,6.7,7.7,8.7,0.0
2026,9,26,9,3,09:03,175.6,7.2,8.1,9.1,0.0
2026,9,26,9,4,09:04,179.5,6.2,7.2,8.0,0.0
2026,9,26,9,7,09:06,180.8,6.5,7.7,9.3,0.0
2026,9,26,9,8,09:08,178.6,6.0,7.9,9.1,0.0
2026,9,26,9,9,09:09,178.9,7.1,7.9,8.9,0.0
2026,9,26,9,12,09:11,175.2,7.5,8.7,9.8,0.0
2026,9,26,9,13,09:13,177.1,6.9,9.1,10.8,0.0
2026,9,26,9,14,09:14,175.8,6.9,8.2,9.8,0.0
2026,9,26,9,17,09:16,173.3,6.5,7.9,10.1,0.0
2026,9,26,9,18,09:18,169.8,6.4,7.8,8.9,0.0
2026,9,26,9,19,09:19,167.0,6.3,8.3,9.8,0.0
2026,9,26,9,21,09:21,163.1,5.6,6.7,8.0,0.0
2026,9,26,9,23,09:23,167.7,7.7,8.7,9.8,0.0
2026,9,26,9,24,09:24,166.9,6.7,7.8,9.2,0.0
2026,9,26,9,26,09:26,162.9,4.6,6.8,8.1,0.0
2026,9,26,9,28,09:28,170.3,6.7,7.8,8.7,0.0
2026,9,26,9,29,09:29,170.8,6.2,7.8,9.1,0.0
2026,9,26,9,31,09:31,171.2,6.3,7.6,8.9,0.0
2026,9,26,9,33,09:33,166.9,6.2,8.1,9.6,0.0
2026,9,26,9,34,09:34,171.7,6.7,7.8,9.1,0.0
2026,9,26,9,36,09:36,171.1,5.5,7.4,8.6,0.0
2026,9,26,9,38,09:38,173.5,6.6,8.0,9.4,0.0
2026,9,26,9,39,09:39,176.7,6.8,8.1,9.8,0.0
2026,9,26,9,41,09:41,176.3,7.8,9.4,10.9,0.0
2026,9,26,9,43,09:43,174.7,7.3,8.8,10.1,0.0
2026,9,26,9,44,09:44,177.1,6.8,8.5,9.8,0.0
2026,9,26,9,46,09:46,177.4,6.0,7.5,8.5,0.0
2026,9,26,9,48,09:48,175.4,6.3,8.1,9.4,0.0
2026,9,26,9,49,09:49,172.2,7.4,8.4,9.8,0.0
2026,9,26,9,51,09:51,175.5,7.1,7.9,8.7,0.0
2026,9,26,9,53,09:53,170.1,6.6,8.3,9.8,0.0
2026,9,26,9,54,09:54,167.1,6.4,8.4,10.1,0.0
2026,9,26,9,56,09:56,174.1,7.9,8.9,9.9,0.0
2026,9,26,9,58,09:58,175.6,7.1,8.0,9.0,0.0
2026,9,26,9,59,09:59,172.2,6.9,8.3,9.5,0.0
2026,9,26,10,1,10:01,180.6,6.6,7.7,9.6,0.0
2026,9,26,10,3,10:03,178.9,7.1,8.3,9.6,0.0
2026,9,26,10,4,10:04,183.1,6.8,8.3,9.7,0.0
2026,9,26,10,7,10:06,186.3,6.6,7.5,9.8,0.0
2026,9,26,10,8,10:08,188.8,7.3,8.8,9.8,0.0
2026,9,26,10,9,10:09,181.7,6.9,7.9,9.0,0.0
2026,9,26,10,12,10:11,180.9,6.6,7.9,9.1,0.0
2026,9,26,10,13,10:13,179.6,6.7,8.4,10.1,0.0
2026,9,26,10,14,10:14,177.2,6.8,8.1,9.3,0.0
2026,9,26,10,17,10:16,183.4,6.5,7.2,8.5,0.0
2026,9,26,10,18,10:18,182.0,7.2,8.2,9.8,0.0
2026,9,26,10,19,10:19,183.5,6.3,7.9,9.2,0.0
2026,9,26,10,22,10:21,183.3,6.4,7.7,8.7,0.0
2026,9,26,10,23,10:23,174.7,6.3,7.4,8.3,0.0
2026,9,26,10,24,10:24,175.7,5.4,6.5,8.0,0.0
2026,9,26,10,27,10:26,172.4,6.1,7.3,9.0,0.0
2026,9,26,10,28,10:28,174.6,5.4,6.5,8.2,0.0
2026,9,26,10,29,10:29,178.1,6.1,7.4,8.6,0.0
2026,9,26,10,31,10:31,197.3,6.1,7.3,8.5,0.0
2026,9,26,10,33,10:33,207.5,7.7,9.3,10.5,0.0
2026,9,26,10,34,10:34,205.2,7.0,8.2,9.7,0.0
2026,9,26,10,36,10:36,207.1,6.5,7.5,8.8,0.0
2026,9,26,10,38,10:38,204.5,6.4,7.6,9.5,0.0
2026,9,26,10,39,10:39,204.4,6.3,7.8,9.0,0.0
2026,9,26,10,41,10:41,209.8,6.4,7.4,8.8,0.0
2026,9,26,10,43,10:43,206.2,6.8,8.0,9.4,0.0
2026,9,26,10,44,10:44,204.9,6.1,7.4,8.5,0.0
2026,9,26,10,47,10:46,200.9,6.0,6.6,7.7,0.0
2026,9,26,10,48,10:48,201.7,5.4,6.3,7.0,0.0
2026,9,26,10,49,10:49,205.0,5.4,6.3,7.3,0.0
2026,9,26,10,51,10:51,204.1,5.3,6.1,7.0,0.0
2026,9,26,10,53,10:53,209.2,5.2,5.8,6.6,0.0
2026,9,26,10,54,10:54,207.7,5.0,6.2,7.2,0.0
2026,9,26,10,56,10:56,210.2,5.1,6.2,7.8,0.0
2026,9,26,10,58,10:58,207.9,4.9,6.4,7.5,0.0
2026,9,26,10,59,10:59,211.0,5.6,6.5,7.7,0.0
2026,9,26,11,2,11:01,209.3,5.1,6.0,7.5,0.0
2026,9,26,11,3,11:03,204.0,5.8,6.9,8.3,0.0
2026,9,26,11,4,11:04,198.2,5.9,6.9,8.0,0.0
2026,9,26,11,6,11:06,199.7,5.9,6.7,7.5,0.0
2026,9,26,11,8,11:08,208.7,5.6,6.2,7.4,0.0
2026,9,26,11,9,11:09,210.1,4.7,5.4,6.0,0.0
2026,9,26,11,12,11:11,205.3,4.6,5.5,7.1,0.0
2026,9,26,11,13,11:13,202.3,4.7,5.4,6.3,0.0
2026,9,26,11,14,11:14,206.9,4.6,5.2,5.9,0.0
2026,9,26,11,16,11:16,204.0,4.5,5.3,6.0,0.0
2026,9,26,11,18,11:18,202.9,4.7,5.5,6.5,0.0
2026,9,26,11,19,11:19,200.1,4.5,5.3,6.1,0.0
2026,9,26,11,22,11:21,200.4,4.9,5.5,6.0,0.0
2026,9,26,11,23,11:23,195.9,4.7,5.4,6.0,0.0
2026,9,26,11,24,11:24,199.4,4.6,5.3,6.0,0.0
2026,9,26,11,26,11:26,208.8,4.0,5.3,6.1,0.0
2026,9,26,11,28,11:28,199.8,3.9,4.9,5.7,0.0
2026,9,26,11,29,11:29,200.1,3.7,4.6,5.2,0.0
2026,9,26,11,32,11:31,195.0,4.2,5.1,6.1,0.0
2026,9,26,11,33,11:33,187.7,5.5,6.3,7.1,0.0
2026,9,26,11,34,11:34,187.8,5.1,5.9,6.8,0.0
2026,9,26,11,37,11:36,187.7,4.9,5.6,6.3,0.0
2026,9,26,11,38,11:38,185.8,6.0,6.6,7.4,0.0
2026,9,26,11,39,11:39,186.8,5.6,6.2,6.6,0.0
2026,9,26,11,42,11:41,176.8,5.0,5.7,6.6,0.0
2026,9,26,11,43,11:43,177.2,5.8,6.8,7.5,0.0
2026,9,26,11,44,11:44,177.3,5.5,6.2,7.0,0.0
2026,9,26,11,47,11:46,179.6,6.9,8.5,9.6,0.0
2026,9,26,11,48,11:48,192.0,6.7,8.0,9.8,0.0
2026,9,26,11,49,11:49,195.9,6.1,6.8,7.6,0.0
2026,9,26,11,51,11:51,199.5,6.5,7.7,9.1,0.0
2026,9,26,11,53,11:53,200.5,5.8,7.2,8.0,0.0
2026,9,26,11,54,11:54,205.2,5.8,7.2,8.3,0.0
2026,9,26,11,56,11:56,199.6,5.7,6.7,7.7,0.0
2026,9,26,11,58,11:58,200.2,6.2,7.1,8.0,0.0
2026,9,26,11,59,11:59,199.8,5.3,6.6,8.1,0.0
2026,9,26,12,2,12:01,191.7,5.9,6.6,7.3,0.0
2026,9,26,12,3,12:03,185.7,4.9,5.9,7.3,0.0
2026,9,26,12,4,12:04,188.1,4.9,5.7,6.4,0.0
2026,9,26,12,6,12:06,186.1,4.7,5.9,6.8,0.0
2026,9,26,12,8,12:08,177.8,5.1,5.7,6.2,0.0
2026,9,26,12,9,12:09,187.6,4.9,5.8,7.0,0.0
2026,9,26,12,11,12:11,188.2,4.9,5.7,6.7,0.0
2026,9,26,12,13,12:13,188.2,5.0,5.8,6.4,0.0
2026,9,26,12,14,12:14,192.4,4.7,5.6,6.2,0.0
2026,9,26,12,17,12:16,189.1,4.9,5.4,6.0,0.0
2026,9,26,12,18,12:18,185.0,4.2,4.9,5.5,0.0
2026,9,26,12,19,12:19,189.0,4.5,4.9,5.8,0.0
2026,9,26,12,22,12:21,189.7,4.7,5.6,6.5,0.0
2026,9,26,12,23,12:23,190.7,4.7,5.8,6.7,0.0
2026,9,26,12,24,12:24,193.8,5.4,6.7,8.0,0.0
2026,9,26,12,27,12:26,191.9,5.6,6.8,8.5,0.0
2026,9,26,12,28,12:28,195.4,6.2,7.7,9.3,0.0
2026,9,26,12,29,12:29,195.1,6.6,7.7,8.9,0.0
2026,9,26,12,32,12:31,197.6,6.2,6.9,8.1,0.0
2026,9,26,12,33,12:33,193.2,5.6,6.8,8.0,0.0
2026,9,26,12,34,12:34,194.7,5.9,7.1,8.0,0.0
2026,9,26,12,36,12:36,195.1,6.2,7.4,8.3,0.0
2026,9,26,12,38,12:38,198.8,5.6,6.8,7.9,0.0
2026,9,26,12,39,12:39,197.8,6.6,7.4,8.8,0.0
2026,9,26,12,42,12:41,194.8,5.5,6.8,7.9,0.0
2026,9,26,12,43,12:43,194.1,6.2,7.2,8.1,0.0
2026,9,26,12,44,12:44,192.8,6.1,7.0,8.8,0.0
2026,9,26,12,46,12:46,192.2,5.6,6.9,7.7,0.0
2026,9,26,12,48,12:48,189.9,6.3,7.2,7.9,0.0
2026,9,26,12,49,12:49,187.3,6.3,7.3,8.2,0.0
2026,9,26,12,52,12:51,187.3,6.2,7.3,8.0,0.0
2026,9,26,12,53,12:53,185.9,6.0,7.7,9.5,0.0
2026,9,26,12,54,12:54,186.2,6.4,8.2,9.3,0.0
2026,9,26,12,57,12:56,189.2,7.5,8.4,9.5,0.0
2026,9,26,12,58,12:58,187.4,6.9,8.0,9.4,0.0
2026,9,26,12,59,12:59,188.5,6.8,8.0,9.5,0.0
2026,9,26,13,2,13:01,188.9,7.0,8.2,9.4,0.0
2026,9,26,13,3,13:03,191.0,6.5,7.7,9.4,0.0
2026,9,26,13,4,13:04,188.9,6.3,8.0,9.8,0.0
2026,9,26,13,6,13:06,187.9,6.0,7.4,9.3,0.0
2026,9,26,13,8,13:08,190.5,6.8,8.1,9.4,0.0
2026,9,26,13,10,13:09,191.3,6.9,8.0,9.1,0.0
2026,9,26,13,12,13:11,186.5,6.5,7.3,8.3,0.0
2026,9,26,13,13,13:13,189.8,6.7,7.8,8.6,0.0
2026,9,26,13,14,13:14,192.5,6.2,7.7,8.8,0.0
2026,9,26,13,16,13:16,185.7,6.0,7.5,8.2,0.0
2026,9,26,13,18,13:18,191.4,6.5,7.5,9.1,0.0
2026,9,26,13,19,13:19,188.2,7.2,8.7,10.3,0.0
2026,9,26,13,21,13:21,189.9,7.1,8.2,9.3,0.0
2026,9,26,13,23,13:23,190.1,6.5,7.9,9.3,0.0
2026,9,26,13,24,13:24,194.2,7.8,8.9,10.2,0.0
2026,9,26,13,26,13:26,187.1,7.2,8.8,10.0,0.0
2026,9,26,13,28,13:28,188.1,6.6,7.7,8.5,0.0
2026,9,26,13,29,13:29,192.5,7.1,8.1,9.3,0.0
2026,9,26,13,31,13:31,190.9,6.9,7.8,8.8,0.0
2026,9,26,13,33,13:33,187.0,6.8,7.7,8.9,0.0
2026,9,26,13,34,13:34,185.0,6.6,7.5,8.4,0.0
2026,9,26,13,37,13:36,191.4,6.5,8.1,9.2,0.0
2026,9,26,13,38,13:38,185.6,6.8,7.9,8.8,0.0
2026,9,26,13,39,13:39,186.0,7.2,8.3,9.2,0.0
2026,9,26,13,41,13:41,187.0,6.3,7.1,8.6,0.0
2026,9,26,13,43,13:43,184.7,6.4,7.5,8.9,0.0
2026,9,26,13,44,13:43,184.7,6.4,7.5,8.9,0.0
2026,9,26,13,46,13:46,186.0,6.2,7.0,8.1,0.0
2026,9,26,13,48,13:48,186.2,6.4,7.5,8.5,0.0
2026,9,26,13,49,13:49,183.4,6.6,7.4,8.8,0.0
2026,9,26,13,51,13:51,185.3,7.4,8.2,9.2,0.0
2026,9,26,13,53,13:53,183.6,6.9,8.1,9.2,0.0
2026,9,26,13,54,13:54,185.3,7.1,8.3,9.4,0.0
2026,9,26,13,56,13:56,184.4,7.1,8.4,9.6,0.0
2026,9,26,13,58,13:58,182.7,7.4,8.3,9.4,0.0
2026,9,26,13,59,13:59,186.0,6.9,8.4,9.8,0.0
2026,9,26,14,1,14:01,182.1,7.3,8.1,9.4,0.0
2026,9,26,14,3,14:03,182.7,7.2,8.0,8.9,0.0
2026,9,26,14,4,14:04,181.8,6.8,7.5,8.8,0.0
2026,9,26,14,6,14:06,181.9,6.4,7.3,8.3,0.0
2026,9,26,14,8,14:08,180.7,6.6,7.8,8.6,0.0
2026,9,26,14,9,14:09,181.2,6.6,7.4,8.6,0.0
2026,9,26,14,11,14:11,177.1,5.7,6.5,7.4,0.0
2026,9,26,14,13,14:13,174.0,6.3,7.5,8.8,0.0
2026,9,26,14,14,14:14,173.3,7.0,7.8,8.8,0.0
2026,9,26,14,16,14:16,175.7,6.4,7.5,8.5,0.0
2026,9,26,14,18,14:18,177.2,6.0,7.2,8.6,0.0
2026,9,26,14,19,14:19,174.7,6.8,7.7,8.8,0.0
2026,9,26,14,22,14:21,176.5,5.8,6.8,8.0,0.0
2026,9,26,14,23,14:23,169.8,6.5,7.5,8.8,0.0
2026,9,26,14,24,14:24,173.8,6.7,8.0,9.2,0.0
2026,9,26,14,27,14:26,167.7,6.5,7.4,8.7,0.0
2026,9,26,14,28,14:28,167.0,6.2,7.3,8.8,0.0
2026,9,26,14,29,14:29,170.1,6.8,7.8,8.9,0.0
2026,9,26,14,31,14:31,175.1,6.3,7.6,8.6,0.0
2026,9,26,14,33,14:33,168.6,6.5,8.0,9.2,0.0
2026,9,26,14,34,14:34,169.2,6.0,7.3,8.4,0.0
2026,9,26,14,36,14:36,170.3,5.7,7.1,7.9,0.0
2026,9,26,14,38,14:38,169.8,6.4,7.8,9.8,0.0
2026,9,26,14,39,14:39,169.9,6.4,8.2,10.1,0.0
2026,9,26,14,42,14:41,174.1,7.0,8.2,9.6,0.0
2026,9,26,14,43,14:43,172.3,6.7,8.1,8.9,0.0
2026,9,26,14,44,14:44,178.0,6.7,8.0,9.8,0.0
2026,9,26,14,46,14:46,176.8,7.0,8.0,9.0,0.0
2026,9,26,14,48,14:48,182.5,6.4,7.3,8.9,0.0
2026,9,26,14,49,14:49,182.6,6.2,7.4,8.8,0.0
2026,9,26,14,51,14:51,178.1,6.0,7.5,9.1,0.0
2026,9,26,14,53,14:53,177.7,6.9,7.9,8.8,0.0
2026,9,26,14,54,14:54,184.6,6.5,7.8,9.2,0.0
2026,9,26,14,56,14:56,179.0,6.6,7.7,8.7,0.0
2026,9,26,14,58,14:58,177.7,7.0,7.9,8.6,0.0
2026,9,26,14,59,14:59,181.0,6.2,7.4,9.2,0.0
2026,9,26,15,2,15:01,182.6,6.0,7.0,8.9,0.0
2026,9,26,15,3,15:03,180.1,7.1,8.0,8.8,0.0
2026,9,26,15,4,15:04,183.7,6.5,7.6,8.7,0.0
2026,9,26,15,6,15:06,181.0,6.8,8.0,9.3,0.0
2026,9,26,15,8,15:08,178.8,6.5,7.6,8.3,0.0
2026,9,26,15,9,15:09,179.4,6.3,7.3,8.3,0.0
2026,9,26,15,11,15:11,181.0,6.3,7.5,8.5,0.0
2026,9,26,15,13,15:13,185.2,7.7,9.1,10.3,0.0
2026,9,26,15,14,15:14,182.0,6.5,7.9,9.8,0.0
2026,9,26,15,16,15:16,176.2,7.0,8.1,9.2,0.0
2026,9,26,15,18,15:18,176.7,6.8,8.1,9.0,0.0
2026,9,26,15,19,15:19,180.0,7.5,8.6,9.6,0.0
2026,9,26,15,22,15:21,181.1,7.0,8.0,8.7,0.0
2026,9,26,15,23,15:23,180.6,6.9,8.0,8.8,0.0
2026,9,26,15,24,15:24,183.6,6.9,8.0,9.7,0.0
2026,9,26,15,26,15:26,181.2,6.8,7.7,8.7,0.0
2026,9,26,15,28,15:28,181.6,6.5,7.5,8.6,0.0
2026,9,26,15,29,15:29,179.7,6.3,7.3,8.2,0.0
2026,9,26,15,32,15:31,179.2,6.5,7.4,8.5,0.0
2026,9,26,15,33,15:33,183.1,6.4,7.4,8.7,0.0
2026,9,26,15,34,15:34,172.8,6.5,7.5,8.8,0.0
2026,9,26,15,37,15:36,177.3,6.5,7.3,8.1,0.0
2026,9,26,15,38,15:38,180.9,6.0,6.8,8.0,0.0
2026,9,26,15,39,15:39,177.7,6.2,7.3,8.1,0.0
2026,9,26,15,42,15:41,180.8,6.3,7.4,8.5,0.0
2026,9,26,15,43,15:43,172.9,5.8,6.6,8.2,0.0
2026,9,26,15,44,15:44,174.9,5.7,6.8,7.8,0.0
2026,9,26,15,47,15:46,177.5,5.8,6.8,7.8,0.0
2026,9,26,15,48,15:48,176.7,6.0,7.2,8.5,0.0
2026,9,26,15,49,15:49,178.8,6.0,6.8,7.8,0.0
2026,9,26,15,52,15:51,178.4,5.5,6.8,8.0,0.0
2026,9,26,15,53,15:53,174.6,6.0,7.1,8.3,0.0
2026,9,26,15,54,15:54,178.3,6.1,7.2,8.1,0.0
2026,9,26,15,56,15:56,175.7,6.4,7.3,8.1,0.0
2026,9,26,15,58,15:58,173.0,6.0,7.1,8.0,0.0
2026,9,26,15,59,15:59,169.4,5.8,6.8,7.5,0.0
2026,9,26,16,1,16:01,166.1,5.4,6.5,7.8,0.0
2026,9,26,16,3,16:03,169.3,5.8,6.5,7.1,0.0
2026,9,26,16,4,16:04,166.0,5.6,6.4,7.8,0.0
2026,9,26,16,7,16:06,168.1,4.2,6.6,7.4,0.0
2026,9,26,16,8,16:08,166.7,4.3,6.3,7.3,0.0
2026,9,26,16,9,16:09,165.2,4.8,6.1,6.8,0.0
2026,9,26,16,12,16:11,169.8,5.4,6.3,7.0,0.0
2026,9,26,16,13,16:13,165.2,5.1,6.3,7.4,0.0
2026,9,26,16,14,16:14,167.3,5.2,6.3,7.2,0.0
2026,9,26,16,16,16:16,167.6,5.4,6.1,7.0,0.0
2026,9,26,16,18,16:18,154.2,5.1,6.2,7.7,0.0
2026,9,26,16,19,16:19,162.1,3.8,5.7,7.0,0.0
2026,9,26,16,21,16:21,166.5,5.2,6.2,7.0,0.0
2026,9,26,16,23,16:23,161.0,4.2,5.4,6.3,0.0
2026,9,26,16,24,16:24,163.8,4.3,5.9,7.2,0.0
2026,9,26,16,26,16:26,160.5,4.0,5.9,7.8,0.0
2026,9,26,16,28,16:28,157.4,4.5,6.0,7.1,0.0
2026,9,26,16,29,16:29,160.8,4.2,6.2,7.5,0.0
2026,9,26,16,31,16:31,165.9,5.0,6.2,7.6,0.0
2026,9,26,16,33,16:33,163.8,4.7,5.9,7.3,0.0
2026,9,26,16,34,16:34,164.5,4.6,6.0,7.2,0.0
2026,9,26,16,36,16:36,155.1,4.5,5.9,7.4,0.0
2026,9,26,16,38,16:38,157.8,4.0,6.1,7.5,0.0
2026,9,26,16,39,16:39,160.8,4.7,5.9,7.3,0.0
2026,9,26,16,42,16:41,162.3,3.6,5.9,7.5,0.0
2026,9,26,16,43,16:43,161.8,4.6,5.8,6.8,0.0
2026,9,26,16,44,16:44,159.7,4.7,6.0,7.7,0.0
2026,9,26,16,47,16:46,162.4,4.5,6.1,7.8,0.0
2026,9,26,16,48,16:48,156.8,4.7,6.5,7.5,0.0
2026,9,26,16,49,16:49,159.5,5.7,6.9,8.5,0.0
2026,9,26,16,51,16:51,160.7,4.6,6.3,8.3,0.0
2026,9,26,16,53,16:53,159.2,5.3,6.5,7.8,0.0
2026,9,26,16,54,16:54,161.4,4.7,6.4,7.7,0.0
2026,9,26,16,57,16:56,165.5,5.1,6.4,7.7,0.0
2026,9,26,16,58,16:58,156.8,5.1,6.6,8.0,0.0
2026,9,26,16,59,16:59,163.5,5.2,6.3,8.0,0.0
2026,9,26,17,2,17:01,158.9,5.6,6.8,8.3,0.0
2026,9,26,17,3,17:03,159.5,5.6,7.0,8.2,0.0
2026,9,26,17,4,17:04,157.7,5.3,6.7,8.2,0.0
2026,9,26,17,7,17:06,168.7,5.5,6.9,7.7,0.0
2026,9,26,17,8,17:08,159.0,4.2,6.3,7.7,0.0
2026,9,26,17,9,17:09,166.3,4.6,6.8,8.6,0.0
2026,9,26,17,11,17:11,165.3,5.0,6.8,8.0,0.0
2026,9,26,17,13,17:13,167.1,5.8,7.0,7.8,0.0
2026,9,26,17,14,17:14,167.5,5.1,6.7,7.6,0.0
2026,9,26,17,16,17:16,163.3,5.2,6.6,8.0,0.0
2026,9,26,17,18,17:18,162.2,4.8,6.7,8.2,0.0
2026,9,26,17,19,17:19,162.8,6.2,7.5,9.7,0.0
2026,9,26,17,21,17:21,164.5,5.8,7.2,8.8,0.0
2026,9,26,17,23,17:23,159.4,5.4,7.4,9.1,0.0
2026,9,26,17,24,17:24,168.0,5.6,7.8,10.3,0.0
2026,9,26,17,26,17:26,158.3,6.5,8.8,10.1,0.0
2026,9,26,17,28,17:28,159.3,5.1,7.1,8.8,0.0
2026,9,26,17,29,17:29,165.4,4.8,7.7,9.5,0.0
2026,9,26,17,32,17:31,163.5,6.0,8.3,10.3,0.0
2026,9,26,17,33,17:33,166.1,6.3,8.2,10.4,0.0
2026,9,26,17,34,17:34,164.5,7.0,9.0,10.4,0.0
2026,9,26,17,36,17:36,160.8,6.9,8.1,9.6,0.0
2026,9,26,17,38,17:38,165.0,6.5,8.0,9.9,0.0
2026,9,26,17,39,17:39,163.6,6.2,8.1,9.7,0.0
2026,9,26,17,42,17:41,163.4,5.1,8.1,9.6,0.0
2026,9,26,17,43,17:43,160.8,6.7,10.0,12.6,0.0
2026,9,26,17,44,17:44,171.8,7.9,10.3,12.9,0.0
2026,9,26,17,47,17:46,163.4,6.3,8.5,10.2,0.0
2026,9,26,17,48,17:48,156.6,6.5,9.1,12.2,0.0
2026,9,26,17,49,17:49,159.7,7.7,9.5,11.1,0.0
2026,9,26,17,51,17:51,166.4,6.8,9.2,11.1,0.0
2026,9,26,17,53,17:53,164.0,6.3,9.3,11.6,0.0
2026,9,26,17,54,17:54,160.0,8.0,9.8,11.2,0.0
2026,9,26,17,57,17:56,163.8,6.7,9.1,11.2,0.0
2026,9,26,17,58,17:58,165.9,6.5,8.8,10.9,0.0
2026,9,26,17,59,17:59,165.7,7.1,8.7,10.2,0.0
2026,9,26,18,1,18:01,163.4,6.5,9.1,12.0,0.0
2026,9,26,18,3,18:03,160.0,7.0,9.1,11.1,0.0
2026,9,26,18,4,18:04,158.6,7.0,9.2,11.1,0.0
2026,9,26,18,6,18:06,161.3,6.3,9.1,11.1,0.0
2026,9,26,18,8,18:08,159.2,8.1,9.8,11.9,0.0
2026,9,26,18,9,18:09,167.0,6.7,9.8,12.0,0.0
2026,9,26,18,11,18:11,163.0,8.0,10.0,11.6,0.0
2026,9,26,18,13,18:13,165.4,8.4,10.3,14.0,0.0
2026,9,26,18,14,18:14,168.0,9.1,11.1,13.3,0.0
2026,9,26,18,17,18:16,161.9,8.3,10.5,12.3,0.0
2026,9,26,18,18,18:18,161.0,6.8,10.4,12.9,0.0
2026,9,26,18,19,18:19,164.7,9.2,10.9,13.1,0.0
2026,9,26,18,22,18:21,177.1,9.7,11.7,14.6,0.0
2026,9,26,18,23,18:23,170.3,8.7,10.9,13.1,0.0
2026,9,26,18,24,18:24,171.2,9.3,11.5,13.4,0.0
2026,9,26,18,27,18:26,166.2,9.4,11.5,14.4,0.0
2026,9,26,18,28,18:28,171.9,8.3,10.5,12.5,0.0
2026,9,26,18,29,18:29,167.2,8.3,10.5,12.9,0.0
2026,9,26,18,31,18:31,168.2,6.9,10.1,12.3,0.0
2026,9,26,18,33,18:33,167.9,8.6,10.9,12.8,0.0
2026,9,26,18,34,18:34,171.1,8.5,10.4,12.3,0.0
2026,9,26,18,36,18:36,168.1,9.4,11.2,12.6,0.0
2026,9,26,18,38,18:38,170.8,8.7,10.8,12.2,0.0
2026,9,26,18,39,18:39,168.9,9.1,10.5,12.2,0.0
2026,9,26,18,41,18:41,173.7,9.1,11.1,12.9,0.0
2026,9,26,18,43,18:43,166.1,9.1,10.5,12.3,0.0
2026,9,26,18,44,18:44,171.5,8.4,10.0,11.7,0.0
2026,9,26,18,46,18:46,169.0,8.8,10.2,11.9,0.0
2026,9,26,18,48,18:48,170.7,8.1,10.3,13.3,0.0
2026,9,26,18,49,18:49,174.3,8.7,10.8,12.6,0.0
2026,9,26,18,51,18:51,168.2,8.6,10.4,12.3,0.0
2026,9,26,18,53,18:53,176.3,8.7,10.7,13.1,0.0
2026,9,26,18,54,18:54,172.0,9.6,11.6,13.4,0.0
2026,9,26,18,57,18:56,171.1,9.9,11.9,14.8,0.0
2026,9,26,18,58,18:58,172.2,8.8,10.1,11.7,0.0
2026,9,26,18,59,18:59,168.6,8.0,10.8,13.6,0.0
2026,9,26,19,1,19:01,168.3,8.8,10.5,12.5,0.0
2026,9,26,19,3,19:03,174.7,8.9,11.0,12.9,0.0
2026,9,26,19,4,19:04,172.6,8.6,11.1,13.1,0.0
2026,9,26,19,7,19:06,173.7,9.1,11.2,13.4,0.0
2026,9,26,19,8,19:08,174.1,9.2,10.5,12.6,0.0
2026,9,26,19,9,19:09,172.3,9.2,11.1,12.9,0.0
2026,9,26,19,11,19:11,173.8,8.6,10.3,12.5,0.0
2026,9,26,19,13,19:13,168.7,8.5,10.8,13.1,0.0
2026,9,26,19,14,19:14,172.5,8.5,11.1,13.4,0.0
2026,9,26,19,16,19:16,172.0,9.1,11.0,13.6,0.0
2026,9,26,19,18,19:18,175.5,8.0,10.0,12.0,0.0
2026,9,26,19,19,19:19,174.1,8.5,10.3,12.2,0.0
2026,9,26,19,22,19:21,172.5,8.3,10.2,12.8,0.0
2026,9,26,19,23,19:23,173.4,9.3,11.4,12.9,0.0
2026,9,26,19,24,19:24,173.5,8.8,11.0,13.3,0.0
2026,9,26,19,27,19:26,169.7,8.3,10.0,11.7,0.0
2026,9,26,19,28,19:28,165.5,7.7,10.3,12.6,0.0
2026,9,26,19,29,19:29,169.6,8.7,10.2,12.8,0.0
2026,9,26,19,32,19:31,169.6,9.9,11.5,12.9,0.0
2026,9,26,19,33,19:33,168.6,7.6,10.1,13.1,0.0
2026,9,26,19,34,19:34,170.5,9.5,11.2,14.0,0.0
2026,9,26,19,37,19:36,170.4,9.9,11.2,12.8,0.0
2026,9,26,19,38,19:38,173.8,8.8,10.9,13.3,0.0
2026,9,26,19,39,19:39,173.2,9.0,11.1,13.6,0.0
2026,9,26,19,41,19:41,169.6,9.1,10.9,12.5,0.0
2026,9,26,19,43,19:43,171.3,9.1,10.3,11.7,0.0
2026,9,26,19,44,19:44,177.2,9.0,10.7,12.2,0.0
2026,9,26,19,46,19:46,166.4,8.4,11.0,14.0,0.0
2026,9,26,19,48,19:48,170.6,8.0,10.0,12.9,0.0
2026,9,26,19,49,19:49,170.2,8.8,11.2,13.1,0.0
2026,9,26,19,51,19:51,174.3,9.4,11.2,13.3,0.0
2026,9,26,19,53,19:53,175.9,8.9,10.8,12.9,0.0
2026,9,26,19,54,19:54,175.3,9.3,11.0,12.6,0.0
2026,9,26,19,57,19:56,177.2,8.5,11.0,13.6,0.0
2026,9,26,19,58,19:58,174.7,9.3,10.9,12.5,0.0
2026,9,26,19,59,19:59,168.5,8.5,10.2,12.5,0.0
2026,9,26,20,2,20:01,169.3,8.7,11.1,13.6,0.0
2026,9,26,20,3,20:03,168.1,9.7,11.5,13.4,0.0
2026,9,26,20,4,20:04,170.9,9.3,11.2,13.1,0.0
2026,9,26,20,7,20:06,169.4,10.3,12.2,14.4,0.0
2026,9,26,20,8,20:08,167.7,7.7,10.7,13.4,0.0
2026,9,26,20,9,20:09,172.6,9.9,12.5,15.9,0.0
2026,9,26,20,11,20:11,173.9,10.0,11.9,14.4,0.0
2026,9,26,20,13,20:13,177.9,9.7,12.3,15.9,0.0
2026,9,26,20,14,20:14,174.5,10.1,12.0,14.0,0.0
2026,9,26,20,16,20:16,171.7,10.3,12.6,15.9,0.0
2026,9,26,20,18,20:18,176.2,10.1,12.6,15.9,0.0
2026,9,26,20,19,20:19,173.0,9.6,12.9,15.9,0.0
2026,9,26,20,21,20:21,177.5,11.4,13.8,15.9,0.0
2026,9,26,20,23,20:23,178.3,9.6,12.0,14.4,0.0
2026,9,26,20,24,20:24,177.5,10.3,12.3,14.6,0.0
2026,9,26,20,26,20:26,180.8,10.5,13.4,15.7,0.0
2026,9,26,20,28,20:28,179.8,10.3,12.5,15.0,0.0
2026,9,26,20,29,20:29,181.7,9.8,12.0,13.6,0.0
2026,9,26,20,32,20:31,177.8,10.8,12.8,15.0,0.0
2026,9,26,20,33,20:33,178.1,11.0,14.0,17.5,0.0
2026,9,26,20,34,20:34,186.7,10.7,12.9,14.6,0.0
2026,9,26,20,37,20:36,206.7,8.5,10.9,12.5,0.0
2026,9,26,20,38,20:38,205.8,8.1,10.3,12.3,0.0
2026,9,26,20,39,20:39,199.7,7.4,9.5,11.4,0.0
2026,9,26,20,42,20:41,203.0,6.9,9.0,11.6,0.0
2026,9,26,20,43,20:43,206.1,8.5,10.3,12.8,0.0
2026,9,26,20,44,20:44,201.3,9.5,11.6,14.2,0.0
2026,9,26,20,46,20:46,203.4,8.8,10.1,11.9,0.0
2026,9,26,20,48,20:48,201.6,9.1,11.4,13.1,0.0
2026,9,26,20,49,20:49,203.6,8.8,10.9,14.2,0.0
2026,9,26,20,52,20:51,201.8,8.9,10.7,12.8,0.0
2026,9,26,20,53,20:53,203.2,9.0,10.9,12.5,0.0
2026,9,26,20,54,20:54,205.8,9.2,10.8,12.8,0.0
2026,9,26,20,57,20:56,200.2,8.1,10.7,12.5,0.0
2026,9,26,20,58,20:58,199.1,8.5,10.8,12.3,0.0
2026,9,26,20,59,20:59,198.4,9.1,11.0,12.6,0.0
2026,9,26,21,1,21:01,200.2,8.5,10.1,11.9,0.0
2026,9,26,21,3,21:03,198.7,9.1,10.8,12.6,0.0
2026,9,26,21,4,21:04,203.7,9.0,10.3,11.9,0.0
2026,9,26,21,6,21:06,204.0,8.4,9.9,11.2,0.0
2026,9,26,21,8,21:08,205.9,7.5,8.9,10.1,0.0
2026,9,26,21,9,21:09,202.3,7.2,8.7,9.8,0.0
2026,9,26,21,11,21:11,205.2,6.9,8.3,9.9,0.0
2026,9,26,21,13,21:13,203.8,6.7,8.2,9.8,0.0
2026,9,26,21,14,21:14,202.3,6.7,8.0,8.9,0.0
2026,9,26,21,16,21:16,208.9,6.3,8.0,9.1,0.0
2026,9,26,21,18,21:18,207.3,7.2,8.8,10.0,0.0
2026,9,26,21,19,21:19,202.0,6.9,8.3,9.3,0.0
2026,9,26,21,22,21:21,207.3,6.8,8.0,9.3,0.0
2026,9,26,21,23,21:23,205.8,6.1,7.7,9.2,0.0
2026,9,26,21,24,21:24,203.6,5.8,7.0,8.8,0.0
2026,9,26,21,27,21:26,207.5,6.4,7.4,8.6,0.0
2026,9,26,21,28,21:28,203.4,6.1,7.1,8.0,0.0
2026,9,26,21,29,21:29,202.0,6.3,7.0,7.7,0.0
2026,9,26,21,31,21:31,205.3,5.6,7.2,8.6,0.0
2026,9,26,21,33,21:33,211.9,5.0,6.2,7.2,0.0
2026,9,26,21,34,21:34,210.0,4.9,5.7,6.7,0.0
2026,9,26,21,36,21:36,211.5,5.2,6.1,7.1,0.0
2026,9,26,21,38,21:38,200.0,5.2,6.1,8.0,0.0
2026,9,26,21,39,21:39,201.2,6.2,7.5,8.8,0.0
2026,9,26,21,41,21:41,204.2,6.9,7.8,8.8,0.0
2026,9,26,21,43,21:43,203.3,5.8,7.1,8.2,0.0
2026,9,26,21,44,21:44,208.1,6.0,7.0,8.5,0.0
2026,9,26,21,47,21:46,207.1,6.1,7.7,9.5,0.0
2026,9,26,21,48,21:48,205.8,6.1,8.5,10.5,0.0
2026,9,26,21,49,21:49,202.6,7.3,8.8,10.3,0.0
2026,9,26,21,51,21:51,205.2,7.5,8.9,10.8,0.0
2026,9,26,21,53,21:53,206.0,6.8,9.1,11.0,0.0
2026,9,26,21,54,21:54,202.0,7.8,9.3,11.0,0.0
2026,9,26,21,57,21:56,205.8,8.6,10.1,11.5,0.0
2026,9,26,21,58,21:58,210.5,6.5,7.9,9.1,0.0
2026,9,26,21,59,21:59,210.9,6.6,8.1,9.1,0.0
2026,9,26,22,2,22:01,207.8,7.2,8.5,9.7,0.0
2026,9,26,22,3,22:03,205.3,6.5,8.0,9.2,0.0
2026,9,26,22,4,22:04,204.4,6.5,7.9,9.0,0.0
2026,9,26,22,6,22:06,201.7,8.0,9.9,11.5,0.0
2026,9,26,22,8,22:08,196.2,7.7,9.3,11.1,0.0
2026,9,26,22,9,22:09,198.5,6.6,9.6,11.5,0.0
2026,9,26,22,11,22:11,205.5,8.0,9.4,11.2,0.0
2026,9,26,22,13,22:13,200.4,6.8,8.4,9.4,0.0
2026,9,26,22,14,22:14,201.3,6.5,7.7,9.4,0.0
2026,9,26,22,16,22:16,201.8,6.8,7.8,9.6,0.0
2026,9,26,22,18,22:18,201.4,6.8,8.0,9.8,0.0
2026,9,26,22,19,22:19,203.7,7.0,8.3,9.7,0.0
2026,9,26,22,21,22:21,200.2,7.1,8.5,10.9,0.0
2026,9,26,22,23,22:23,209.9,6.7,8.4,10.9,0.0
2026,9,26,22,24,22:24,210.0,6.4,8.6,12.3,0.0
2026,9,26,22,26,22:26,204.5,7.5,9.1,11.1,0.0
2026,9,26,22,28,22:28,214.4,7.3,8.9,10.5,0.0
2026,9,26,22,29,22:29,208.5,7.2,9.0,10.5,0.0
2026,9,26,22,32,22:31,210.0,8.4,10.2,11.7,0.0
2026,9,26,22,33,22:33,213.5,7.1,8.7,10.8,0.0
2026,9,26,22,34,22:34,210.0,7.4,9.6,12.0,0.0
2026,9,26,22,37,22:36,209.7,6.7,7.9,9.2,0.0
2026,9,26,22,38,22:38,213.7,7.2,8.1,9.4,0.0
2026,9,26,22,39,22:39,212.5,6.1,7.4,8.3,0.0
2026,9,26,22,42,22:41,211.2,6.7,8.3,9.6,0.0
2026,9,26,22,43,22:43,214.1,6.7,8.3,9.7,0.0
2026,9,26,22,44,22:44,214.2,6.6,8.0,9.4,0.0
2026,9,26,22,46,22:46,211.0,6.2,8.3,10.2,0.0
2026,9,26,22,48,22:48,216.8,6.8,8.2,9.9,0.0
2026,9,26,22,49,22:49,220.2,6.7,8.5,10.5,0.0
2026,9,26,22,52,22:51,213.0,6.2,7.3,8.5,0.0
2026,9,26,22,53,22:53,217.8,6.7,8.0,9.6,0.0
2026,9,26,22,54,22:54,220.4,6.6,7.7,8.8,0.0
2026,9,26,22,56,22:56,211.9,6.4,7.5,8.3,0.0
2026,9,26,22,58,22:58,222.5,6.4,7.7,9.1,0.0
2026,9,26,22,59,22:59,220.9,6.4,7.4,8.5,0.0
2026,9,26,23,2,23:01,218.4,6.9,7.6,9.0,0.0
2026,9,26,23,3,23:03,216.0,6.2,7.6,9.0,0.0
2026,9,26,23,4,23:04,217.6,5.2,7.0,8.8,0.0
2026,9,26,23,6,23:06,216.4,5.9,6.9,8.6,0.0
2026,9,26,23,8,23:08,217.6,5.6,6.9,8.5,0.0
2026,9,26,23,9,23:09,215.1,5.3,7.7,9.2,0.0
2026,9,26,23,11,23:11,213.3,5.7,7.3,8.8,0.0
2026,9,26,23,13,23:13,212.0,5.6,6.6,8.1,0.0
2026,9,26,23,14,23:14,214.0,6.7,8.5,9.8,0.0
2026,9,26,23,17,23:16,217.9,7.0,8.5,10.1,0.0
2026,9,26,23,18,23:18,214.7,5.8,7.3,9.0,0.0
2026,9,26,23,19,23:19,213.9,4.6,5.9,7.2,0.0
2026,9,26,23,21,23:21,213.5,5.8,7.4,9.4,0.0
2026,9,26,23,23,23:23,210.3,5.1,6.5,9.2,0.0
2026,9,26,23,24,23:24,210.5,6.3,7.8,9.1,0.0
2026,9,26,23,26,23:26,213.9,6.8,7.7,9.1,0.0
2026,9,26,23,28,23:28,216.4,5.5,6.3,7.3,0.0
2026,9,26,23,29,23:29,212.9,5.9,6.8,8.0,0.0
2026,9,26,23,32,23:31,218.9,5.9,6.7,7.5,0.0
2026,9,26,23,33,23:33,216.4,5.3,6.9,9.1,0.0
2026,9,26,23,34,23:34,218.7,6.8,7.9,8.8,0.0
2026,9,26,23,37,23:36,224.3,5.7,7.0,9.3,0.0
2026,9,26,23,38,23:38,220.2,4.3,6.3,8.0,0.0
2026,9,26,23,39,23:39,225.3,4.9,6.6,8.0,0.0
2026,9,26,23,41,23:41,223.5,4.4,5.8,6.9,0.0
2026,9,26,23,43,23:43,219.4,4.2,6.0,8.0,0.0
2026,9,26,23,44,23:44,227.6,4.4,6.1,7.8,0.0
2026,9,26,23,47,23:46,228.0,4.3,6.0,7.5,0.0
2026,9,26,23,48,23:48,223.6,3.8,5.0,6.4,0.0
2026,9,26,23,49,23:49,226.4,3.9,5.1,6.6,0.0
2026,9,26,23,52,23:51,225.9,4.4,5.3,6.4,0.0
2026,9,26,23,53,23:53,228.7,4.8,5.7,6.9,0.0
2026,9,26,23,54,23:54,224.8,4.1,5.0,6.5,0.0
2026,9,26,23,57,23:56,223.6,4.3,5.7,8.1,0.0
2026,9,26,23,58,23:58,224.0,4.1,5.6,6.7,0.0
2026,9,26,23,59,23:59,240.2,4.5,5.5,7.1,0.0
