# Helsinki Laru (dlarah.org Lauttasaari) 2026-09-16 Suomen aikaa — lähteen Laru_2026-259.txt sellaisenaan
# vuosi kk pv kirjoitus-h kirjoitus-min hh:mm suunta min ka max lämpötila (asemalla ei mittaria)
2026,9,16,0,1,00:00,145.3,0.6,1.1,2.2,0.0
2026,9,16,0,3,00:02,150.9,0.9,1.8,2.9,0.0
2026,9,16,0,4,00:03,160.6,0.8,1.8,3.7,0.0
2026,9,16,0,7,00:06,153.8,1.1,2.4,3.9,0.0
2026,9,16,0,8,00:07,154.6,0.8,1.6,2.6,0.0
2026,9,16,0,9,00:08,155.4,1.0,2.0,3.4,0.0
2026,9,16,0,11,00:10,158.7,0.0,0.9,1.8,0.0
2026,9,16,0,13,00:12,151.9,0.3,1.2,2.5,0.0
2026,9,16,0,14,00:13,163.6,0.6,1.4,2.3,0.0
2026,9,16,0,17,00:16,158.2,1.0,1.6,2.2,0.0
2026,9,16,0,18,00:17,151.1,0.0,0.8,1.7,0.0
2026,9,16,0,19,00:18,141.4,0.0,0.3,0.9,0.0
2026,9,16,0,21,00:20,162.6,0.5,2.1,3.4,0.0
2026,9,16,0,23,00:22,159.5,1.1,2.0,3.1,0.0
2026,9,16,0,24,00:23,154.3,1.2,2.3,3.7,0.0
2026,9,16,0,27,00:25,152.5,1.1,2.0,3.3,0.0
2026,9,16,0,28,00:27,175.0,0.7,1.0,1.3,0.0
2026,9,16,0,29,00:28,159.2,0.0,1.2,2.3,0.0
2026,9,16,0,32,00:31,156.4,0.8,1.7,2.6,0.0
2026,9,16,0,33,00:32,162.2,1.0,2.0,3.4,0.0
2026,9,16,0,34,00:33,160.0,1.3,2.0,3.2,0.0
2026,9,16,0,36,00:35,155.5,1.8,3.0,4.3,0.0
2026,9,16,0,38,00:37,158.4,1.0,2.2,3.4,0.0
2026,9,16,0,39,00:38,153.1,1.7,2.4,3.3,0.0
2026,9,16,0,41,00:40,162.6,0.8,1.6,2.6,0.0
2026,9,16,0,43,00:42,158.1,1.8,2.7,4.1,0.0
2026,9,16,0,44,00:43,163.1,1.5,3.0,3.8,0.0
2026,9,16,0,46,00:45,159.4,1.7,3.6,5.1,0.0
2026,9,16,0,48,00:47,161.7,1.6,3.2,4.3,0.0
2026,9,16,0,49,00:48,172.1,2.8,4.3,5.7,0.0
2026,9,16,0,51,00:50,157.9,2.9,5.1,6.7,0.0
2026,9,16,0,53,00:52,161.3,2.9,4.5,6.0,0.0
2026,9,16,0,54,00:53,158.2,1.5,2.9,4.0,0.0
2026,9,16,0,57,00:56,157.0,2.2,3.2,4.2,0.0
2026,9,16,0,58,00:57,151.6,1.9,3.1,3.9,0.0
2026,9,16,0,59,00:58,161.7,1.6,3.1,4.2,0.0
2026,9,16,1,1,01:00,155.5,0.5,1.5,2.7,0.0
2026,9,16,1,3,01:02,164.0,2.8,3.9,4.7,0.0
2026,9,16,1,4,01:03,159.3,1.5,3.0,3.9,0.0
2026,9,16,1,7,01:06,166.8,3.1,4.0,4.7,0.0
2026,9,16,1,8,01:07,159.9,2.7,3.8,5.2,0.0
2026,9,16,1,9,01:08,162.7,2.7,3.7,5.1,0.0
2026,9,16,1,11,01:10,161.7,3.5,4.3,4.9,0.0
2026,9,16,1,13,01:12,163.8,3.7,4.6,5.3,0.0
2026,9,16,1,14,01:13,153.1,3.2,4.4,5.4,0.0
2026,9,16,1,16,01:15,159.0,3.6,4.6,5.5,0.0
2026,9,16,1,18,01:17,168.2,4.5,5.2,5.8,0.0
2026,9,16,1,19,01:18,163.5,3.8,4.7,5.5,0.0
2026,9,16,1,22,01:21,158.3,3.6,4.8,5.9,0.0
2026,9,16,1,23,01:22,155.6,3.6,5.4,6.8,0.0
2026,9,16,1,24,01:23,154.2,3.2,4.9,6.1,0.0
2026,9,16,1,27,01:26,165.9,3.2,5.1,6.3,0.0
2026,9,16,1,28,01:27,166.7,4.1,5.3,6.2,0.0
2026,9,16,1,29,01:28,168.6,4.6,5.3,5.9,0.0
2026,9,16,1,32,01:31,169.8,3.6,4.9,6.2,0.0
2026,9,16,1,33,01:32,160.0,3.7,4.9,5.7,0.0
2026,9,16,1,34,01:33,161.8,4.2,5.4,6.4,0.0
2026,9,16,1,36,01:35,165.5,3.8,5.4,6.5,0.0
2026,9,16,1,38,01:37,164.0,3.9,5.4,6.7,0.0
2026,9,16,1,39,01:38,173.8,5.1,5.9,6.5,0.0
2026,9,16,1,41,01:40,174.2,5.5,6.0,6.7,0.0
2026,9,16,1,43,01:42,175.1,5.4,6.2,7.2,0.0
2026,9,16,1,44,01:43,182.0,5.7,6.2,6.8,0.0
2026,9,16,1,47,01:46,180.0,5.2,6.1,6.7,0.0
2026,9,16,1,48,01:47,180.0,4.9,5.8,6.5,0.0
2026,9,16,1,49,01:48,171.8,4.7,5.5,6.3,0.0
2026,9,16,1,51,01:50,175.7,5.1,5.9,6.7,0.0
2026,9,16,1,53,01:52,177.2,5.2,5.6,6.5,0.0
2026,9,16,1,54,01:53,176.4,5.0,6.3,7.2,0.0
2026,9,16,1,56,01:55,180.6,5.5,6.0,6.5,0.0
2026,9,16,1,58,01:57,180.1,4.9,6.0,7.0,0.0
2026,9,16,1,59,01:58,176.6,5.2,6.1,7.2,0.0
2026,9,16,2,2,02:01,186.5,5.4,6.4,7.1,0.0
2026,9,16,2,3,02:02,190.2,5.0,5.8,6.8,0.0
2026,9,16,2,4,02:03,188.9,4.9,6.4,7.6,0.0
2026,9,16,2,6,02:05,191.6,5.1,6.0,7.2,0.0
2026,9,16,2,8,02:07,181.2,5.2,6.2,6.8,0.0
2026,9,16,2,9,02:08,184.8,5.4,6.2,6.8,0.0
2026,9,16,2,12,02:11,182.3,4.8,5.6,6.3,0.0
2026,9,16,2,13,02:12,184.9,5.0,5.8,6.4,0.0
2026,9,16,2,14,02:13,186.7,5.0,5.7,6.3,0.0
2026,9,16,2,17,02:16,186.1,5.2,6.1,7.1,0.0
2026,9,16,2,18,02:17,180.0,5.5,6.3,7.2,0.0
2026,9,16,2,19,02:18,182.2,4.9,5.7,6.8,0.0
2026,9,16,2,22,02:21,184.3,5.5,6.5,7.3,0.0
2026,9,16,2,23,02:22,184.5,6.0,6.7,7.2,0.0
2026,9,16,2,24,02:23,185.0,5.1,6.3,7.1,0.0
2026,9,16,2,26,02:25,182.9,5.2,5.9,6.5,0.0
2026,9,16,2,28,02:27,183.6,4.9,6.1,6.7,0.0
2026,9,16,2,29,02:28,186.4,5.0,5.7,7.1,0.0
2026,9,16,2,31,02:30,182.5,5.1,6.2,7.2,0.0
2026,9,16,2,33,02:32,182.1,5.3,6.2,6.9,0.0
2026,9,16,2,34,02:33,179.9,5.2,6.3,7.5,0.0
2026,9,16,2,36,02:35,180.7,5.3,6.1,6.8,0.0
2026,9,16,2,38,02:37,176.1,5.6,6.5,7.5,0.0
2026,9,16,2,39,02:38,174.9,5.3,6.3,7.1,0.0
2026,9,16,2,42,02:41,177.3,5.7,6.3,7.0,0.0
2026,9,16,2,43,02:42,181.7,5.7,6.2,6.7,0.0
2026,9,16,2,44,02:43,176.9,5.0,6.1,6.9,0.0
2026,9,16,2,47,02:46,175.4,5.1,6.1,7.5,0.0
2026,9,16,2,48,02:47,173.1,5.2,6.3,7.3,0.0
2026,9,16,2,49,02:48,165.9,4.7,5.9,7.1,0.0
2026,9,16,2,51,02:50,170.5,5.6,6.4,7.0,0.0
2026,9,16,2,53,02:52,174.2,4.6,5.7,6.8,0.0
2026,9,16,2,54,02:53,165.8,5.0,5.9,7.1,0.0
2026,9,16,2,56,02:55,171.2,5.8,6.4,7.0,0.0
2026,9,16,2,58,02:57,170.2,5.6,6.6,7.4,0.0
2026,9,16,2,59,02:58,172.2,5.6,6.8,7.6,0.0
2026,9,16,3,2,03:01,167.2,4.6,6.0,7.0,0.0
2026,9,16,3,3,03:02,170.1,5.6,6.7,7.6,0.0
2026,9,16,3,4,03:03,170.4,5.8,6.5,7.0,0.0
2026,9,16,3,6,03:05,172.8,6.3,6.9,7.4,0.0
2026,9,16,3,8,03:07,175.5,5.8,6.7,7.5,0.0
2026,9,16,3,9,03:08,173.8,5.5,6.4,7.3,0.0
2026,9,16,3,11,03:10,170.2,6.2,6.9,7.9,0.0
2026,9,16,3,13,03:12,180.8,5.8,7.0,8.3,0.0
2026,9,16,3,14,03:13,177.3,5.8,7.0,8.0,0.0
2026,9,16,3,16,03:15,171.4,6.3,7.4,8.3,0.0
2026,9,16,3,18,03:17,177.5,6.0,7.1,8.3,0.0
2026,9,16,3,19,03:18,171.7,6.3,7.3,8.1,0.0
2026,9,16,3,22,03:21,178.3,6.1,7.3,8.3,0.0
2026,9,16,3,23,03:22,175.2,5.0,6.6,7.5,0.0
2026,9,16,3,24,03:23,172.5,5.9,7.2,8.2,0.0
2026,9,16,3,26,03:25,171.0,6.0,7.6,8.9,0.0
2026,9,16,3,28,03:27,169.0,5.7,7.1,8.1,0.0
2026,9,16,3,29,03:28,169.7,6.2,6.9,7.7,0.0
2026,9,16,3,31,03:30,164.7,4.2,6.5,7.6,0.0
2026,9,16,3,33,03:32,162.4,6.1,7.3,8.4,0.0
2026,9,16,3,34,03:33,166.4,6.0,6.9,8.1,0.0
2026,9,16,3,37,03:36,166.2,4.8,6.5,8.5,0.0
2026,9,16,3,38,03:37,159.4,5.5,6.8,8.1,0.0
2026,9,16,3,39,03:38,167.6,6.2,7.4,8.4,0.0
2026,9,16,3,42,03:41,160.3,5.2,6.5,8.2,0.0
2026,9,16,3,43,03:42,161.6,5.5,6.7,8.0,0.0
2026,9,16,3,44,03:43,166.1,6.2,7.1,8.3,0.0
2026,9,16,3,47,03:46,170.6,5.2,6.7,8.3,0.0
2026,9,16,3,48,03:47,167.2,4.9,6.5,9.1,0.0
2026,9,16,3,49,03:48,163.4,4.3,5.9,7.1,0.0
2026,9,16,3,52,03:51,159.5,5.2,7.0,8.3,0.0
2026,9,16,3,53,03:52,157.9,5.1,6.7,8.0,0.0
2026,9,16,3,54,03:53,163.0,5.3,6.8,8.3,0.0
2026,9,16,3,57,03:56,158.7,4.4,6.5,8.1,0.0
2026,9,16,3,58,03:57,160.5,5.6,7.4,8.4,0.0
2026,9,16,3,59,03:58,164.2,5.2,6.5,7.8,0.0
2026,9,16,4,2,04:01,164.5,4.4,6.6,8.9,0.0
2026,9,16,4,3,04:02,167.9,6.1,7.3,8.8,0.0
2026,9,16,4,5,04:03,167.3,5.8,8.0,9.2,0.0
2026,9,16,4,6,04:05,165.9,6.3,7.6,8.9,0.0
2026,9,16,4,8,04:07,167.6,5.7,7.6,8.8,0.0
2026,9,16,4,9,04:08,165.3,5.9,7.0,8.3,0.0
2026,9,16,4,11,04:10,167.6,6.8,7.8,9.5,0.0
2026,9,16,4,13,04:12,172.3,6.8,7.6,8.4,0.0
2026,9,16,4,14,04:13,173.0,6.4,7.6,8.6,0.0
2026,9,16,4,17,04:16,174.5,7.2,8.9,9.7,0.0
2026,9,16,4,18,04:17,172.4,7.0,8.1,9.5,0.0
2026,9,16,4,19,04:18,179.8,6.7,7.8,8.8,0.0
2026,9,16,4,21,04:20,171.6,7.4,8.5,10.0,0.0
2026,9,16,4,23,04:22,175.3,6.9,8.3,9.4,0.0
2026,9,16,4,24,04:23,176.8,6.8,7.7,8.7,0.0
2026,9,16,4,26,04:25,173.7,6.6,7.5,9.0,0.0
2026,9,16,4,28,04:27,176.7,6.5,7.7,8.7,0.0
2026,9,16,4,29,04:28,172.1,6.8,8.1,9.1,0.0
2026,9,16,4,31,04:30,166.9,6.2,7.4,8.7,0.0
2026,9,16,4,33,04:32,166.4,5.5,7.1,8.0,0.0
2026,9,16,4,34,04:33,165.7,5.0,6.6,7.9,0.0
2026,9,16,4,36,04:35,162.7,4.5,7.0,9.0,0.0
2026,9,16,4,38,04:37,170.2,6.5,8.2,9.4,0.0
2026,9,16,4,39,04:38,166.1,6.9,8.2,9.4,0.0
2026,9,16,4,41,04:40,165.4,5.7,7.4,8.4,0.0
2026,9,16,4,43,04:42,167.4,4.5,7.1,8.2,0.0
2026,9,16,4,44,04:43,163.5,4.6,6.9,8.5,0.0
2026,9,16,4,47,04:46,169.5,6.7,7.9,8.9,0.0
2026,9,16,4,48,04:47,167.6,6.3,7.4,8.7,0.0
2026,9,16,4,49,04:48,170.2,6.2,7.0,7.7,0.0
2026,9,16,4,51,04:50,172.5,6.5,7.5,8.1,0.0
2026,9,16,4,53,04:52,169.2,6.2,7.0,7.7,0.0
2026,9,16,4,54,04:53,171.6,5.9,6.6,7.5,0.0
2026,9,16,4,56,04:55,169.1,6.0,6.8,7.7,0.0
2026,9,16,4,58,04:57,173.5,5.7,6.8,7.8,0.0
2026,9,16,4,59,04:58,176.2,6.3,7.1,8.1,0.0
2026,9,16,5,2,05:01,172.0,5.7,6.8,8.2,0.0
2026,9,16,5,3,05:02,172.0,5.7,6.6,7.7,0.0
2026,9,16,5,4,05:03,173.2,6.7,7.8,8.7,0.0
2026,9,16,5,6,05:05,173.8,5.7,7.0,8.2,0.0
2026,9,16,5,8,05:07,171.7,5.6,6.4,7.1,0.0
2026,9,16,5,9,05:08,175.8,5.6,6.8,8.1,0.0
2026,9,16,5,11,05:10,172.6,6.0,7.1,7.8,0.0
2026,9,16,5,13,05:12,169.8,6.2,7.3,8.1,0.0
2026,9,16,5,14,05:13,171.4,6.8,7.4,8.2,0.0
2026,9,16,5,16,05:15,172.1,5.6,7.3,8.2,0.0
2026,9,16,5,18,05:17,176.3,5.8,6.7,7.7,0.0
2026,9,16,5,19,05:18,172.7,6.5,7.2,8.0,0.0
2026,9,16,5,22,05:21,177.9,6.0,7.4,8.9,0.0
2026,9,16,5,23,05:22,176.3,5.4,6.7,7.7,0.0
2026,9,16,5,24,05:23,173.9,5.5,6.4,7.3,0.0
2026,9,16,5,26,05:25,179.7,6.2,8.0,9.1,0.0
2026,9,16,5,28,05:27,175.8,6.8,8.0,9.3,0.0
2026,9,16,5,29,05:28,177.5,6.7,7.7,8.3,0.0
2026,9,16,5,32,05:31,174.9,6.2,7.1,8.0,0.0
2026,9,16,5,33,05:32,178.6,5.9,7.2,8.5,0.0
2026,9,16,5,34,05:33,173.6,6.8,7.9,8.7,0.0
2026,9,16,5,36,05:35,173.5,6.7,7.8,9.1,0.0
2026,9,16,5,38,05:37,176.8,6.4,7.5,8.5,0.0
2026,9,16,5,39,05:38,176.1,7.1,8.3,9.4,0.0
2026,9,16,5,41,05:40,173.1,6.9,7.8,8.9,0.0
2026,9,16,5,43,05:42,172.9,6.3,7.7,9.2,0.0
2026,9,16,5,44,05:43,176.5,7.0,8.0,9.1,0.0
2026,9,16,5,46,05:45,175.3,6.5,7.8,9.1,0.0
2026,9,16,5,48,05:47,173.8,6.3,7.1,8.1,0.0
2026,9,16,5,49,05:48,173.3,7.0,8.0,8.7,0.0
2026,9,16,5,52,05:51,173.9,6.1,7.6,8.8,0.0
2026,9,16,5,53,05:52,179.1,6.8,7.8,8.8,0.0
2026,9,16,5,54,05:53,169.9,6.5,7.4,8.3,0.0
2026,9,16,5,56,05:55,169.7,6.6,7.8,9.4,0.0
2026,9,16,5,58,05:57,169.0,7.0,7.6,8.4,0.0
2026,9,16,5,59,05:58,170.5,6.5,8.2,9.4,0.0
2026,9,16,6,1,06:01,178.7,6.3,7.4,8.7,0.0
2026,9,16,6,3,06:02,180.8,6.8,7.8,8.8,0.0
2026,9,16,6,4,06:03,178.8,5.9,7.5,8.8,0.0
2026,9,16,6,6,06:05,168.5,6.9,8.0,9.1,0.0
2026,9,16,6,8,06:07,171.2,7.4,8.5,9.5,0.0
2026,9,16,6,9,06:08,177.3,6.7,8.1,9.2,0.0
2026,9,16,6,12,06:10,170.6,6.2,7.1,8.3,0.0
2026,9,16,6,13,06:12,172.1,6.6,7.8,9.1,0.0
2026,9,16,6,14,06:13,172.1,6.1,7.5,8.8,0.0
2026,9,16,6,17,06:16,170.8,6.0,6.9,8.7,0.0
2026,9,16,6,18,06:17,169.4,7.1,8.0,9.1,0.0
2026,9,16,6,19,06:18,181.4,7.0,8.0,9.0,0.0
2026,9,16,6,21,06:20,175.0,6.4,7.9,9.1,0.0
2026,9,16,6,23,06:22,168.5,6.2,7.6,9.0,0.0
2026,9,16,6,24,06:23,172.3,6.8,7.9,9.0,0.0
2026,9,16,6,26,06:25,174.1,6.3,7.3,8.3,0.0
2026,9,16,6,28,06:27,171.1,5.8,6.5,7.7,0.0
2026,9,16,6,29,06:28,172.9,5.5,7.0,8.2,0.0
2026,9,16,6,32,06:31,171.6,6.7,7.9,9.0,0.0
2026,9,16,6,33,06:32,169.0,6.7,7.8,8.6,0.0
2026,9,16,6,34,06:33,174.6,5.9,7.1,8.3,0.0
2026,9,16,6,36,06:35,168.6,6.0,7.6,8.9,0.0
2026,9,16,6,38,06:37,176.3,6.6,7.6,8.6,0.0
2026,9,16,6,39,06:38,177.3,6.8,7.7,8.5,0.0
2026,9,16,6,41,06:40,169.4,6.7,7.9,9.1,0.0
2026,9,16,6,43,06:42,177.2,7.1,8.3,9.2,0.0
2026,9,16,6,44,06:43,175.9,7.0,8.3,9.8,0.0
2026,9,16,6,47,06:45,178.4,7.5,8.5,9.5,0.0
2026,9,16,6,48,06:47,178.1,6.8,8.0,9.1,0.0
2026,9,16,6,49,06:48,172.5,6.3,7.3,8.1,0.0
2026,9,16,6,51,06:50,177.3,7.5,8.5,9.9,0.0
2026,9,16,6,53,06:52,173.5,7.8,8.8,9.7,0.0
2026,9,16,6,54,06:53,178.6,7.1,8.3,9.0,0.0
2026,9,16,6,56,06:55,177.7,7.1,8.2,9.3,0.0
2026,9,16,6,58,06:57,180.7,6.9,8.1,9.8,0.0
2026,9,16,6,59,06:58,173.7,6.7,7.8,9.1,0.0
2026,9,16,7,1,07:00,173.6,6.8,7.8,9.0,0.0
2026,9,16,7,3,07:02,171.9,6.9,8.0,9.1,0.0
2026,9,16,7,4,07:03,166.4,6.8,8.9,10.5,0.0
2026,9,16,7,6,07:05,173.4,6.1,7.4,8.4,0.0
2026,9,16,7,8,07:07,171.9,7.7,9.5,10.9,0.0
2026,9,16,7,9,07:08,176.2,8.0,9.2,10.8,0.0
2026,9,16,7,12,07:11,178.4,7.3,8.5,10.0,0.0
2026,9,16,7,13,07:12,173.7,7.7,8.9,9.9,0.0
2026,9,16,7,14,07:13,171.4,7.7,8.5,9.7,0.0
2026,9,16,7,17,07:16,172.8,6.7,8.1,10.1,0.0
2026,9,16,7,18,07:17,166.3,7.0,8.7,9.7,0.0
2026,9,16,7,19,07:18,170.5,7.3,8.5,9.6,0.0
2026,9,16,7,21,07:20,170.1,6.3,7.7,9.2,0.0
2026,9,16,7,23,07:22,172.7,6.6,8.0,9.0,0.0
2026,9,16,7,24,07:23,170.9,7.2,8.1,9.1,0.0
2026,9,16,7,26,07:25,172.6,6.6,8.1,9.1,0.0
2026,9,16,7,28,07:27,172.8,4.9,7.7,9.5,0.0
2026,9,16,7,29,07:28,170.1,6.5,8.0,9.8,0.0
2026,9,16,7,31,07:30,170.6,5.7,7.5,8.9,0.0
2026,9,16,7,33,07:32,169.4,7.1,8.5,9.8,0.0
2026,9,16,7,34,07:33,174.7,7.0,8.5,9.8,0.0
2026,9,16,7,36,07:35,170.3,7.4,8.8,9.6,0.0
2026,9,16,7,38,07:37,169.8,7.3,8.8,10.1,0.0
2026,9,16,7,39,07:38,173.1,6.4,8.0,9.1,0.0
2026,9,16,7,41,07:40,172.3,6.8,8.0,9.3,0.0
2026,9,16,7,43,07:42,174.2,7.2,8.7,10.5,0.0
2026,9,16,7,44,07:43,173.4,7.3,8.5,9.8,0.0
2026,9,16,7,47,07:46,172.9,7.1,8.4,9.8,0.0
2026,9,16,7,48,07:47,175.1,6.8,8.4,10.1,0.0
2026,9,16,7,49,07:48,175.3,7.3,9.6,11.4,0.0
2026,9,16,7,51,07:50,171.6,8.1,9.3,10.5,0.0
2026,9,16,7,53,07:52,176.5,6.7,8.0,10.0,0.0
2026,9,16,7,54,07:53,175.3,6.8,8.7,9.7,0.0
2026,9,16,7,56,07:55,178.0,7.7,8.8,10.7,0.0
2026,9,16,7,58,07:57,177.0,7.2,8.5,9.6,0.0
2026,9,16,7,59,07:58,176.7,7.8,9.1,10.7,0.0
2026,9,16,8,2,08:01,175.0,6.2,8.2,9.2,0.0
2026,9,16,8,3,08:02,174.9,7.5,9.2,10.3,0.0
2026,9,16,8,4,08:03,175.1,6.8,8.6,9.7,0.0
2026,9,16,8,6,08:05,176.8,6.5,8.4,10.9,0.0
2026,9,16,8,8,08:07,172.5,7.0,8.5,9.8,0.0
2026,9,16,8,9,08:08,174.9,6.9,8.5,10.1,0.0
2026,9,16,8,11,08:10,182.8,7.5,8.8,9.9,0.0
2026,9,16,8,13,08:12,173.3,7.4,8.6,9.8,0.0
2026,9,16,8,14,08:13,178.9,7.4,8.5,9.9,0.0
2026,9,16,8,16,08:15,178.3,6.6,8.0,9.1,0.0
2026,9,16,8,18,08:17,176.0,7.3,8.3,9.4,0.0
2026,9,16,8,19,08:18,170.1,7.4,8.6,10.0,0.0
2026,9,16,8,21,08:20,174.5,7.0,8.0,9.2,0.0
2026,9,16,8,23,08:22,177.2,7.7,8.7,9.7,0.0
2026,9,16,8,24,08:23,175.3,7.4,8.3,9.4,0.0
2026,9,16,8,26,08:25,171.7,6.9,8.1,9.4,0.0
2026,9,16,8,28,08:27,170.1,6.8,8.3,9.4,0.0
2026,9,16,8,29,08:28,173.5,6.7,8.4,9.5,0.0
2026,9,16,8,32,08:31,170.6,7.2,8.6,10.4,0.0
2026,9,16,8,33,08:32,174.6,7.2,8.7,10.1,0.0
2026,9,16,8,34,08:33,173.3,6.8,8.1,8.9,0.0
2026,9,16,8,36,08:35,168.5,7.2,8.5,9.5,0.0
2026,9,16,8,38,08:37,167.9,6.9,7.8,9.1,0.0
2026,9,16,8,39,08:38,173.4,6.5,8.0,9.4,0.0
2026,9,16,8,41,08:40,170.4,6.2,7.5,8.5,0.0
2026,9,16,8,43,08:42,169.5,6.3,7.7,8.5,0.0
2026,9,16,8,44,08:43,172.3,6.5,8.0,9.1,0.0
2026,9,16,8,46,08:45,172.9,6.9,8.4,9.3,0.0
2026,9,16,8,48,08:47,173.2,6.4,8.0,9.2,0.0
2026,9,16,8,49,08:48,175.0,6.8,7.6,8.7,0.0
2026,9,16,8,51,08:50,175.0,7.8,8.8,10.4,0.0
2026,9,16,8,53,08:52,170.2,6.5,8.1,9.4,0.0
2026,9,16,8,54,08:53,173.7,7.1,8.0,9.3,0.0
2026,9,16,8,57,08:56,175.5,6.8,8.0,9.3,0.0
2026,9,16,8,58,08:57,177.2,6.7,8.3,9.6,0.0
2026,9,16,8,59,08:58,175.0,7.3,8.8,9.8,0.0
2026,9,16,9,2,09:01,174.3,6.6,8.2,9.8,0.0
2026,9,16,9,3,09:02,173.8,7.6,8.5,9.8,0.0
2026,9,16,9,4,09:03,171.1,7.5,8.6,9.6,0.0
2026,9,16,9,7,09:06,173.1,7.2,8.6,10.1,0.0
2026,9,16,9,8,09:07,169.3,6.9,8.5,10.0,0.0
2026,9,16,9,9,09:08,169.4,7.7,9.1,10.4,0.0
2026,9,16,9,11,09:10,171.6,7.1,8.3,9.5,0.0
2026,9,16,9,13,09:12,167.4,6.3,8.8,10.3,0.0
2026,9,16,9,14,09:13,163.4,5.9,8.0,9.1,0.0
2026,9,16,9,17,09:16,161.8,5.9,7.5,9.0,0.0
2026,9,16,9,18,09:17,170.7,6.8,8.3,9.9,0.0
2026,9,16,9,19,09:18,165.6,6.7,8.2,10.0,0.0
2026,9,16,9,22,09:21,163.3,6.1,8.1,9.3,0.0
2026,9,16,9,23,09:22,165.6,6.3,8.3,9.8,0.0
2026,9,16,9,24,09:23,166.9,5.2,7.1,9.0,0.0
2026,9,16,9,27,09:26,168.2,7.3,8.9,10.4,0.0
2026,9,16,9,28,09:27,166.1,7.6,9.1,10.3,0.0
2026,9,16,9,29,09:28,162.9,5.9,8.2,9.7,0.0
2026,9,16,9,31,09:30,167.0,5.9,8.1,9.4,0.0
2026,9,16,9,33,09:32,169.1,7.1,8.3,9.9,0.0
2026,9,16,9,34,09:33,166.5,5.3,8.3,9.9,0.0
2026,9,16,9,36,09:35,160.7,6.0,8.0,9.5,0.0
2026,9,16,9,38,09:37,155.1,5.7,8.3,9.9,0.0
2026,9,16,9,39,09:38,164.9,7.6,9.0,10.5,0.0
2026,9,16,9,41,09:40,159.2,6.3,8.1,9.4,0.0
2026,9,16,9,43,09:42,164.6,5.3,7.8,9.6,0.0
2026,9,16,9,44,09:44,161.7,7.2,8.5,9.7,0.0
2026,9,16,9,46,09:45,165.3,7.0,8.5,9.7,0.0
2026,9,16,9,48,09:47,166.9,4.9,7.6,9.2,0.0
2026,9,16,9,49,09:48,170.9,6.6,8.4,9.6,0.0
2026,9,16,9,52,09:51,170.3,5.1,7.4,8.7,0.0
2026,9,16,9,53,09:52,159.9,4.9,6.9,8.1,0.0
2026,9,16,9,54,09:53,164.5,5.2,7.4,8.5,0.0
2026,9,16,9,57,09:56,166.7,6.0,7.8,9.2,0.0
2026,9,16,9,58,09:57,163.2,6.1,8.2,9.8,0.0
2026,9,16,9,59,09:58,166.9,6.3,7.7,9.0,0.0
2026,9,16,10,1,10:00,168.7,7.1,8.8,10.4,0.0
2026,9,16,10,3,10:02,168.4,5.5,7.7,9.3,0.0
2026,9,16,10,4,10:03,163.8,4.7,7.0,8.5,0.0
2026,9,16,10,7,10:05,165.6,5.3,7.2,8.8,0.0
2026,9,16,10,8,10:07,166.7,5.8,7.8,9.3,0.0
2026,9,16,10,9,10:08,163.4,4.8,7.3,8.6,0.0
2026,9,16,10,11,10:10,165.6,5.2,6.6,8.1,0.0
2026,9,16,10,13,10:12,168.2,5.7,7.4,8.9,0.0
2026,9,16,10,14,10:13,164.7,5.7,8.0,10.0,0.0
2026,9,16,10,16,10:15,164.5,4.8,7.1,8.6,0.0
2026,9,16,10,18,10:17,164.2,5.4,7.0,8.3,0.0
2026,9,16,10,19,10:18,160.3,4.8,6.5,8.0,0.0
2026,9,16,10,22,10:21,167.2,6.5,8.3,9.7,0.0
2026,9,16,10,23,10:22,164.0,6.6,8.0,9.3,0.0
2026,9,16,10,24,10:23,164.2,6.2,7.8,9.0,0.0
2026,9,16,10,27,10:26,161.1,5.8,7.3,8.8,0.0
2026,9,16,10,28,10:27,166.8,5.9,7.5,9.1,0.0
2026,9,16,10,29,10:28,158.4,3.3,7.2,9.4,0.0
2026,9,16,10,32,10:31,157.9,4.4,6.1,7.8,0.0
2026,9,16,10,33,10:32,163.7,4.3,6.5,9.0,0.0
2026,9,16,10,34,10:33,156.6,4.1,6.4,8.1,0.0
2026,9,16,10,36,10:35,161.9,4.1,7.1,8.7,0.0
2026,9,16,10,38,10:37,157.0,4.5,6.5,9.5,0.0
2026,9,16,10,39,10:38,162.1,5.2,6.5,8.2,0.0
2026,9,16,10,42,10:41,155.4,3.5,5.4,7.5,0.0
2026,9,16,10,43,10:42,155.1,1.8,4.5,7.2,0.0
2026,9,16,10,44,10:43,159.9,3.5,5.2,7.4,0.0
2026,9,16,10,47,10:46,163.3,2.9,5.1,7.3,0.0
2026,9,16,10,48,10:47,153.1,4.6,5.8,7.3,0.0
2026,9,16,10,49,10:48,160.8,5.1,6.5,8.3,0.0
2026,9,16,10,51,10:50,164.5,4.4,6.1,7.5,0.0
2026,9,16,10,53,10:52,161.4,2.4,3.9,5.4,0.0
2026,9,16,10,54,10:53,170.6,2.4,4.0,6.1,0.0
2026,9,16,10,57,10:56,164.9,2.7,5.8,7.8,0.0
2026,9,16,10,58,10:57,150.9,3.2,5.6,7.8,0.0
2026,9,16,10,59,10:58,154.1,2.8,5.8,8.4,0.0
2026,9,16,11,2,11:01,165.6,2.9,5.1,7.1,0.0
2026,9,16,11,3,11:02,163.6,2.7,4.0,5.3,0.0
2026,9,16,11,4,11:03,147.2,0.5,2.0,5.1,0.0
2026,9,16,11,6,11:05,156.7,2.9,4.4,6.8,0.0
2026,9,16,11,8,11:07,157.6,2.2,3.9,5.7,0.0
2026,9,16,11,9,11:08,159.2,3.1,4.7,7.7,0.0
2026,9,16,11,11,11:10,168.4,2.5,4.1,5.5,0.0
2026,9,16,11,13,11:12,158.1,2.0,4.2,6.4,0.0
2026,9,16,11,14,11:13,159.7,3.8,5.1,6.6,0.0
2026,9,16,11,16,11:15,156.2,3.8,5.1,6.4,0.0
2026,9,16,11,18,11:17,164.9,4.2,5.7,7.1,0.0
2026,9,16,11,19,11:18,151.8,2.7,4.7,6.4,0.0
2026,9,16,11,22,11:21,164.5,3.5,5.5,7.2,0.0
2026,9,16,11,23,11:22,159.7,4.9,6.0,6.8,0.0
2026,9,16,11,24,11:23,161.9,4.2,5.5,6.9,0.0
2026,9,16,11,26,11:25,161.8,3.3,5.1,6.3,0.0
2026,9,16,11,28,11:27,164.3,4.1,5.8,6.9,0.0
2026,9,16,11,29,11:28,160.6,4.7,6.1,7.4,0.0
2026,9,16,11,32,11:31,157.8,4.1,5.8,6.8,0.0
2026,9,16,11,33,11:32,158.2,4.9,5.9,7.4,0.0
2026,9,16,11,34,11:33,165.4,4.4,6.0,8.1,0.0
2026,9,16,11,36,11:35,162.3,4.2,5.4,7.2,0.0
2026,9,16,11,38,11:37,160.7,5.1,6.3,7.6,0.0
2026,9,16,11,39,11:38,158.1,4.4,5.7,7.3,0.0
2026,9,16,11,41,11:40,157.1,4.2,5.6,7.1,0.0
2026,9,16,11,43,11:42,159.5,2.9,5.6,7.1,0.0
2026,9,16,11,44,11:43,161.9,4.5,5.9,7.4,0.0
2026,9,16,11,47,11:46,158.6,4.4,6.1,7.0,0.0
2026,9,16,11,48,11:47,165.9,4.4,5.9,7.0,0.0
2026,9,16,11,49,11:48,162.3,4.5,5.9,6.8,0.0
2026,9,16,11,51,11:50,171.2,4.8,6.3,7.8,0.0
2026,9,16,11,53,11:52,171.8,6.0,7.0,8.2,0.0
2026,9,16,11,54,11:53,175.0,5.7,6.8,7.5,0.0
2026,9,16,11,56,11:55,178.2,5.8,7.2,8.2,0.0
2026,9,16,11,58,11:57,179.1,6.3,7.1,8.1,0.0
2026,9,16,11,59,11:58,176.7,6.5,7.9,9.1,0.0
2026,9,16,12,1,12:00,179.5,6.1,6.9,7.7,0.0
2026,9,16,12,3,12:02,180.3,6.2,7.4,9.4,0.0
2026,9,16,12,4,12:03,176.3,6.2,7.3,8.3,0.0
2026,9,16,12,6,12:05,179.7,6.3,7.5,8.3,0.0
2026,9,16,12,8,12:07,178.5,6.4,7.1,8.0,0.0
2026,9,16,12,9,12:08,180.8,6.4,7.8,8.8,0.0
2026,9,16,12,11,12:10,183.8,6.6,7.8,8.8,0.0
2026,9,16,12,13,12:12,172.9,6.2,7.8,9.2,0.0
2026,9,16,12,14,12:13,180.8,6.4,7.6,8.9,0.0
2026,9,16,12,16,12:15,178.4,6.3,7.1,8.0,0.0
2026,9,16,12,18,12:17,182.8,6.2,7.3,9.0,0.0
2026,9,16,12,19,12:18,177.1,6.0,7.0,7.9,0.0
2026,9,16,12,21,12:20,176.1,5.5,6.5,7.5,0.0
2026,9,16,12,23,12:22,176.6,5.6,6.7,7.8,0.0
2026,9,16,12,24,12:23,176.2,5.6,6.4,7.2,0.0
2026,9,16,12,27,12:26,180.5,5.2,5.9,6.8,0.0
2026,9,16,12,28,12:27,177.3,5.3,6.0,6.7,0.0
2026,9,16,12,29,12:28,177.9,5.6,6.2,7.0,0.0
2026,9,16,12,32,12:30,179.1,5.4,6.7,8.2,0.0
2026,9,16,12,33,12:32,181.6,6.4,7.4,8.6,0.0
2026,9,16,12,34,12:33,180.7,6.8,8.0,9.1,0.0
2026,9,16,12,36,12:35,184.7,6.6,7.8,8.8,0.0
2026,9,16,12,38,12:37,187.2,5.8,6.9,8.0,0.0
2026,9,16,12,39,12:38,188.0,5.6,7.0,8.1,0.0
2026,9,16,12,42,12:41,182.9,6.6,8.0,9.2,0.0
2026,9,16,12,43,12:42,185.4,6.5,8.0,9.4,0.0
2026,9,16,12,44,12:43,182.4,6.9,8.3,9.3,0.0
2026,9,16,12,46,12:45,187.0,6.8,8.1,9.0,0.0
2026,9,16,12,48,12:47,178.3,6.2,7.3,8.2,0.0
2026,9,16,12,49,12:48,183.2,6.3,7.3,8.4,0.0
2026,9,16,12,51,12:50,180.5,6.2,7.6,8.4,0.0
2026,9,16,12,53,12:53,187.1,5.7,6.5,8.1,0.0
2026,9,16,12,54,12:53,184.1,5.7,6.9,7.9,0.0
2026,9,16,12,56,12:55,182.6,6.7,7.4,8.0,0.0
2026,9,16,12,58,12:57,182.3,5.3,6.7,8.3,0.0
2026,9,16,12,59,12:58,178.8,5.3,7.0,8.1,0.0
2026,9,16,13,1,13:00,183.5,5.2,6.2,7.5,0.0
2026,9,16,13,3,13:02,175.4,5.3,6.2,7.7,0.0
2026,9,16,13,4,13:03,176.9,5.4,6.3,6.9,0.0
2026,9,16,13,6,13:05,176.2,5.4,6.1,6.9,0.0
2026,9,16,13,8,13:07,176.9,5.4,6.6,7.5,0.0
2026,9,16,13,9,13:08,176.8,5.8,6.5,8.1,0.0
2026,9,16,13,11,13:10,183.3,5.9,6.8,7.6,0.0
2026,9,16,13,13,13:12,180.8,5.6,6.5,7.4,0.0
2026,9,16,13,14,13:13,182.8,5.2,6.0,6.9,0.0
2026,9,16,13,16,13:15,180.9,5.4,6.1,6.8,0.0
2026,9,16,13,18,13:17,178.5,4.9,5.4,6.3,0.0
2026,9,16,13,19,13:18,179.4,4.7,5.9,7.0,0.0
2026,9,16,13,21,13:20,185.8,6.4,7.7,9.1,0.0
2026,9,16,13,23,13:22,179.5,5.9,7.2,8.5,0.0
2026,9,16,13,24,13:23,184.5,5.9,7.2,8.5,0.0
2026,9,16,13,26,13:25,177.3,5.9,6.8,7.7,0.0
2026,9,16,13,28,13:27,176.1,6.0,6.8,8.1,0.0
2026,9,16,13,29,13:28,184.2,5.8,7.0,8.5,0.0
2026,9,16,13,32,13:30,180.8,5.8,7.2,8.3,0.0
2026,9,16,13,33,13:32,178.7,6.2,7.0,8.0,0.0
2026,9,16,13,34,13:33,178.0,6.5,7.7,9.9,0.0
2026,9,16,13,36,13:35,184.0,6.9,8.3,9.6,0.0
2026,9,16,13,38,13:37,183.9,6.7,7.3,8.4,0.0
2026,9,16,13,39,13:38,183.2,6.5,7.2,7.8,0.0
2026,9,16,13,41,13:40,178.2,5.4,6.2,6.7,0.0
2026,9,16,13,43,13:42,181.1,6.2,6.9,8.1,0.0
2026,9,16,13,44,13:43,187.5,6.8,8.1,9.4,0.0
2026,9,16,13,47,13:46,177.1,7.0,7.8,8.8,0.0
2026,9,16,13,48,13:47,176.7,6.5,7.4,8.5,0.0
2026,9,16,13,49,13:48,176.0,5.8,7.1,8.9,0.0
2026,9,16,13,51,13:50,177.6,5.7,6.5,7.7,0.0
2026,9,16,13,53,13:52,174.7,6.1,7.1,8.2,0.0
2026,9,16,13,54,13:53,173.9,6.2,7.2,8.5,0.0
2026,9,16,13,56,13:55,170.1,5.8,6.8,7.9,0.0
2026,9,16,13,58,13:57,165.2,5.0,6.6,7.7,0.0
2026,9,16,13,59,13:58,165.1,5.0,6.0,6.9,0.0
2026,9,16,14,2,14:01,161.5,4.6,6.3,7.9,0.0
2026,9,16,14,3,14:02,161.4,4.2,6.2,7.3,0.0
2026,9,16,14,4,14:03,164.3,5.6,6.5,7.5,0.0
2026,9,16,14,7,14:05,159.2,4.6,6.1,7.2,0.0
2026,9,16,14,8,14:07,158.7,4.3,6.2,7.4,0.0
2026,9,16,14,9,14:08,167.5,3.4,5.3,7.3,0.0
2026,9,16,14,11,14:10,158.3,3.9,5.5,6.6,0.0
2026,9,16,14,13,14:12,160.1,4.2,5.6,6.5,0.0
2026,9,16,14,14,14:13,157.4,3.6,4.8,6.5,0.0
2026,9,16,14,17,14:16,157.2,3.6,5.3,6.7,0.0
2026,9,16,14,18,14:17,160.2,4.3,5.6,6.9,0.0
2026,9,16,14,19,14:18,160.9,4.6,6.0,7.5,0.0
2026,9,16,14,21,14:20,156.4,4.5,6.1,7.5,0.0
2026,9,16,14,23,14:22,164.4,5.1,6.2,7.3,0.0
2026,9,16,14,24,14:23,158.4,4.0,5.6,6.8,0.0
2026,9,16,14,26,14:25,160.7,3.3,5.1,6.8,0.0
2026,9,16,14,28,14:27,156.3,3.8,5.4,6.7,0.0
2026,9,16,14,29,14:28,152.7,3.8,5.1,6.6,0.0
2026,9,16,14,32,14:31,152.3,3.5,5.1,7.0,0.0
2026,9,16,14,33,14:32,154.8,2.1,4.4,7.0,0.0
2026,9,16,14,34,14:33,156.9,4.5,6.1,7.8,0.0
2026,9,16,14,36,14:35,159.0,3.9,5.4,7.0,0.0
2026,9,16,14,38,14:37,158.2,3.9,5.3,6.6,0.0
2026,9,16,14,39,14:38,154.4,4.6,5.7,7.7,0.0
2026,9,16,14,41,14:40,159.7,3.9,5.9,8.1,0.0
2026,9,16,14,43,14:42,161.7,2.8,5.2,8.1,0.0
2026,9,16,14,44,14:43,155.3,4.0,5.4,7.0,0.0
2026,9,16,14,46,14:45,157.2,3.1,4.7,6.4,0.0
2026,9,16,14,48,14:47,160.8,3.1,4.6,6.1,0.0
2026,9,16,14,49,14:48,151.7,1.8,3.9,6.0,0.0
2026,9,16,14,51,14:50,156.7,2.2,3.5,5.4,0.0
2026,9,16,14,53,14:52,148.5,2.0,3.1,4.2,0.0
2026,9,16,14,54,14:54,148.7,1.6,3.1,4.6,0.0
2026,9,16,14,57,14:56,154.8,1.7,4.2,6.3,0.0
2026,9,16,14,58,14:57,157.9,2.3,4.1,5.4,0.0
2026,9,16,14,59,14:58,151.7,2.2,4.0,7.4,0.0
2026,9,16,15,1,15:00,149.5,1.5,3.5,4.8,0.0
2026,9,16,15,3,15:02,168.6,1.2,2.7,4.1,0.0
2026,9,16,15,4,15:03,147.9,0.7,2.0,3.3,0.0
2026,9,16,15,6,15:05,150.6,1.1,1.9,3.0,0.0
2026,9,16,15,8,15:07,144.4,0.7,2.5,4.3,0.0
2026,9,16,15,9,15:08,158.9,1.3,2.4,3.5,0.0
2026,9,16,15,11,15:10,158.9,0.9,2.1,3.6,0.0
2026,9,16,15,13,15:12,154.8,0.8,2.0,3.7,0.0
2026,9,16,15,14,15:13,157.1,0.9,1.7,2.7,0.0
2026,9,16,15,16,15:15,149.0,0.4,1.9,4.9,0.0
2026,9,16,15,18,15:17,140.3,0.8,2.8,5.0,0.0
2026,9,16,15,19,15:18,144.4,1.1,2.4,4.2,0.0
2026,9,16,15,21,15:20,142.2,0.8,1.8,2.9,0.0
2026,9,16,15,23,15:22,159.7,0.5,2.0,5.2,0.0
2026,9,16,15,24,15:23,142.4,0.0,1.4,3.9,0.0
2026,9,16,15,26,15:25,156.9,1.0,1.7,3.6,0.0
2026,9,16,15,28,15:27,160.8,0.4,1.4,2.9,0.0
2026,9,16,15,29,15:28,151.3,0.7,1.8,4.0,0.0
2026,9,16,15,32,15:31,152.3,0.8,2.2,4.5,0.0
2026,9,16,15,33,15:32,152.7,1.1,2.7,4.9,0.0
2026,9,16,15,34,15:33,144.7,0.4,2.0,4.1,0.0
2026,9,16,15,37,15:36,153.5,0.9,2.5,4.0,0.0
2026,9,16,15,38,15:37,154.3,0.5,2.1,4.0,0.0
2026,9,16,15,39,15:38,159.8,0.3,1.8,6.0,0.0
2026,9,16,15,41,15:40,144.0,0.8,1.8,3.6,0.0
2026,9,16,15,43,15:42,158.4,0.0,1.2,2.9,0.0
2026,9,16,15,44,15:43,151.3,0.6,2.4,4.8,0.0
2026,9,16,15,46,15:45,74.2,0.2,1.1,3.9,0.0
2026,9,16,15,48,15:47,162.2,0.0,2.6,5.7,0.0
2026,9,16,15,49,15:48,149.4,0.3,0.7,1.8,0.0
2026,9,16,15,52,15:51,100.6,0.5,1.1,3.5,0.0
2026,9,16,15,53,15:52,147.1,0.5,1.6,3.6,0.0
2026,9,16,15,54,15:53,151.5,1.5,2.9,4.3,0.0
2026,9,16,15,56,15:55,150.2,1.5,2.2,3.4,0.0
2026,9,16,15,58,15:57,150.2,1.5,2.3,3.4,0.0
2026,9,16,15,59,15:58,154.8,0.6,1.6,3.5,0.0
2026,9,16,16,1,16:00,163.3,1.2,2.3,3.7,0.0
2026,9,16,16,3,16:02,165.2,0.4,0.9,2.3,0.0
2026,9,16,16,4,16:03,159.3,0.0,0.8,2.4,0.0
2026,9,16,16,7,16:06,157.5,2.0,3.0,4.1,0.0
2026,9,16,16,8,16:07,158.7,1.2,2.2,3.0,0.0
2026,9,16,16,9,16:08,162.8,2.2,3.3,4.5,0.0
2026,9,16,16,11,16:10,159.5,1.3,2.3,3.2,0.0
2026,9,16,16,13,16:12,155.6,2.4,3.7,5.4,0.0
2026,9,16,16,14,16:13,160.3,1.2,2.6,3.7,0.0
2026,9,16,16,17,16:16,160.2,2.1,2.9,3.9,0.0
2026,9,16,16,18,16:17,157.3,0.7,1.7,3.4,0.0
2026,9,16,16,19,16:18,139.8,0.4,0.8,1.8,0.0
2026,9,16,16,21,16:20,158.3,0.6,1.7,2.7,0.0
2026,9,16,16,23,16:22,150.4,0.4,1.3,2.5,0.0
2026,9,16,16,24,16:23,140.6,0.5,1.2,2.2,0.0
2026,9,16,16,26,16:25,167.8,0.0,1.3,2.5,0.0
2026,9,16,16,28,16:27,157.9,0.7,1.8,3.3,0.0
2026,9,16,16,29,16:28,143.5,0.4,1.8,4.7,0.0
2026,9,16,16,32,16:31,142.9,0.9,2.1,3.5,0.0
2026,9,16,16,33,16:32,152.1,0.0,0.8,2.2,0.0
2026,9,16,16,34,16:33,158.1,1.0,2.3,4.5,0.0
2026,9,16,16,36,16:35,154.1,0.5,2.0,3.0,0.0
2026,9,16,16,38,16:37,158.9,0.8,2.3,3.5,0.0
2026,9,16,16,39,16:39,161.2,1.6,2.2,3.5,0.0
2026,9,16,16,41,16:40,141.5,1.1,1.1,2.5,0.0
2026,9,16,16,43,16:42,170.8,1.4,2.7,4.6,0.0
2026,9,16,16,44,16:43,150.4,1.4,2.3,3.8,0.0
2026,9,16,16,46,16:45,154.4,2.0,3.2,4.2,0.0
2026,9,16,16,48,16:47,152.5,2.2,3.3,4.8,0.0
2026,9,16,16,49,16:48,150.9,1.6,2.8,4.9,0.0
2026,9,16,16,51,16:50,154.9,0.7,2.3,3.4,0.0
2026,9,16,16,53,16:52,152.4,0.8,2.4,3.9,0.0
2026,9,16,16,54,16:53,160.8,1.8,2.7,4.0,0.0
2026,9,16,16,57,16:56,159.0,1.1,2.4,3.6,0.0
2026,9,16,16,58,16:57,160.6,0.9,2.0,3.7,0.0
2026,9,16,17,0,16:58,154.8,1.6,3.1,4.9,0.0
2026,9,16,17,1,17:00,156.0,1.0,2.0,4.3,0.0
2026,9,16,17,3,17:02,147.1,0.5,1.4,3.0,0.0
2026,9,16,17,4,17:03,153.8,0.0,1.3,3.7,0.0
2026,9,16,17,7,17:05,152.8,0.9,1.9,2.7,0.0
2026,9,16,17,8,17:07,149.8,1.4,2.3,3.6,0.0
2026,9,16,17,9,17:08,138.5,1.3,2.6,4.5,0.0
2026,9,16,17,12,17:11,159.7,1.8,3.3,4.6,0.0
2026,9,16,17,13,17:12,157.8,2.1,3.0,4.1,0.0
2026,9,16,17,14,17:13,151.6,1.4,2.4,3.7,0.0
2026,9,16,17,17,17:16,151.6,1.7,3.7,6.0,0.0
2026,9,16,17,18,17:17,155.3,1.8,3.7,5.6,0.0
2026,9,16,17,19,17:18,158.0,2.6,4.5,6.9,0.0
2026,9,16,17,22,17:21,155.3,3.1,4.5,6.0,0.0
2026,9,16,17,23,17:22,156.3,3.2,5.4,6.9,0.0
2026,9,16,17,24,17:23,161.2,3.1,4.4,5.6,0.0
2026,9,16,17,27,17:26,153.8,4.1,6.3,7.5,0.0
2026,9,16,17,28,17:27,156.9,4.4,6.0,7.9,0.0
2026,9,16,17,29,17:28,154.5,4.5,6.3,7.7,0.0
2026,9,16,17,32,17:31,163.2,4.7,6.1,7.9,0.0
2026,9,16,17,33,17:32,162.0,4.9,6.2,7.4,0.0
2026,9,16,17,34,17:33,168.1,4.4,6.0,7.7,0.0
2026,9,16,17,37,17:36,162.7,4.7,6.3,7.8,0.0
2026,9,16,17,38,17:37,161.7,4.5,6.0,7.1,0.0
2026,9,16,17,39,17:38,171.3,4.6,6.3,7.6,0.0
2026,9,16,17,41,17:40,168.6,5.6,6.5,7.5,0.0
2026,9,16,17,43,17:42,173.4,5.7,6.8,8.3,0.0
2026,9,16,17,44,17:43,175.9,6.1,7.2,8.3,0.0
2026,9,16,17,47,17:45,173.0,5.5,6.4,7.3,0.0
2026,9,16,17,48,17:47,172.3,5.5,6.8,7.9,0.0
2026,9,16,17,49,17:48,176.3,5.2,6.1,7.0,0.0
2026,9,16,17,51,17:50,171.8,4.7,6.2,7.6,0.0
2026,9,16,17,53,17:52,172.5,5.2,6.5,7.5,0.0
2026,9,16,17,54,17:53,171.3,6.1,6.9,7.9,0.0
2026,9,16,17,56,17:55,174.3,6.4,7.2,8.0,0.0
2026,9,16,17,58,17:57,171.7,6.0,7.7,9.3,0.0
2026,9,16,17,59,17:58,172.2,6.2,7.0,8.5,0.0
2026,9,16,18,2,18:00,172.5,6.0,7.3,8.1,0.0
2026,9,16,18,3,18:02,170.6,6.0,6.8,7.7,0.0
2026,9,16,18,4,18:03,172.5,6.0,6.7,7.4,0.0
2026,9,16,18,6,18:05,171.3,5.5,6.4,7.4,0.0
2026,9,16,18,8,18:07,175.2,5.1,6.2,7.2,0.0
2026,9,16,18,9,18:08,170.4,5.2,6.1,6.9,0.0
2026,9,16,18,11,18:10,177.0,4.8,5.6,6.2,0.0
2026,9,16,18,13,18:12,175.2,5.2,5.8,6.5,0.0
2026,9,16,18,14,18:13,171.3,4.9,5.7,6.8,0.0
2026,9,16,18,17,18:16,174.8,4.8,5.6,6.5,0.0
2026,9,16,18,18,18:17,172.2,5.2,6.0,6.9,0.0
2026,9,16,18,19,18:18,172.5,5.3,6.0,7.0,0.0
2026,9,16,18,21,18:20,174.2,5.3,6.0,6.8,0.0
2026,9,16,18,23,18:22,173.6,5.2,6.2,6.9,0.0
2026,9,16,18,24,18:23,167.7,5.2,5.8,6.8,0.0
2026,9,16,18,26,18:25,175.0,5.5,6.1,6.9,0.0
2026,9,16,18,28,18:27,175.0,5.7,6.3,7.3,0.0
2026,9,16,18,29,18:28,170.9,5.2,6.1,7.4,0.0
2026,9,16,18,31,18:30,175.2,5.7,6.6,7.6,0.0
2026,9,16,18,33,18:32,177.9,5.3,6.5,7.8,0.0
2026,9,16,18,34,18:33,175.0,5.6,6.6,8.1,0.0
2026,9,16,18,36,18:35,175.6,5.8,7.0,7.8,0.0
2026,9,16,18,38,18:37,181.8,6.5,7.2,8.4,0.0
2026,9,16,18,39,18:38,185.9,6.0,7.1,7.8,0.0
2026,9,16,18,41,18:40,183.0,5.8,7.1,8.3,0.0
2026,9,16,18,43,18:42,184.0,6.0,7.3,8.3,0.0
2026,9,16,18,44,18:43,188.6,6.2,7.0,8.5,0.0
2026,9,16,18,47,18:46,184.9,6.0,7.2,8.1,0.0
2026,9,16,18,48,18:47,189.2,6.7,7.9,8.7,0.0
2026,9,16,18,49,18:48,185.7,6.7,7.5,8.8,0.0
2026,9,16,18,51,18:50,185.8,6.1,6.8,7.7,0.0
2026,9,16,18,53,18:52,185.5,5.2,6.9,8.3,0.0
2026,9,16,18,54,18:53,181.6,6.2,7.8,9.8,0.0
2026,9,16,18,56,18:55,183.3,6.5,7.3,8.5,0.0
2026,9,16,18,58,18:57,180.7,7.8,9.2,11.1,0.0
2026,9,16,18,59,18:58,180.3,7.8,8.8,10.2,0.0
2026,9,16,19,1,19:00,179.4,6.7,8.3,9.7,0.0
2026,9,16,19,3,19:02,178.4,5.9,7.3,8.5,0.0
2026,9,16,19,4,19:03,179.9,6.7,7.8,8.7,0.0
2026,9,16,19,6,19:05,183.7,5.9,6.9,8.1,0.0
2026,9,16,19,8,19:07,182.2,5.8,7.1,8.1,0.0
2026,9,16,19,9,19:08,185.3,5.9,6.8,7.7,0.0
2026,9,16,19,12,19:11,181.5,5.3,6.5,7.6,0.0
2026,9,16,19,13,19:12,180.0,5.1,6.1,6.9,0.0
2026,9,16,19,14,19:13,178.2,5.3,5.9,6.8,0.0
2026,9,16,19,17,19:16,176.7,5.4,6.0,6.7,0.0
2026,9,16,19,18,19:17,170.8,4.9,5.9,6.7,0.0
2026,9,16,19,19,19:18,172.7,5.4,6.3,7.4,0.0
2026,9,16,19,21,19:20,171.0,5.6,6.8,8.4,0.0
2026,9,16,19,23,19:22,175.9,6.4,7.3,8.5,0.0
2026,9,16,19,24,19:23,173.9,6.4,7.5,8.5,0.0
2026,9,16,19,26,19:25,176.6,6.5,7.9,9.0,0.0
2026,9,16,19,28,19:27,175.3,7.0,8.4,9.9,0.0
2026,9,16,19,29,19:28,175.7,6.8,7.9,9.2,0.0
2026,9,16,19,32,19:30,178.9,6.2,7.8,9.1,0.0
2026,9,16,19,33,19:32,180.1,6.3,7.2,8.0,0.0
2026,9,16,19,34,19:33,175.7,6.3,7.0,7.9,0.0
2026,9,16,19,36,19:35,180.0,6.0,7.0,8.1,0.0
2026,9,16,19,38,19:37,179.9,5.8,6.5,7.2,0.0
2026,9,16,19,39,19:38,178.5,5.6,6.4,7.5,0.0
2026,9,16,19,41,19:40,180.3,6.0,7.3,8.3,0.0
2026,9,16,19,43,19:42,180.4,6.0,7.7,9.3,0.0
2026,9,16,19,44,19:43,183.6,7.3,8.9,10.3,0.0
2026,9,16,19,46,19:45,177.4,7.3,8.5,10.4,0.0
2026,9,16,19,48,19:47,181.4,6.7,7.5,8.6,0.0
2026,9,16,19,49,19:48,178.8,6.7,8.0,8.9,0.0
2026,9,16,19,51,19:50,178.1,6.2,7.6,9.1,0.0
2026,9,16,19,53,19:52,175.6,7.7,8.5,9.7,0.0
2026,9,16,19,54,19:53,173.9,7.2,8.5,10.1,0.0
2026,9,16,19,56,19:55,176.4,7.7,8.7,9.6,0.0
2026,9,16,19,58,19:57,176.1,6.3,7.2,8.3,0.0
2026,9,16,19,59,19:58,168.5,6.4,7.1,7.9,0.0
2026,9,16,20,1,20:00,169.7,6.9,7.8,8.6,0.0
2026,9,16,20,3,20:02,167.4,6.1,7.2,8.7,0.0
2026,9,16,20,4,20:03,176.1,6.8,7.4,8.3,0.0
2026,9,16,20,6,20:05,168.0,6.4,7.2,8.0,0.0
2026,9,16,20,8,20:07,169.3,6.5,7.7,8.8,0.0
2026,9,16,20,9,20:08,172.1,6.3,7.3,8.2,0.0
2026,9,16,20,11,20:10,174.0,6.6,7.7,8.7,0.0
2026,9,16,20,13,20:12,173.1,6.3,7.5,8.7,0.0
2026,9,16,20,14,20:13,177.0,5.9,7.2,8.0,0.0
2026,9,16,20,16,20:15,178.5,6.5,7.3,8.3,0.0
2026,9,16,20,18,20:17,176.7,6.6,7.7,9.0,0.0
2026,9,16,20,19,20:18,173.3,6.5,7.5,8.6,0.0
2026,9,16,20,22,20:20,175.7,6.8,7.8,9.1,0.0
2026,9,16,20,23,20:22,175.7,7.1,8.1,9.4,0.0
2026,9,16,20,24,20:23,174.8,7.1,8.0,9.1,0.0
2026,9,16,20,27,20:26,177.4,7.0,8.0,9.2,0.0
2026,9,16,20,28,20:27,175.4,6.7,7.8,8.8,0.0
2026,9,16,20,29,20:28,173.8,6.3,8.1,9.6,0.0
2026,9,16,20,32,20:31,168.3,6.4,7.7,9.2,0.0
2026,9,16,20,33,20:32,172.9,7.1,8.0,9.6,0.0
2026,9,16,20,34,20:33,168.3,6.1,7.6,9.3,0.0
2026,9,16,20,36,20:35,168.1,6.3,8.5,10.8,0.0
2026,9,16,20,38,20:37,169.0,6.0,8.1,9.9,0.0
2026,9,16,20,39,20:38,169.2,6.0,8.5,10.0,0.0
2026,9,16,20,41,20:40,170.6,7.6,9.0,10.7,0.0
2026,9,16,20,43,20:42,164.2,5.6,7.6,9.2,0.0
2026,9,16,20,44,20:43,161.5,6.9,8.3,10.5,0.0
2026,9,16,20,47,20:46,166.9,6.4,9.1,10.5,0.0
2026,9,16,20,48,20:47,169.2,6.6,8.3,9.9,0.0
2026,9,16,20,49,20:48,166.7,6.4,7.9,9.8,0.0
2026,9,16,20,52,20:51,168.8,8.1,9.3,10.8,0.0
2026,9,16,20,53,20:52,173.7,8.3,9.5,11.0,0.0
2026,9,16,20,54,20:53,169.4,6.3,8.6,9.8,0.0
2026,9,16,20,56,20:55,167.7,7.7,9.0,10.9,0.0
2026,9,16,20,58,20:57,170.6,7.2,8.9,10.7,0.0
2026,9,16,20,59,20:58,166.4,7.4,9.4,11.2,0.0
2026,9,16,21,1,21:00,168.4,7.3,8.7,10.1,0.0
2026,9,16,21,3,21:02,165.8,7.9,9.8,11.6,0.0
2026,9,16,21,4,21:03,173.4,7.0,9.0,10.5,0.0
2026,9,16,21,6,21:05,171.0,8.3,10.1,11.7,0.0
2026,9,16,21,8,21:07,169.0,7.0,9.1,10.9,0.0
2026,9,16,21,9,21:08,169.9,7.9,9.1,10.5,0.0
2026,9,16,21,12,21:11,177.4,8.5,10.0,11.2,0.0
2026,9,16,21,13,21:12,170.0,7.3,9.1,11.1,0.0
2026,9,16,21,14,21:13,169.5,9.0,10.1,11.5,0.0
2026,9,16,21,16,21:15,172.6,7.8,9.5,11.5,0.0
2026,9,16,21,18,21:17,172.8,7.9,9.3,11.0,0.0
2026,9,16,21,19,21:18,173.2,7.3,9.0,10.4,0.0
2026,9,16,21,22,21:21,173.4,8.5,9.8,11.2,0.0
2026,9,16,21,23,21:22,171.8,8.1,9.8,10.9,0.0
2026,9,16,21,24,21:23,171.1,8.1,9.9,11.6,0.0
2026,9,16,21,26,21:25,171.3,7.7,8.9,10.7,0.0
2026,9,16,21,28,21:28,171.0,7.5,9.8,11.1,0.0
2026,9,16,21,29,21:28,168.0,8.2,10.1,12.0,0.0
2026,9,16,21,31,21:30,171.1,7.7,8.9,10.2,0.0
2026,9,16,21,33,21:32,164.7,8.0,9.8,11.9,0.0
2026,9,16,21,34,21:33,166.9,8.9,9.9,11.6,0.0
2026,9,16,21,37,21:36,169.9,8.1,9.7,11.6,0.0
2026,9,16,21,38,21:37,169.6,9.0,10.4,12.5,0.0
2026,9,16,21,39,21:38,167.3,8.4,9.8,11.4,0.0
2026,9,16,21,41,21:40,174.7,9.0,10.4,12.5,0.0
2026,9,16,21,43,21:42,176.9,8.2,9.6,11.2,0.0
2026,9,16,21,44,21:43,171.9,8.5,9.9,12.3,0.0
2026,9,16,21,47,21:46,174.0,8.0,9.3,10.5,0.0
2026,9,16,21,48,21:47,175.4,7.9,8.9,10.4,0.0
2026,9,16,21,49,21:48,175.1,6.4,8.7,10.7,0.0
2026,9,16,21,52,21:51,172.3,7.7,8.9,10.5,0.0
2026,9,16,21,53,21:52,179.0,7.5,9.2,10.3,0.0
2026,9,16,21,54,21:53,173.3,7.4,9.2,10.8,0.0
2026,9,16,21,56,21:55,175.7,7.5,9.1,11.1,0.0
2026,9,16,21,58,21:57,163.6,8.6,10.3,12.5,0.0
2026,9,16,21,59,21:58,167.7,7.5,10.4,12.3,0.0
2026,9,16,22,2,22:00,164.1,8.1,9.9,12.0,0.0
2026,9,16,22,3,22:02,173.3,7.9,9.3,10.5,0.0
2026,9,16,22,4,22:03,174.7,7.6,9.3,10.4,0.0
2026,9,16,22,6,22:05,171.8,8.5,9.8,10.9,0.0
2026,9,16,22,8,22:07,169.8,7.5,9.2,11.4,0.0
2026,9,16,22,9,22:08,177.2,8.0,9.2,10.9,0.0
2026,9,16,22,11,22:10,173.7,8.2,9.8,11.1,0.0
2026,9,16,22,13,22:12,174.9,7.8,9.4,10.8,0.0
2026,9,16,22,14,22:14,174.5,8.2,9.5,10.9,0.0
2026,9,16,22,16,22:15,173.5,7.5,9.3,10.9,0.0
2026,9,16,22,18,22:17,172.5,8.6,9.4,10.9,0.0
2026,9,16,22,19,22:18,171.6,7.5,9.0,10.0,0.0
2026,9,16,22,21,22:20,168.8,7.8,9.0,10.5,0.0
2026,9,16,22,23,22:22,172.3,7.6,8.8,10.3,0.0
2026,9,16,22,24,22:23,170.3,7.0,8.2,9.1,0.0
2026,9,16,22,27,22:26,171.6,7.9,9.6,10.9,0.0
2026,9,16,22,28,22:27,178.8,7.8,9.5,10.9,0.0
2026,9,16,22,29,22:28,177.5,7.9,9.4,10.3,0.0
2026,9,16,22,32,22:31,172.1,7.8,9.4,11.9,0.0
2026,9,16,22,33,22:32,170.0,7.5,10.0,12.2,0.0
2026,9,16,22,34,22:33,171.9,7.7,9.1,10.9,0.0
2026,9,16,22,37,22:36,169.2,9.2,11.5,13.1,0.0
2026,9,16,22,38,22:37,181.7,9.1,10.5,11.9,0.0
2026,9,16,22,39,22:38,203.3,7.4,9.9,11.6,0.0
2026,9,16,22,42,22:41,212.3,8.3,9.6,11.2,0.0
2026,9,16,22,43,22:42,215.2,7.8,9.6,11.4,0.0
2026,9,16,22,44,22:43,216.5,6.7,8.0,9.4,0.0
2026,9,16,22,47,22:46,220.2,5.9,7.3,8.3,0.0
2026,9,16,22,48,22:47,217.3,4.7,5.8,7.1,0.0
2026,9,16,22,49,22:49,227.6,4.5,6.0,8.1,0.0
2026,9,16,22,52,22:51,225.6,5.6,6.4,7.0,0.0
2026,9,16,22,53,22:52,228.9,3.9,4.9,6.0,0.0
2026,9,16,22,54,22:53,220.4,4.0,5.0,5.9,0.0
2026,9,16,22,57,22:56,207.9,4.4,5.2,5.9,0.0
2026,9,16,22,58,22:57,206.6,4.3,4.9,5.6,0.0
2026,9,16,22,59,22:58,204.9,4.1,5.1,5.9,0.0
2026,9,16,23,2,23:01,207.5,4.1,4.9,5.9,0.0
2026,9,16,23,3,23:02,204.1,4.5,5.1,5.7,0.0
2026,9,16,23,4,23:03,203.3,4.5,5.4,6.3,0.0
2026,9,16,23,6,23:05,204.0,4.9,5.7,6.3,0.0
2026,9,16,23,8,23:07,207.4,4.6,5.2,6.0,0.0
2026,9,16,23,9,23:08,206.4,4.5,5.5,6.5,0.0
2026,9,16,23,11,23:10,209.3,4.4,5.3,6.0,0.0
2026,9,16,23,13,23:12,203.0,4.7,5.8,6.5,0.0
2026,9,16,23,14,23:13,202.8,5.3,6.0,6.7,0.0
2026,9,16,23,16,23:15,207.9,5.4,6.2,7.1,0.0
2026,9,16,23,18,23:17,205.8,5.1,5.9,6.8,0.0
2026,9,16,23,19,23:18,210.1,4.8,5.9,6.8,0.0
2026,9,16,23,21,23:21,208.7,4.9,5.9,6.8,0.0
2026,9,16,23,23,23:22,211.1,5.2,6.0,6.6,0.0
2026,9,16,23,24,23:23,206.0,4.9,5.6,6.2,0.0
2026,9,16,23,26,23:25,208.5,4.9,6.1,7.3,0.0
2026,9,16,23,28,23:27,206.5,4.8,5.6,6.4,0.0
2026,9,16,23,29,23:28,208.6,4.4,5.4,6.5,0.0
2026,9,16,23,31,23:30,213.3,4.8,5.3,5.9,0.0
2026,9,16,23,33,23:32,212.3,4.6,5.6,6.4,0.0
2026,9,16,23,34,23:33,209.6,3.9,4.8,5.6,0.0
2026,9,16,23,37,23:37,217.2,4.4,5.2,6.1,0.0
2026,9,16,23,38,23:37,213.7,4.3,5.0,5.7,0.0
2026,9,16,23,39,23:38,212.5,4.0,4.8,5.5,0.0
2026,9,16,23,42,23:41,211.0,4.2,4.9,6.2,0.0
2026,9,16,23,43,23:42,219.9,4.3,4.9,5.7,0.0
2026,9,16,23,44,23:43,224.0,3.5,4.2,4.9,0.0
2026,9,16,23,46,23:45,218.1,3.9,4.7,5.4,0.0
2026,9,16,23,48,23:47,212.2,4.2,4.8,5.7,0.0
2026,9,16,23,49,23:48,217.2,3.7,4.5,5.3,0.0
2026,9,16,23,52,23:50,219.4,3.8,4.4,5.0,0.0
2026,9,16,23,53,23:52,206.4,4.2,4.6,5.4,0.0
2026,9,16,23,54,23:53,216.5,3.4,4.1,5.2,0.0
2026,9,16,23,57,23:56,211.3,3.4,4.0,4.7,0.0
2026,9,16,23,58,23:58,208.1,3.1,3.7,4.6,0.0
2026,9,16,23,59,23:58,210.9,3.8,4.4,4.9,0.0
