# Helsinki Laru (dlarah.org Lauttasaari) 2026-09-27 Suomen aikaa — lähteen Laru_2026-270.txt sellaisenaan
# vuosi kk pv kirjoitus-h kirjoitus-min hh:mm suunta min ka max lämpötila (asemalla ei mittaria)
2026,9,27,0,1,00:01,228.4,4.3,5.4,6.3,0.0
2026,9,27,0,3,00:03,230.3,2.7,4.8,6.0,0.0
2026,9,27,0,4,00:04,225.0,4.2,5.1,6.0,0.0
2026,9,27,0,6,00:06,219.4,4.2,5.6,7.1,0.0
2026,9,27,0,8,00:08,230.9,4.0,5.4,6.8,0.0
2026,9,27,0,9,00:09,225.4,3.8,5.2,6.2,0.0
2026,9,27,0,11,00:11,224.0,3.9,5.0,6.1,0.0
2026,9,27,0,13,00:13,232.2,3.3,4.7,6.3,0.0
2026,9,27,0,14,00:14,227.7,3.9,4.7,5.9,0.0
2026,9,27,0,17,00:16,229.4,3.3,4.0,4.7,0.0
2026,9,27,0,18,00:18,232.6,2.9,4.6,6.3,0.0
2026,9,27,0,19,00:19,239.0,2.6,4.8,6.2,0.0
2026,9,27,0,22,00:21,231.9,2.9,4.5,5.9,0.0
2026,9,27,0,23,00:23,241.5,3.0,5.4,7.3,0.0
2026,9,27,0,24,00:24,237.6,3.5,4.5,5.5,0.0
2026,9,27,0,26,00:26,238.0,3.8,4.9,5.8,0.0
2026,9,27,0,28,00:28,233.5,4.1,5.3,6.1,0.0
2026,9,27,0,29,00:29,235.8,4.4,5.7,7.2,0.0
2026,9,27,0,31,00:31,243.2,4.8,6.3,7.8,0.0
2026,9,27,0,33,00:33,240.4,2.4,4.0,5.3,0.0
2026,9,27,0,34,00:34,240.4,2.1,3.9,5.2,0.0
2026,9,27,0,36,00:36,238.7,3.9,5.0,6.2,0.0
2026,9,27,0,38,00:38,246.0,3.8,4.7,6.5,0.0
2026,9,27,0,39,00:39,243.9,2.2,3.6,5.0,0.0
2026,9,27,0,41,00:41,250.5,2.0,4.3,6.8,0.0
2026,9,27,0,43,00:43,248.9,1.6,3.3,5.0,0.0
2026,9,27,0,44,00:44,251.1,1.7,2.9,4.5,0.0
2026,9,27,0,46,00:46,239.8,2.2,3.5,4.7,0.0
2026,9,27,0,48,00:48,251.5,1.3,2.9,4.5,0.0
2026,9,27,0,49,00:49,253.6,2.3,3.6,5.2,0.0
2026,9,27,0,52,00:51,258.1,2.6,4.2,6.3,0.0
2026,9,27,0,53,00:53,260.0,2.4,3.6,4.6,0.0
2026,9,27,0,54,00:54,254.3,2.6,4.1,5.3,0.0
2026,9,27,0,57,00:56,254.8,2.0,3.5,4.7,0.0
2026,9,27,0,58,00:58,267.2,2.6,3.8,5.3,0.0
2026,9,27,0,59,00:59,269.6,3.3,3.9,4.8,0.0
2026,9,27,1,1,01:01,267.8,2.7,3.6,4.5,0.0
2026,9,27,1,3,01:03,265.6,3.3,4.5,5.5,0.0
2026,9,27,1,4,01:04,265.8,2.4,3.4,4.8,0.0
2026,9,27,1,7,01:06,264.4,2.3,3.8,5.7,0.0
2026,9,27,1,8,01:08,268.6,2.8,3.5,4.7,0.0
2026,9,27,1,9,01:09,254.5,2.0,3.9,5.4,0.0
2026,9,27,1,11,01:11,260.6,2.9,3.9,4.8,0.0
2026,9,27,1,13,01:13,268.5,2.9,4.1,5.9,0.0
2026,9,27,1,14,01:14,265.3,2.7,4.2,5.3,0.0
2026,9,27,1,16,01:16,267.6,2.7,3.6,4.7,0.0
2026,9,27,1,18,01:18,261.4,1.6,3.0,5.2,0.0
2026,9,27,1,19,01:19,244.1,1.8,2.9,4.2,0.0
2026,9,27,1,21,01:21,267.5,3.2,3.9,5.0,0.0
2026,9,27,1,23,01:23,262.6,2.7,3.6,4.7,0.0
2026,9,27,1,24,01:24,257.7,2.1,3.4,4.6,0.0
2026,9,27,1,26,01:26,264.0,1.8,3.3,4.7,0.0
2026,9,27,1,28,01:28,264.6,2.8,3.6,4.4,0.0
2026,9,27,1,29,01:29,268.6,2.0,3.4,4.4,0.0
2026,9,27,1,31,01:31,271.1,2.9,3.6,4.7,0.0
2026,9,27,1,33,01:33,263.4,2.9,3.6,4.6,0.0
2026,9,27,1,34,01:34,259.3,2.2,2.8,3.4,0.0
2026,9,27,1,36,01:36,254.9,2.6,3.3,4.7,0.0
2026,9,27,1,38,01:38,267.4,2.2,3.4,4.6,0.0
2026,9,27,1,39,01:39,248.4,2.4,3.5,4.7,0.0
2026,9,27,1,41,01:41,261.5,1.9,2.7,3.9,0.0
2026,9,27,1,43,01:43,263.4,2.4,3.1,4.1,0.0
2026,9,27,1,44,01:44,267.5,2.9,3.6,4.8,0.0
2026,9,27,1,46,01:46,259.4,3.1,3.9,4.4,0.0
2026,9,27,1,48,01:48,255.9,2.1,3.0,3.9,0.0
2026,9,27,1,49,01:49,253.7,2.0,2.7,3.5,0.0
2026,9,27,1,52,01:51,257.4,1.9,3.0,4.2,0.0
2026,9,27,1,53,01:53,255.6,1.8,3.2,5.0,0.0
2026,9,27,1,54,01:54,258.5,1.9,3.2,4.0,0.0
2026,9,27,1,57,01:56,264.0,1.2,3.0,4.2,0.0
2026,9,27,1,58,01:58,265.4,3.0,4.0,4.7,0.0
2026,9,27,1,59,01:59,261.8,1.8,3.4,4.3,0.0
2026,9,27,2,1,02:01,267.1,2.7,3.7,4.2,0.0
2026,9,27,2,3,02:03,250.6,2.1,3.1,4.7,0.0
2026,9,27,2,4,02:04,256.8,2.6,3.6,4.2,0.0
2026,9,27,2,6,02:06,246.2,2.3,4.3,5.9,0.0
2026,9,27,2,8,02:08,248.0,1.3,2.6,3.8,0.0
2026,9,27,2,9,02:09,255.8,1.6,2.5,3.7,0.0
2026,9,27,2,12,02:11,262.7,1.9,3.6,4.8,0.0
2026,9,27,2,13,02:13,237.5,2.1,2.8,3.9,0.0
2026,9,27,2,14,02:14,243.1,2.5,3.2,4.1,0.0
2026,9,27,2,17,02:16,256.3,2.8,3.7,5.0,0.0
2026,9,27,2,18,02:18,248.3,2.2,3.4,4.4,0.0
2026,9,27,2,19,02:19,242.5,2.1,3.2,4.3,0.0
2026,9,27,2,22,02:21,247.9,2.2,3.0,4.1,0.0
2026,9,27,2,23,02:23,267.2,2.0,2.8,3.6,0.0
2026,9,27,2,24,02:24,265.7,2.6,3.6,4.5,0.0
2026,9,27,2,27,02:26,249.1,1.9,3.1,4.3,0.0
2026,9,27,2,28,02:28,256.1,1.9,3.1,4.3,0.0
2026,9,27,2,29,02:29,262.1,2.1,3.2,4.1,0.0
2026,9,27,2,31,02:31,254.1,1.4,2.5,3.4,0.0
2026,9,27,2,33,02:33,255.0,2.4,3.0,3.8,0.0
2026,9,27,2,34,02:33,255.0,2.4,3.0,3.8,0.0
2026,9,27,2,37,02:36,267.4,2.8,3.8,4.4,0.0
2026,9,27,2,38,02:38,260.5,1.5,3.0,4.3,0.0
2026,9,27,2,39,02:39,268.8,2.5,3.7,4.8,0.0
2026,9,27,2,41,02:41,260.5,2.2,3.2,4.3,0.0
2026,9,27,2,43,02:43,255.7,1.9,2.9,3.8,0.0
2026,9,27,2,44,02:44,242.8,1.6,2.7,3.8,0.0
2026,9,27,2,46,02:46,261.5,1.7,2.8,3.8,0.0
2026,9,27,2,48,02:48,243.2,2.0,2.9,3.9,0.0
2026,9,27,2,49,02:49,239.8,2.0,3.1,4.6,0.0
2026,9,27,2,51,02:51,249.3,1.9,3.3,4.6,0.0
2026,9,27,2,53,02:53,250.2,2.1,3.1,4.6,0.0
2026,9,27,2,54,02:54,237.2,2.1,2.8,4.0,0.0
2026,9,27,2,56,02:55,254.2,2.0,2.7,3.9,0.0
2026,9,27,2,58,02:58,274.1,2.5,3.2,4.5,0.0
2026,9,27,2,59,02:59,274.8,2.3,3.1,4.0,0.0
2026,9,27,3,2,03:01,269.2,2.9,3.7,5.0,0.0
2026,9,27,3,3,03:03,259.9,2.2,3.7,4.8,0.0
2026,9,27,3,4,03:04,275.1,3.1,4.1,5.6,0.0
2026,9,27,3,7,03:06,280.2,3.0,4.0,5.2,0.0
2026,9,27,3,8,03:08,269.5,2.5,3.7,5.0,0.0
2026,9,27,3,9,03:09,289.0,2.0,3.3,4.5,0.0
2026,9,27,3,12,03:11,280.4,2.7,4.1,5.1,0.0
2026,9,27,3,13,03:13,279.8,2.3,3.3,5.0,0.0
2026,9,27,3,14,03:14,272.9,2.8,3.3,4.0,0.0
2026,9,27,3,16,03:16,274.2,2.4,3.3,4.3,0.0
2026,9,27,3,18,03:18,274.0,2.3,3.4,5.7,0.0
2026,9,27,3,19,03:19,268.1,3.3,4.1,5.6,0.0
2026,9,27,3,22,03:21,270.1,3.1,4.1,5.2,0.0
2026,9,27,3,23,03:23,277.9,3.4,4.6,6.8,0.0
2026,9,27,3,24,03:24,284.0,2.8,3.9,5.9,0.0
2026,9,27,3,26,03:26,288.6,3.0,3.9,5.4,0.0
2026,9,27,3,28,03:28,275.6,3.2,4.4,5.8,0.0
2026,9,27,3,29,03:29,283.6,2.8,4.2,5.9,0.0
2026,9,27,3,31,03:30,287.8,2.6,3.6,4.5,0.0
2026,9,27,3,33,03:33,274.2,1.6,2.6,3.3,0.0
2026,9,27,3,34,03:34,293.3,2.1,2.9,4.3,0.0
2026,9,27,3,36,03:36,292.3,2.2,3.6,5.1,0.0
2026,9,27,3,38,03:38,304.0,3.0,4.0,5.4,0.0
2026,9,27,3,39,03:39,302.4,4.2,5.1,7.1,0.0
2026,9,27,3,41,03:41,294.4,2.7,3.6,5.4,0.0
2026,9,27,3,43,03:43,307.9,2.2,5.4,7.1,0.0
2026,9,27,3,44,03:44,299.6,4.3,5.6,8.3,0.0
2026,9,27,3,46,03:46,292.9,4.0,5.0,7.2,0.0
2026,9,27,3,48,03:48,285.9,3.6,4.6,5.9,0.0
2026,9,27,3,49,03:49,289.7,2.0,4.7,7.0,0.0
2026,9,27,3,52,03:51,303.4,3.6,4.9,6.1,0.0
2026,9,27,3,53,03:53,298.7,3.1,4.8,7.0,0.0
2026,9,27,3,54,03:54,310.8,4.8,6.1,8.5,0.0
2026,9,27,3,56,03:56,293.0,3.3,4.9,7.9,0.0
2026,9,27,3,58,03:58,289.0,4.1,5.5,7.2,0.0
2026,9,27,3,59,03:59,296.3,2.7,4.2,5.4,0.0
2026,9,27,4,1,04:01,289.2,3.2,4.1,5.3,0.0
2026,9,27,4,3,04:03,292.9,3.3,4.6,6.8,0.0
2026,9,27,4,4,04:04,303.3,3.5,4.3,5.1,0.0
2026,9,27,4,7,04:06,295.4,3.3,4.6,6.0,0.0
2026,9,27,4,8,04:08,321.4,2.5,3.5,5.0,0.0
2026,9,27,4,9,04:09,313.1,2.8,4.5,6.9,0.0
2026,9,27,4,12,04:11,306.2,2.5,3.1,4.1,0.0
2026,9,27,4,13,04:13,301.9,2.8,3.8,5.0,0.0
2026,9,27,4,14,04:14,310.8,2.6,4.4,6.5,0.0
2026,9,27,4,16,04:16,309.8,2.7,3.9,4.9,0.0
2026,9,27,4,18,04:18,298.3,2.2,2.8,3.6,0.0
2026,9,27,4,19,04:19,308.9,2.9,4.2,6.1,0.0
2026,9,27,4,21,04:21,296.6,2.6,3.4,4.8,0.0
2026,9,27,4,23,04:23,298.5,2.2,3.1,4.2,0.0
2026,9,27,4,24,04:24,305.2,3.1,4.1,5.2,0.0
2026,9,27,4,26,04:26,289.5,2.0,3.5,5.6,0.0
2026,9,27,4,28,04:28,304.8,2.8,3.8,5.2,0.0
2026,9,27,4,29,04:29,297.3,2.2,3.0,4.3,0.0
2026,9,27,4,32,04:31,293.4,2.2,3.1,3.8,0.0
2026,9,27,4,33,04:33,296.9,2.3,3.1,4.2,0.0
2026,9,27,4,34,04:34,284.5,1.5,2.6,4.0,0.0
2026,9,27,4,37,04:36,294.2,2.5,3.2,3.9,0.0
2026,9,27,4,38,04:38,288.0,2.2,3.3,4.8,0.0
2026,9,27,4,39,04:39,292.0,1.9,3.5,5.2,0.0
2026,9,27,4,41,04:40,280.6,1.7,3.0,4.4,0.0
2026,9,27,4,43,04:43,306.1,1.8,3.2,4.9,0.0
2026,9,27,4,44,04:44,288.9,1.9,2.8,4.5,0.0
2026,9,27,4,46,04:46,294.6,2.4,3.2,4.7,0.0
2026,9,27,4,48,04:48,285.9,1.8,3.1,4.8,0.0
2026,9,27,4,49,04:49,301.1,1.7,3.1,4.5,0.0
2026,9,27,4,51,04:51,291.5,1.9,2.8,3.3,0.0
2026,9,27,4,53,04:53,271.2,2.0,2.9,4.1,0.0
2026,9,27,4,54,04:54,290.2,3.2,4.3,5.9,0.0
2026,9,27,4,56,04:56,295.8,1.3,2.6,3.9,0.0
2026,9,27,4,58,04:58,301.6,2.3,3.3,5.0,0.0
2026,9,27,4,59,04:59,302.8,3.0,3.8,5.4,0.0
2026,9,27,5,1,05:01,303.5,2.0,2.5,3.2,0.0
2026,9,27,5,3,05:03,322.4,2.4,3.5,4.4,0.0
2026,9,27,5,4,05:04,288.7,1.7,3.2,5.7,0.0
2026,9,27,5,6,05:06,298.6,2.2,3.5,5.7,0.0
2026,9,27,5,8,05:08,285.3,2.1,2.9,3.9,0.0
2026,9,27,5,9,05:09,295.1,1.7,3.0,4.2,0.0
2026,9,27,5,11,05:11,310.3,1.8,2.8,4.8,0.0
2026,9,27,5,13,05:13,309.5,2.6,3.6,5.0,0.0
2026,9,27,5,14,05:14,284.0,2.5,3.0,3.7,0.0
2026,9,27,5,17,05:16,303.2,2.3,2.8,3.3,0.0
2026,9,27,5,18,05:18,304.3,1.6,2.7,3.6,0.0
2026,9,27,5,19,05:19,304.6,1.9,2.6,3.6,0.0
2026,9,27,5,21,05:21,285.0,2.1,2.8,3.9,0.0
2026,9,27,5,23,05:23,297.1,1.7,2.1,2.7,0.0
2026,9,27,5,24,05:24,295.7,1.5,2.6,3.5,0.0
2026,9,27,5,27,05:26,306.9,1.8,2.7,4.6,0.0
2026,9,27,5,28,05:28,294.9,1.6,1.9,2.3,0.0
2026,9,27,5,29,05:29,304.5,1.7,2.6,3.4,0.0
2026,9,27,5,32,05:31,287.2,1.6,2.2,2.9,0.0
2026,9,27,5,33,05:33,297.7,1.5,2.4,3.1,0.0
2026,9,27,5,34,05:34,288.3,0.9,1.9,3.0,0.0
2026,9,27,5,37,05:36,280.0,1.0,2.1,2.8,0.0
2026,9,27,5,38,05:38,297.3,2.2,3.2,4.8,0.0
2026,9,27,5,39,05:39,290.4,1.4,2.5,4.0,0.0
2026,9,27,5,41,05:41,297.3,1.4,2.5,3.6,0.0
2026,9,27,5,43,05:43,288.8,1.8,3.0,4.3,0.0
2026,9,27,5,44,05:44,271.5,2.0,2.6,3.1,0.0
2026,9,27,5,46,05:45,273.6,2.0,2.7,3.5,0.0
2026,9,27,5,48,05:48,279.0,2.5,3.1,4.0,0.0
2026,9,27,5,49,05:49,278.0,2.4,3.1,3.9,0.0
2026,9,27,5,51,05:50,280.3,2.3,2.8,3.5,0.0
2026,9,27,5,53,05:52,283.3,2.1,3.1,4.3,0.0
2026,9,27,5,54,05:53,282.8,2.1,3.2,3.5,0.0
2026,9,27,5,56,05:56,287.1,2.9,3.4,4.1,0.0
2026,9,27,5,58,05:57,282.9,2.0,2.6,3.1,0.0
2026,9,27,5,59,05:58,290.4,2.1,2.9,3.8,0.0
2026,9,27,6,2,06:01,279.5,2.3,2.9,3.7,0.0
2026,9,27,6,3,06:02,287.1,1.9,2.6,3.2,0.0
2026,9,27,6,4,06:03,282.8,1.3,2.2,3.0,0.0
2026,9,27,6,6,06:05,281.7,2.0,2.8,3.9,0.0
2026,9,27,6,8,06:07,279.1,1.2,2.1,3.2,0.0
2026,9,27,6,9,06:08,277.4,1.9,2.6,3.4,0.0
2026,9,27,6,11,06:11,282.5,2.6,3.2,4.9,0.0
2026,9,27,6,13,06:12,290.8,2.6,3.5,4.2,0.0
2026,9,27,6,14,06:13,274.0,2.5,3.7,5.1,0.0
2026,9,27,6,17,06:16,288.3,1.5,2.5,3.6,0.0
2026,9,27,6,18,06:17,283.0,1.6,2.2,2.9,0.0
2026,9,27,6,19,06:19,280.0,2.8,3.4,4.3,0.0
2026,9,27,6,22,06:21,279.3,2.7,3.4,4.3,0.0
2026,9,27,6,23,06:22,277.1,1.7,2.8,4.0,0.0
2026,9,27,6,24,06:23,293.4,2.0,2.5,3.4,0.0
2026,9,27,6,26,06:26,281.2,2.1,2.5,3.1,0.0
2026,9,27,6,28,06:27,279.4,1.8,2.7,3.6,0.0
2026,9,27,6,29,06:29,274.5,1.7,2.9,4.0,0.0
2026,9,27,6,31,06:31,274.1,1.6,2.4,3.1,0.0
2026,9,27,6,33,06:32,288.5,1.9,2.6,3.3,0.0
2026,9,27,6,34,06:34,285.7,1.7,2.3,3.0,0.0
2026,9,27,6,36,06:36,275.6,1.8,2.8,4.2,0.0
2026,9,27,6,38,06:37,284.7,1.6,2.1,2.8,0.0
2026,9,27,6,39,06:38,273.9,1.7,2.6,4.0,0.0
2026,9,27,6,41,06:40,273.6,2.3,3.1,4.3,0.0
2026,9,27,6,43,06:42,278.5,1.6,2.1,2.7,0.0
2026,9,27,6,44,06:43,275.0,2.0,2.8,3.5,0.0
2026,9,27,6,46,06:45,283.7,1.5,3.0,4.3,0.0
2026,9,27,6,48,06:47,301.1,2.4,3.0,4.6,0.0
2026,9,27,6,49,06:49,284.8,1.9,3.3,4.6,0.0
2026,9,27,6,52,06:51,277.4,1.2,2.3,3.4,0.0
2026,9,27,6,53,06:52,278.7,1.7,2.1,2.9,0.0
2026,9,27,6,54,06:53,271.3,1.3,2.2,3.1,0.0
2026,9,27,6,56,06:56,273.5,1.2,1.8,2.3,0.0
2026,9,27,6,58,06:57,292.7,1.1,1.6,2.1,0.0
2026,9,27,6,59,06:58,282.1,1.5,2.2,3.8,0.0
2026,9,27,7,1,07:00,277.0,1.3,2.5,4.1,0.0
2026,9,27,7,3,07:02,267.2,2.0,3.4,4.5,0.0
2026,9,27,7,4,07:03,279.0,2.5,3.1,4.0,0.0
2026,9,27,7,7,07:06,279.4,1.7,2.3,3.0,0.0
2026,9,27,7,8,07:07,285.2,1.9,2.2,2.5,0.0
2026,9,27,7,9,07:08,263.8,1.4,2.3,4.0,0.0
2026,9,27,7,11,07:11,280.0,2.0,2.7,3.7,0.0
2026,9,27,7,13,07:12,269.8,1.9,2.5,3.0,0.0
2026,9,27,7,14,07:14,282.2,1.8,2.7,3.7,0.0
2026,9,27,7,17,07:16,275.8,2.0,2.6,3.3,0.0
2026,9,27,7,18,07:17,279.8,2.4,2.8,3.4,0.0
2026,9,27,7,19,07:18,279.5,1.5,2.1,3.2,0.0
2026,9,27,7,21,07:20,291.9,0.9,2.1,3.5,0.0
2026,9,27,7,23,07:22,298.9,1.6,2.2,3.0,0.0
2026,9,27,7,24,07:23,289.5,2.4,3.2,4.3,0.0
2026,9,27,7,26,07:25,282.8,1.7,2.4,3.3,0.0
2026,9,27,7,28,07:27,285.9,1.4,1.8,2.4,0.0
2026,9,27,7,29,07:29,280.3,1.7,2.6,3.4,0.0
2026,9,27,7,32,07:31,299.2,1.9,2.6,3.7,0.0
2026,9,27,7,33,07:32,277.3,1.8,2.7,3.8,0.0
2026,9,27,7,34,07:34,293.1,1.9,2.7,3.5,0.0
2026,9,27,7,36,07:36,281.6,1.7,2.3,2.8,0.0
2026,9,27,7,38,07:37,281.1,2.3,3.1,4.1,0.0
2026,9,27,7,39,07:38,302.4,2.6,3.3,4.2,0.0
2026,9,27,7,41,07:41,281.6,1.7,2.3,3.0,0.0
2026,9,27,7,43,07:42,284.5,1.7,2.3,3.4,0.0
2026,9,27,7,44,07:43,276.7,1.8,2.4,3.0,0.0
2026,9,27,7,46,07:45,292.2,2.0,2.8,3.9,0.0
2026,9,27,7,48,07:47,278.2,1.8,2.6,3.3,0.0
2026,9,27,7,49,07:48,287.1,1.8,2.9,3.7,0.0
2026,9,27,7,52,07:51,280.4,1.8,2.5,3.3,0.0
2026,9,27,7,53,07:52,272.3,1.7,2.7,3.4,0.0
2026,9,27,7,54,07:53,272.5,1.6,2.3,3.7,0.0
2026,9,27,7,56,07:55,273.3,2.4,3.4,4.3,0.0
2026,9,27,7,58,07:57,274.6,2.0,2.7,3.6,0.0
2026,9,27,7,59,07:59,280.4,2.1,3.1,4.6,0.0
2026,9,27,8,1,08:01,276.3,2.1,3.0,4.2,0.0
2026,9,27,8,3,08:02,265.4,1.6,2.3,2.9,0.0
2026,9,27,8,4,08:03,260.8,1.7,2.4,4.3,0.0
2026,9,27,8,6,08:06,267.2,1.2,2.1,3.2,0.0
2026,9,27,8,8,08:07,268.2,1.9,3.0,3.8,0.0
2026,9,27,8,9,08:08,275.1,1.7,3.2,3.9,0.0
2026,9,27,8,11,08:10,275.8,2.6,3.3,4.6,0.0
2026,9,27,8,13,08:12,279.1,1.5,2.3,3.3,0.0
2026,9,27,8,14,08:13,277.1,0.9,2.4,3.4,0.0
2026,9,27,8,16,08:16,281.2,1.9,2.6,4.3,0.0
2026,9,27,8,18,08:17,272.6,1.5,2.6,3.8,0.0
2026,9,27,8,19,08:18,276.7,1.7,2.4,3.1,0.0
2026,9,27,8,21,08:21,269.6,2.0,3.0,3.9,0.0
2026,9,27,8,23,08:22,275.7,1.4,1.9,2.4,0.0
2026,9,27,8,24,08:24,271.9,1.7,2.5,3.6,0.0
2026,9,27,8,26,08:26,277.8,1.5,2.1,2.9,0.0
2026,9,27,8,28,08:27,276.0,2.0,2.4,3.0,0.0
2026,9,27,8,29,08:28,283.9,2.3,2.8,3.5,0.0
2026,9,27,8,32,08:31,274.0,2.0,2.7,3.4,0.0
2026,9,27,8,33,08:32,273.5,1.9,3.1,4.9,0.0
2026,9,27,8,34,08:33,272.4,2.3,2.8,3.4,0.0
2026,9,27,8,36,08:35,264.6,1.1,1.9,2.6,0.0
2026,9,27,8,38,08:37,281.7,2.1,3.3,4.8,0.0
2026,9,27,8,39,08:38,284.0,2.3,3.1,4.3,0.0
2026,9,27,8,41,08:41,290.7,1.7,2.3,2.9,0.0
2026,9,27,8,43,08:42,288.1,1.9,2.4,3.0,0.0
2026,9,27,8,44,08:43,273.5,1.7,2.5,3.0,0.0
2026,9,27,8,46,08:46,270.9,2.1,2.8,3.4,0.0
2026,9,27,8,48,08:47,272.4,2.3,3.0,3.9,0.0
2026,9,27,8,49,08:48,281.1,2.4,2.9,3.5,0.0
2026,9,27,8,51,08:50,283.2,1.8,2.5,3.1,0.0
2026,9,27,8,53,08:52,284.3,1.5,2.5,3.0,0.0
2026,9,27,8,54,08:53,276.6,2.4,2.9,3.2,0.0
2026,9,27,8,57,08:56,273.5,2.4,3.3,4.2,0.0
2026,9,27,8,58,08:57,272.0,2.2,2.7,3.3,0.0
2026,9,27,8,59,08:58,277.9,2.0,2.7,3.4,0.0
2026,9,27,9,1,09:01,277.5,1.5,2.5,3.5,0.0
2026,9,27,9,3,09:02,282.6,2.3,2.6,2.9,0.0
2026,9,27,9,4,09:03,279.0,1.9,2.7,3.5,0.0
2026,9,27,9,6,09:05,281.3,1.5,2.1,3.2,0.0
2026,9,27,9,8,09:07,278.7,1.8,2.3,2.8,0.0
2026,9,27,9,9,09:09,278.5,1.6,2.0,2.6,0.0
2026,9,27,9,11,09:11,270.6,1.5,2.2,3.3,0.0
2026,9,27,9,13,09:12,265.0,1.7,2.3,3.3,0.0
2026,9,27,9,14,09:14,275.7,1.8,2.6,3.5,0.0
2026,9,27,9,17,09:16,271.2,2.1,2.7,3.5,0.0
2026,9,27,9,18,09:17,268.3,1.2,2.1,3.0,0.0
2026,9,27,9,19,09:19,264.0,1.6,2.2,2.7,0.0
2026,9,27,9,22,09:21,277.0,1.9,2.5,3.0,0.0
2026,9,27,9,23,09:22,282.6,1.8,2.2,2.5,0.0
2026,9,27,9,24,09:24,268.5,1.5,1.8,2.2,0.0
2026,9,27,9,26,09:25,280.7,1.7,2.2,2.9,0.0
2026,9,27,9,28,09:27,281.2,2.0,2.6,3.4,0.0
2026,9,27,9,29,09:29,284.0,2.2,3.0,4.0,0.0
2026,9,27,9,32,09:31,274.4,1.7,3.0,4.0,0.0
2026,9,27,9,33,09:32,268.4,1.9,2.6,3.1,0.0
2026,9,27,9,34,09:33,278.6,1.7,2.1,2.7,0.0
2026,9,27,9,36,09:35,269.1,2.2,3.0,3.6,0.0
2026,9,27,9,38,09:37,269.6,2.3,3.0,4.3,0.0
2026,9,27,9,39,09:38,267.0,2.7,3.5,4.8,0.0
2026,9,27,9,42,09:41,268.4,2.2,2.6,3.0,0.0
2026,9,27,9,43,09:42,275.5,2.5,2.8,3.2,0.0
2026,9,27,9,44,09:43,274.0,2.0,2.4,3.1,0.0
2026,9,27,9,46,09:45,270.6,2.0,2.7,3.4,0.0
2026,9,27,9,48,09:47,251.5,2.1,3.0,4.1,0.0
2026,9,27,9,49,09:48,277.9,1.8,3.0,3.6,0.0
2026,9,27,9,51,09:50,263.3,2.1,2.6,4.0,0.0
2026,9,27,9,53,09:52,271.6,2.7,3.9,4.8,0.0
2026,9,27,9,54,09:53,277.3,3.1,3.5,4.3,0.0
2026,9,27,9,56,09:55,208.1,1.9,2.7,3.5,0.0
2026,9,27,9,58,09:57,262.9,2.2,2.8,3.6,0.0
2026,9,27,9,59,09:58,266.0,2.3,3.1,4.7,0.0
2026,9,27,10,1,10:00,275.2,2.6,3.3,4.3,0.0
2026,9,27,10,3,10:02,280.9,2.4,3.1,3.7,0.0
2026,9,27,10,4,10:03,263.7,1.8,3.0,4.3,0.0
2026,9,27,10,6,10:05,260.6,1.5,2.5,3.2,0.0
2026,9,27,10,8,10:07,276.6,2.6,3.3,4.3,0.0
2026,9,27,10,9,10:08,263.0,1.9,3.0,4.4,0.0
2026,9,27,10,12,10:11,265.7,2.9,3.6,5.2,0.0
2026,9,27,10,13,10:12,269.4,2.2,3.0,4.5,0.0
2026,9,27,10,14,10:13,260.9,1.7,3.0,3.7,0.0
2026,9,27,10,16,10:15,261.8,1.2,2.3,3.5,0.0
2026,9,27,10,18,10:17,269.5,2.7,3.6,4.4,0.0
2026,9,27,10,19,10:18,267.2,2.4,2.8,3.6,0.0
2026,9,27,10,22,10:21,265.9,2.6,3.1,4.0,0.0
2026,9,27,10,23,10:22,263.4,1.8,3.0,4.2,0.0
2026,9,27,10,24,10:23,273.3,2.5,3.1,3.7,0.0
2026,9,27,10,26,10:26,267.1,2.8,3.5,4.2,0.0
2026,9,27,10,28,10:27,270.9,2.2,2.7,3.2,0.0
2026,9,27,10,29,10:28,271.8,2.2,2.7,3.3,0.0
2026,9,27,10,32,10:31,264.2,2.5,3.2,4.0,0.0
2026,9,27,10,33,10:32,257.6,2.2,3.6,5.0,0.0
2026,9,27,10,34,10:33,256.4,2.5,3.5,4.6,0.0
2026,9,27,10,36,10:36,283.9,3.4,4.2,5.1,0.0
2026,9,27,10,38,10:37,284.8,2.0,3.3,4.8,0.0
2026,9,27,10,39,10:39,265.7,2.2,3.2,4.2,0.0
2026,9,27,10,41,10:41,270.0,2.4,3.3,4.5,0.0
2026,9,27,10,43,10:42,262.3,2.8,3.5,4.3,0.0
2026,9,27,10,44,10:44,267.0,1.9,2.9,3.5,0.0
2026,9,27,10,46,10:45,282.1,2.6,2.9,3.4,0.0
2026,9,27,10,48,10:47,263.8,1.6,2.8,4.9,0.0
2026,9,27,10,49,10:48,270.5,2.7,3.4,4.5,0.0
2026,9,27,10,52,10:51,265.9,3.0,3.9,5.4,0.0
2026,9,27,10,53,10:52,269.6,4.0,5.2,6.8,0.0
2026,9,27,10,54,10:53,264.5,4.3,5.1,6.2,0.0
2026,9,27,10,57,10:56,266.4,2.1,4.1,5.1,0.0
2026,9,27,10,58,10:57,270.2,3.0,3.9,4.6,0.0
2026,9,27,10,59,10:59,261.8,2.3,3.2,4.7,0.0
2026,9,27,11,1,11:01,273.3,3.0,4.3,5.3,0.0
2026,9,27,11,3,11:02,267.3,3.6,4.7,5.6,0.0
2026,9,27,11,4,11:04,277.4,2.4,3.6,4.3,0.0
2026,9,27,11,6,11:05,271.5,3.1,3.6,4.2,0.0
2026,9,27,11,8,11:07,256.4,2.3,3.9,5.3,0.0
2026,9,27,11,9,11:09,280.1,2.5,3.9,5.7,0.0
2026,9,27,11,12,11:11,270.5,1.9,3.6,5.0,0.0
2026,9,27,11,13,11:12,280.8,0.9,2.9,4.7,0.0
2026,9,27,11,14,11:13,281.5,2.4,3.8,5.3,0.0
2026,9,27,11,16,11:16,275.9,1.8,3.3,4.8,0.0
2026,9,27,11,18,11:16,275.9,1.8,3.3,4.8,0.0
2026,9,27,11,19,11:18,271.1,1.6,2.9,3.9,0.0
2026,9,27,11,21,11:21,280.9,2.1,3.5,4.8,0.0
2026,9,27,11,23,11:22,272.7,2.9,3.9,4.9,0.0
2026,9,27,11,24,11:23,265.6,2.5,3.3,4.2,0.0
2026,9,27,11,26,11:25,280.0,2.4,3.4,4.8,0.0
2026,9,27,11,28,11:27,277.6,3.0,3.9,5.4,0.0
2026,9,27,11,29,11:29,277.6,2.3,3.1,4.1,0.0
2026,9,27,11,32,11:31,268.3,2.5,3.1,3.7,0.0
2026,9,27,11,33,11:32,268.5,2.7,3.9,4.9,0.0
2026,9,27,11,34,11:33,268.8,2.7,3.2,4.1,0.0
2026,9,27,11,37,11:36,277.8,2.4,3.2,4.1,0.0
2026,9,27,11,38,11:37,266.2,2.3,2.8,4.1,0.0
2026,9,27,11,39,11:38,264.7,2.8,4.0,5.0,0.0
2026,9,27,11,41,11:40,270.3,3.1,4.0,5.0,0.0
2026,9,27,11,43,11:42,262.8,1.8,3.4,4.9,0.0
2026,9,27,11,44,11:44,261.4,3.0,4.0,5.1,0.0
2026,9,27,11,46,11:45,260.2,3.7,4.3,5.7,0.0
2026,9,27,11,48,11:47,262.0,2.6,3.8,4.8,0.0
2026,9,27,11,49,11:48,262.0,2.3,3.6,4.6,0.0
2026,9,27,11,51,11:50,265.7,2.8,3.6,5.6,0.0
2026,9,27,11,53,11:52,263.6,1.7,3.3,4.7,0.0
2026,9,27,11,54,11:53,261.2,2.5,3.6,5.3,0.0
2026,9,27,11,56,11:55,267.7,2.8,3.6,4.7,0.0
2026,9,27,11,58,11:57,264.1,2.2,3.0,3.8,0.0
2026,9,27,11,59,11:58,264.3,2.7,3.8,4.9,0.0
2026,9,27,12,1,12:00,274.0,2.7,3.8,6.3,0.0
2026,9,27,12,3,12:02,272.1,2.7,3.6,5.7,0.0
2026,9,27,12,4,12:03,268.5,3.1,3.9,5.0,0.0
2026,9,27,12,7,12:06,281.6,1.9,2.6,3.5,0.0
2026,9,27,12,8,12:07,254.4,2.3,2.9,4.3,0.0
2026,9,27,12,9,12:08,264.2,2.0,2.7,3.8,0.0
2026,9,27,12,11,12:10,252.6,1.4,2.5,3.8,0.0
2026,9,27,12,13,12:12,255.4,2.2,2.7,3.2,0.0
2026,9,27,12,14,12:13,273.1,2.1,3.1,4.4,0.0
2026,9,27,12,16,12:15,272.8,2.2,3.2,4.9,0.0
2026,9,27,12,18,12:17,273.2,2.2,3.1,4.3,0.0
2026,9,27,12,19,12:18,265.0,1.9,2.7,3.8,0.0
2026,9,27,12,21,12:20,272.3,2.7,3.4,4.1,0.0
2026,9,27,12,23,12:22,257.5,2.6,3.4,4.1,0.0
2026,9,27,12,24,12:23,267.3,2.5,3.1,4.1,0.0
2026,9,27,12,26,12:25,271.0,2.2,3.4,4.6,0.0
2026,9,27,12,28,12:27,260.3,2.7,4.1,5.8,0.0
2026,9,27,12,29,12:29,272.3,3.7,4.4,5.7,0.0
2026,9,27,12,31,12:31,263.9,2.7,3.6,4.4,0.0
2026,9,27,12,33,12:32,264.5,2.7,3.6,4.2,0.0
2026,9,27,12,34,12:33,263.2,2.2,3.1,3.8,0.0
2026,9,27,12,36,12:35,276.9,3.3,4.4,5.4,0.0
2026,9,27,12,38,12:37,277.0,2.3,3.4,4.6,0.0
2026,9,27,12,39,12:39,280.3,2.4,2.8,3.7,0.0
2026,9,27,12,42,12:41,291.0,3.0,4.1,5.2,0.0
2026,9,27,12,43,12:42,274.1,2.1,3.4,4.4,0.0
2026,9,27,12,44,12:43,270.3,2.8,3.3,3.8,0.0
2026,9,27,12,46,12:46,278.7,2.5,3.1,3.8,0.0
2026,9,27,12,48,12:47,268.5,1.9,2.6,3.3,0.0
2026,9,27,12,49,12:48,270.2,2.3,3.5,4.8,0.0
2026,9,27,12,51,12:51,257.7,1.6,3.4,4.7,0.0
2026,9,27,12,53,12:52,272.4,3.3,3.9,4.5,0.0
2026,9,27,12,54,12:53,269.1,2.1,3.5,4.5,0.0
2026,9,27,12,56,12:55,264.7,2.1,3.6,4.8,0.0
2026,9,27,12,58,12:57,269.5,2.6,3.4,4.2,0.0
2026,9,27,12,59,12:58,272.7,2.7,3.5,4.4,0.0
2026,9,27,13,1,13:00,271.3,3.5,4.4,5.7,0.0
2026,9,27,13,3,13:02,273.3,2.3,3.3,4.8,0.0
2026,9,27,13,4,13:03,264.2,2.6,3.3,4.2,0.0
2026,9,27,13,6,13:06,268.0,2.1,3.1,3.7,0.0
2026,9,27,13,8,13:07,264.3,2.2,2.9,3.7,0.0
2026,9,27,13,9,13:08,274.8,1.7,3.2,4.2,0.0
2026,9,27,13,11,13:10,282.9,1.8,2.9,3.5,0.0
2026,9,27,13,13,13:12,267.8,1.8,2.8,3.7,0.0
2026,9,27,13,14,13:14,268.0,2.5,3.2,3.9,0.0
2026,9,27,13,17,13:16,259.0,2.3,3.0,3.7,0.0
2026,9,27,13,18,13:17,263.2,2.0,2.7,3.4,0.0
2026,9,27,13,19,13:18,271.3,2.2,2.8,3.4,0.0
2026,9,27,13,22,13:21,267.6,2.0,2.5,3.0,0.0
2026,9,27,13,23,13:22,259.8,1.9,3.4,4.6,0.0
2026,9,27,13,24,13:23,271.9,2.3,3.9,5.3,0.0
2026,9,27,13,26,13:26,263.0,3.0,4.0,4.7,0.0
2026,9,27,13,28,13:27,258.4,2.5,3.4,5.0,0.0
2026,9,27,13,29,13:28,267.7,2.7,4.1,5.9,0.0
2026,9,27,13,31,13:31,264.0,2.5,3.7,4.7,0.0
2026,9,27,13,33,13:32,259.2,2.4,4.0,5.6,0.0
2026,9,27,13,34,13:33,276.2,3.6,4.4,6.2,0.0
2026,9,27,13,37,13:36,284.3,2.7,3.9,5.2,0.0
2026,9,27,13,38,13:37,267.4,2.4,3.1,3.8,0.0
2026,9,27,13,39,13:38,267.5,2.5,4.1,5.3,0.0
2026,9,27,13,41,13:40,265.5,3.3,4.1,4.9,0.0
2026,9,27,13,43,13:42,249.6,1.6,2.8,3.5,0.0
2026,9,27,13,44,13:43,264.4,1.9,2.5,3.2,0.0
2026,9,27,13,47,13:46,264.0,1.8,2.6,3.1,0.0
2026,9,27,13,48,13:47,258.9,1.3,2.7,4.3,0.0
2026,9,27,13,49,13:48,247.9,2.3,3.4,4.2,0.0
2026,9,27,13,51,13:50,245.6,2.7,3.5,4.5,0.0
2026,9,27,13,53,13:52,239.2,3.6,4.3,5.1,0.0
2026,9,27,13,54,13:54,240.0,2.5,3.6,4.8,0.0
2026,9,27,13,56,13:56,243.4,2.2,3.0,3.8,0.0
2026,9,27,13,58,13:57,244.5,2.5,3.0,3.7,0.0
2026,9,27,13,59,13:58,245.3,2.0,2.8,3.9,0.0
2026,9,27,14,2,14:01,258.9,2.0,2.8,4.2,0.0
2026,9,27,14,3,14:02,261.4,1.0,2.2,3.1,0.0
2026,9,27,14,4,14:03,257.2,1.2,2.1,3.0,0.0
2026,9,27,14,6,14:05,266.2,3.4,4.0,4.7,0.0
2026,9,27,14,8,14:07,257.6,2.2,3.6,4.3,0.0
2026,9,27,14,9,14:09,265.1,2.3,2.9,4.1,0.0
2026,9,27,14,11,14:10,261.4,1.4,2.5,3.8,0.0
2026,9,27,14,13,14:12,241.2,1.2,2.3,3.4,0.0
2026,9,27,14,14,14:13,249.3,1.8,2.8,3.4,0.0
2026,9,27,14,17,14:16,257.8,2.3,3.2,4.6,0.0
2026,9,27,14,18,14:17,255.5,2.0,3.2,4.3,0.0
2026,9,27,14,19,14:19,266.3,2.4,3.4,4.4,0.0
2026,9,27,14,22,14:21,262.1,2.5,3.4,4.3,0.0
2026,9,27,14,23,14:22,269.6,2.9,3.5,4.6,0.0
2026,9,27,14,24,14:23,252.6,2.2,3.1,4.2,0.0
2026,9,27,14,27,14:26,251.3,2.7,3.6,5.6,0.0
2026,9,27,14,28,14:27,251.9,2.1,3.2,5.2,0.0
2026,9,27,14,29,14:28,248.7,1.9,3.6,4.8,0.0
2026,9,27,14,31,14:30,242.3,2.9,4.2,5.5,0.0
2026,9,27,14,33,14:32,243.8,3.0,3.9,5.2,0.0
2026,9,27,14,34,14:33,248.5,2.2,3.1,4.4,0.0
2026,9,27,14,36,14:35,268.2,2.6,3.2,4.2,0.0
2026,9,27,14,38,14:37,265.6,3.0,3.9,5.0,0.0
2026,9,27,14,39,14:38,271.8,3.0,3.7,4.2,0.0
2026,9,27,14,41,14:41,264.9,2.3,3.7,5.4,0.0
2026,9,27,14,43,14:42,259.3,1.6,2.9,4.0,0.0
2026,9,27,14,44,14:43,264.5,2.1,2.8,3.6,0.0
2026,9,27,14,47,14:46,243.8,1.8,3.2,4.7,0.0
2026,9,27,14,48,14:47,246.1,2.1,3.0,3.7,0.0
2026,9,27,14,49,14:49,245.7,2.3,3.2,4.5,0.0
2026,9,27,14,52,14:51,245.3,1.7,2.5,3.6,0.0
2026,9,27,14,53,14:52,254.6,1.9,2.4,3.3,0.0
2026,9,27,14,54,14:54,254.9,1.9,3.3,4.8,0.0
2026,9,27,14,56,14:55,252.5,1.9,3.1,4.3,0.0
2026,9,27,14,58,14:57,243.1,2.8,3.9,5.4,0.0
2026,9,27,14,59,14:58,239.3,1.9,2.8,3.4,0.0
2026,9,27,15,2,15:01,242.4,2.5,3.3,4.3,0.0
2026,9,27,15,3,15:02,240.2,2.1,3.1,4.4,0.0
2026,9,27,15,4,15:04,237.1,2.2,3.4,5.1,0.0
2026,9,27,15,6,15:05,237.5,2.4,3.7,5.1,0.0
2026,9,27,15,8,15:07,235.3,2.4,3.2,4.0,0.0
2026,9,27,15,9,15:08,231.8,2.5,3.6,4.9,0.0
2026,9,27,15,11,15:10,251.8,2.3,3.9,5.6,0.0
2026,9,27,15,13,15:12,244.7,2.1,2.7,3.4,0.0
2026,9,27,15,14,15:13,247.4,2.5,3.2,4.1,0.0
2026,9,27,15,16,15:16,251.8,2.2,2.8,3.9,0.0
2026,9,27,15,18,15:17,241.0,1.5,2.9,3.9,0.0
2026,9,27,15,19,15:19,241.5,1.8,3.0,3.9,0.0
2026,9,27,15,21,15:20,257.1,2.0,2.9,3.8,0.0
2026,9,27,15,23,15:22,263.2,2.1,2.6,3.3,0.0
2026,9,27,15,24,15:23,243.6,2.0,3.3,4.3,0.0
2026,9,27,15,26,15:25,257.9,2.0,3.3,5.0,0.0
2026,9,27,15,28,15:27,265.2,2.8,3.4,4.1,0.0
2026,9,27,15,29,15:28,263.9,2.4,3.2,4.6,0.0
2026,9,27,15,31,15:31,246.8,1.3,2.4,3.2,0.0
2026,9,27,15,33,15:32,256.3,1.6,2.8,4.4,0.0
2026,9,27,15,34,15:33,248.9,2.7,3.6,4.9,0.0
2026,9,27,15,36,15:35,271.6,2.3,2.8,3.8,0.0
2026,9,27,15,38,15:37,241.2,2.4,3.0,3.9,0.0
2026,9,27,15,39,15:38,261.5,2.2,3.3,4.5,0.0
2026,9,27,15,41,15:40,255.5,1.5,2.7,3.8,0.0
2026,9,27,15,43,15:42,262.4,1.6,2.4,3.2,0.0
2026,9,27,15,44,15:44,248.0,2.0,2.9,4.2,0.0
2026,9,27,15,46,15:45,245.2,1.3,2.0,3.3,0.0
2026,9,27,15,48,15:47,263.1,1.9,3.5,4.6,0.0
2026,9,27,15,49,15:48,262.2,2.7,3.3,3.9,0.0
2026,9,27,15,52,15:51,253.7,2.3,2.9,3.7,0.0
2026,9,27,15,53,15:52,255.7,1.5,2.3,3.2,0.0
2026,9,27,15,54,15:53,244.2,1.4,2.1,3.0,0.0
2026,9,27,15,57,15:56,245.3,2.7,3.3,3.9,0.0
2026,9,27,15,58,15:57,241.6,2.3,2.8,3.3,0.0
2026,9,27,15,59,15:58,254.2,1.4,1.9,2.6,0.0
2026,9,27,16,2,16:01,249.4,1.8,3.0,4.1,0.0
2026,9,27,16,3,16:02,255.5,1.8,2.9,3.7,0.0
2026,9,27,16,4,16:03,261.7,1.6,2.7,3.9,0.0
2026,9,27,16,7,16:06,241.7,2.1,3.0,3.8,0.0
2026,9,27,16,8,16:07,236.9,2.1,2.9,4.2,0.0
2026,9,27,16,9,16:08,244.1,1.8,3.3,4.2,0.0
2026,9,27,16,11,16:10,246.6,1.9,3.0,3.8,0.0
2026,9,27,16,13,16:12,246.6,1.5,2.5,3.6,0.0
2026,9,27,16,14,16:13,254.6,2.0,3.0,3.9,0.0
2026,9,27,16,16,16:16,239.4,1.5,2.2,3.0,0.0
2026,9,27,16,18,16:17,246.3,1.7,3.0,3.7,0.0
2026,9,27,16,19,16:18,237.9,2.5,3.0,3.8,0.0
2026,9,27,16,22,16:21,242.0,1.6,2.3,3.2,0.0
2026,9,27,16,23,16:22,241.9,1.7,2.6,3.6,0.0
2026,9,27,16,24,16:24,241.5,2.2,3.1,4.6,0.0
2026,9,27,16,26,16:26,244.0,1.9,2.9,4.0,0.0
2026,9,27,16,28,16:27,242.0,3.0,3.6,4.6,0.0
2026,9,27,16,29,16:28,238.6,2.6,3.0,3.6,0.0
2026,9,27,16,31,16:30,264.7,1.7,2.7,3.3,0.0
2026,9,27,16,33,16:32,270.4,1.7,2.2,3.0,0.0
2026,9,27,16,34,16:33,255.0,1.1,2.0,2.7,0.0
2026,9,27,16,36,16:36,251.5,1.4,1.7,2.1,0.0
2026,9,27,16,38,16:37,257.6,1.0,2.0,2.8,0.0
2026,9,27,16,39,16:39,259.2,1.9,2.4,2.9,0.0
2026,9,27,16,41,16:40,251.7,1.6,2.3,2.9,0.0
2026,9,27,16,43,16:42,265.1,3.0,3.5,4.0,0.0
2026,9,27,16,44,16:44,264.5,2.6,3.4,4.7,0.0
2026,9,27,16,47,16:46,245.5,1.9,3.0,3.8,0.0
2026,9,27,16,48,16:47,252.5,1.5,2.3,3.2,0.0
2026,9,27,16,49,16:48,252.9,1.6,2.4,3.9,0.0
2026,9,27,16,51,16:51,238.6,1.8,2.5,2.9,0.0
2026,9,27,16,53,16:52,237.1,1.2,2.1,2.9,0.0
2026,9,27,16,54,16:53,236.0,1.8,2.5,3.5,0.0
2026,9,27,16,57,16:56,252.0,2.0,2.5,4.0,0.0
2026,9,27,16,58,16:57,250.2,1.5,2.2,2.9,0.0
2026,9,27,17,1,17:00,238.7,1.3,2.1,3.3,0.0
2026,9,27,17,3,17:02,242.0,1.8,2.4,3.2,0.0
2026,9,27,17,4,17:03,247.9,1.7,2.6,3.4,0.0
2026,9,27,17,6,17:06,265.8,2.3,3.1,3.9,0.0
2026,9,27,17,8,17:07,259.9,1.7,2.6,3.3,0.0
2026,9,27,17,9,17:08,260.5,2.0,2.8,3.7,0.0
2026,9,27,17,12,17:11,260.4,1.7,2.4,3.2,0.0
2026,9,27,17,13,17:12,259.4,1.3,2.4,3.3,0.0
2026,9,27,17,14,17:14,260.6,1.9,2.9,3.8,0.0
2026,9,27,17,17,17:16,260.8,1.9,2.9,4.3,0.0
2026,9,27,17,18,17:17,247.2,1.4,2.0,2.9,0.0
2026,9,27,17,19,17:18,257.8,1.9,2.7,3.8,0.0
2026,9,27,17,21,17:20,250.9,1.9,2.3,2.8,0.0
2026,9,27,17,23,17:22,260.7,2.0,2.5,2.9,0.0
2026,9,27,17,24,17:24,264.1,1.8,2.6,3.3,0.0
2026,9,27,17,27,17:26,267.9,1.7,2.2,2.9,0.0
2026,9,27,17,28,17:27,255.5,1.6,2.1,2.9,0.0
2026,9,27,17,29,17:28,239.4,1.0,1.5,2.0,0.0
2026,9,27,17,31,17:31,240.6,1.4,1.7,2.1,0.0
2026,9,27,17,33,17:32,234.9,1.2,1.7,2.1,0.0
2026,9,27,17,34,17:33,228.0,1.7,1.9,2.3,0.0
2026,9,27,17,37,17:36,231.3,1.4,1.8,2.2,0.0
2026,9,27,17,38,17:37,233.2,1.6,2.2,2.9,0.0
2026,9,27,17,39,17:38,232.1,1.6,2.0,2.4,0.0
2026,9,27,17,41,17:41,232.9,1.2,1.9,3.1,0.0
2026,9,27,17,43,17:42,236.1,1.3,1.9,2.7,0.0
2026,9,27,17,44,17:43,225.9,2.0,2.3,2.5,0.0
2026,9,27,17,46,17:45,229.2,2.2,2.6,2.9,0.0
2026,9,27,17,48,17:47,225.1,2.0,2.7,3.0,0.0
2026,9,27,17,49,17:48,231.1,2.2,2.4,2.9,0.0
2026,9,27,17,52,17:51,230.4,1.8,2.5,3.6,0.0
2026,9,27,17,53,17:52,230.1,2.3,2.6,2.9,0.0
2026,9,27,17,54,17:54,234.6,1.7,2.4,2.9,0.0
2026,9,27,17,57,17:56,234.9,2.0,2.3,2.7,0.0
2026,9,27,17,58,17:57,236.3,2.0,2.3,3.0,0.0
2026,9,27,17,59,17:58,241.0,1.9,2.4,2.7,0.0
2026,9,27,18,2,18:01,223.1,2.2,2.7,3.3,0.0
2026,9,27,18,3,18:02,210.7,2.5,2.9,3.1,0.0
2026,9,27,18,4,18:03,206.9,2.3,2.7,3.0,0.0
2026,9,27,18,7,18:06,206.5,2.5,3.0,3.3,0.0
2026,9,27,18,8,18:07,206.6,2.6,3.0,3.3,0.0
2026,9,27,18,9,18:08,202.6,3.2,3.6,4.3,0.0
2026,9,27,18,12,18:11,207.9,3.3,3.7,4.1,0.0
2026,9,27,18,13,18:12,211.7,3.3,3.6,3.8,0.0
2026,9,27,18,14,18:13,210.0,2.5,3.0,3.6,0.0
2026,9,27,18,16,18:15,211.8,3.5,3.8,4.4,0.0
2026,9,27,18,18,18:17,214.2,2.8,3.5,4.3,0.0
2026,9,27,18,19,18:19,205.9,3.9,4.7,5.3,0.0
2026,9,27,18,22,18:21,213.4,3.0,3.8,4.7,0.0
2026,9,27,18,23,18:22,212.0,3.4,4.0,4.7,0.0
2026,9,27,18,24,18:23,213.5,3.7,4.7,5.6,0.0
2026,9,27,18,26,18:25,218.0,4.1,4.9,5.7,0.0
2026,9,27,18,28,18:27,226.3,3.7,4.6,5.3,0.0
2026,9,27,18,29,18:28,221.7,3.0,3.9,4.8,0.0
2026,9,27,18,31,18:30,228.4,3.2,4.2,4.9,0.0
2026,9,27,18,33,18:32,220.4,3.7,4.5,5.7,0.0
2026,9,27,18,34,18:33,224.7,3.5,4.2,5.4,0.0
2026,9,27,18,36,18:35,226.4,3.2,3.7,4.3,0.0
2026,9,27,18,38,18:37,222.6,3.4,4.2,5.1,0.0
2026,9,27,18,39,18:39,219.7,3.3,4.0,4.6,0.0
2026,9,27,18,42,18:41,225.6,2.2,2.8,4.0,0.0
2026,9,27,18,43,18:42,227.4,2.5,3.1,3.8,0.0
2026,9,27,18,44,18:43,224.6,2.4,3.0,3.5,0.0
2026,9,27,18,46,18:45,229.8,2.0,2.8,3.6,0.0
2026,9,27,18,48,18:47,227.7,2.6,3.1,3.9,0.0
2026,9,27,18,49,18:48,224.8,2.0,3.0,4.2,0.0
2026,9,27,18,52,18:51,235.9,2.6,3.4,4.5,0.0
2026,9,27,18,53,18:52,231.5,3.1,3.6,4.2,0.0
2026,9,27,18,54,18:53,233.9,2.6,3.5,4.4,0.0
2026,9,27,18,56,18:55,237.3,2.6,3.4,4.0,0.0
2026,9,27,18,58,18:57,242.4,2.3,3.1,4.0,0.0
2026,9,27,18,59,18:59,238.2,1.9,3.0,3.9,0.0
2026,9,27,19,2,19:01,245.9,2.3,2.7,3.2,0.0
2026,9,27,19,3,19:02,237.0,1.8,2.6,3.2,0.0
2026,9,27,19,4,19:03,232.5,1.9,2.5,3.2,0.0
2026,9,27,19,6,19:05,237.2,1.9,2.4,2.9,0.0
2026,9,27,19,8,19:07,239.3,1.9,2.5,3.3,0.0
2026,9,27,19,9,19:09,234.6,1.8,2.7,3.4,0.0
2026,9,27,19,11,19:10,233.7,1.8,2.4,3.1,0.0
2026,9,27,19,13,19:12,227.7,2.0,2.7,3.4,0.0
2026,9,27,19,14,19:13,232.5,2.2,2.8,3.7,0.0
2026,9,27,19,16,19:15,235.9,2.0,2.6,3.1,0.0
2026,9,27,19,18,19:17,233.9,1.7,2.5,3.6,0.0
2026,9,27,19,19,19:18,232.0,2.2,2.9,3.4,0.0
2026,9,27,19,22,19:21,232.5,2.3,2.8,3.1,0.0
2026,9,27,19,23,19:22,234.4,2.3,3.0,4.0,0.0
2026,9,27,19,24,19:23,232.2,1.8,2.7,3.4,0.0
2026,9,27,19,27,19:26,228.8,2.4,3.0,3.4,0.0
2026,9,27,19,28,19:27,232.0,2.0,3.0,4.0,0.0
2026,9,27,19,29,19:28,235.0,2.3,3.1,3.6,0.0
2026,9,27,19,31,19:30,230.0,2.3,3.0,3.7,0.0
2026,9,27,19,33,19:32,230.3,2.4,3.1,3.9,0.0
2026,9,27,19,34,19:34,227.3,2.5,3.2,4.1,0.0
2026,9,27,19,36,19:35,231.0,2.7,3.3,4.0,0.0
2026,9,27,19,38,19:37,235.7,2.0,2.8,3.5,0.0
2026,9,27,19,39,19:38,230.1,2.4,3.1,3.9,0.0
2026,9,27,19,42,19:41,231.2,2.1,2.8,3.6,0.0
2026,9,27,19,43,19:42,229.7,2.4,3.0,3.5,0.0
2026,9,27,19,44,19:43,224.8,2.0,2.8,3.3,0.0
2026,9,27,19,46,19:45,230.3,2.5,2.9,3.4,0.0
2026,9,27,19,48,19:47,230.6,2.0,2.8,3.6,0.0
2026,9,27,19,49,19:48,229.2,2.1,2.8,3.4,0.0
2026,9,27,19,51,19:50,236.2,2.2,2.7,3.8,0.0
2026,9,27,19,53,19:52,236.0,2.1,2.6,3.2,0.0
2026,9,27,19,55,19:54,228.2,2.5,3.0,3.6,0.0
2026,9,27,19,57,19:56,235.8,2.3,3.0,3.7,0.0
2026,9,27,19,58,19:57,241.9,2.2,2.9,3.6,0.0
2026,9,27,19,59,19:59,223.6,2.5,2.9,3.3,0.0
2026,9,27,20,2,20:01,235.3,2.2,3.0,3.8,0.0
2026,9,27,20,3,20:02,238.1,1.7,2.4,3.0,0.0
2026,9,27,20,4,20:03,230.9,2.4,2.9,4.0,0.0
2026,9,27,20,7,20:06,236.9,1.9,2.8,3.3,0.0
2026,9,27,20,8,20:07,229.7,1.9,2.9,3.9,0.0
2026,9,27,20,9,20:08,235.1,2.1,2.6,3.2,0.0
2026,9,27,20,12,20:11,230.8,2.1,2.9,3.6,0.0
2026,9,27,20,13,20:12,231.9,2.1,2.8,3.3,0.0
2026,9,27,20,14,20:13,233.2,2.5,3.1,3.6,0.0
2026,9,27,20,16,20:15,231.2,2.2,2.6,3.0,0.0
2026,9,27,20,18,20:17,234.2,2.0,2.7,3.2,0.0
2026,9,27,20,19,20:19,234.6,2.0,2.7,3.0,0.0
2026,9,27,20,22,20:21,238.3,1.2,2.2,2.6,0.0
2026,9,27,20,23,20:22,240.3,1.5,2.1,2.6,0.0
2026,9,27,20,24,20:23,239.2,1.6,2.0,2.4,0.0
2026,9,27,20,26,20:25,236.6,1.7,2.2,2.7,0.0
2026,9,27,20,28,20:27,240.8,1.7,2.1,2.3,0.0
2026,9,27,20,29,20:29,232.6,1.6,2.1,2.8,0.0
2026,9,27,20,32,20:31,237.8,2.1,2.4,2.9,0.0
2026,9,27,20,33,20:32,237.2,1.7,2.2,2.6,0.0
2026,9,27,20,34,20:33,230.7,1.9,2.2,2.7,0.0
2026,9,27,20,36,20:35,229.4,1.6,2.2,3.1,0.0
2026,9,27,20,38,20:37,233.6,1.7,2.2,2.6,0.0
2026,9,27,20,39,20:38,239.6,2.1,2.5,3.0,0.0
2026,9,27,20,41,20:41,237.9,1.3,1.7,2.5,0.0
2026,9,27,20,43,20:42,237.9,1.5,2.2,2.9,0.0
2026,9,27,20,44,20:43,243.1,1.8,2.4,3.1,0.0
2026,9,27,20,46,20:45,236.3,1.8,2.6,3.2,0.0
2026,9,27,20,48,20:47,233.7,1.7,2.2,2.8,0.0
2026,9,27,20,49,20:49,240.2,1.5,2.1,2.8,0.0
2026,9,27,20,52,20:51,244.2,1.7,2.3,2.7,0.0
2026,9,27,20,53,20:52,241.5,1.4,2.0,3.1,0.0
2026,9,27,20,54,20:54,235.0,1.6,2.0,2.4,0.0
2026,9,27,20,56,20:56,237.3,1.7,2.1,2.7,0.0
2026,9,27,20,58,20:57,232.7,2.0,2.5,3.2,0.0
2026,9,27,20,59,20:59,236.7,1.4,2.1,2.7,0.0
2026,9,27,21,2,21:01,227.3,1.7,2.5,3.0,0.0
2026,9,27,21,3,21:02,232.2,2.0,2.3,2.8,0.0
2026,9,27,21,4,21:03,241.7,1.7,2.1,2.7,0.0
2026,9,27,21,6,21:06,247.3,1.7,2.4,3.4,0.0
2026,9,27,21,8,21:07,244.4,1.5,2.3,3.0,0.0
2026,9,27,21,9,21:08,236.7,1.7,2.5,3.2,0.0
2026,9,27,21,11,21:10,237.7,2.1,2.6,3.2,0.0
2026,9,27,21,13,21:12,233.5,1.7,2.4,3.2,0.0
2026,9,27,21,14,21:13,229.5,1.6,2.5,3.2,0.0
2026,9,27,21,17,21:16,235.2,2.1,2.4,2.9,0.0
2026,9,27,21,18,21:17,236.5,2.0,2.4,2.9,0.0
2026,9,27,21,19,21:18,228.4,2.0,2.5,3.2,0.0
2026,9,27,21,21,21:21,234.7,2.1,2.9,3.8,0.0
2026,9,27,21,23,21:22,234.6,1.7,2.6,3.1,0.0
2026,9,27,21,24,21:24,233.4,1.9,2.7,3.3,0.0
2026,9,27,21,26,21:26,244.7,0.8,2.0,2.7,0.0
2026,9,27,21,28,21:27,251.2,1.2,1.7,2.2,0.0
2026,9,27,21,29,21:28,243.2,1.2,2.1,3.4,0.0
2026,9,27,21,31,21:30,248.3,1.2,2.0,3.1,0.0
2026,9,27,21,33,21:32,236.4,1.4,2.3,3.0,0.0
2026,9,27,21,34,21:33,243.9,1.4,1.9,2.8,0.0
2026,9,27,21,37,21:36,236.8,1.9,2.4,3.0,0.0
2026,9,27,21,38,21:37,242.4,1.7,2.5,3.1,0.0
2026,9,27,21,39,21:38,243.8,1.5,2.0,2.6,0.0
2026,9,27,21,41,21:40,234.7,1.2,1.8,2.5,0.0
2026,9,27,21,43,21:42,245.9,1.3,1.9,2.6,0.0
2026,9,27,21,44,21:44,249.1,1.2,1.9,2.5,0.0
2026,9,27,21,46,21:46,236.6,2.0,2.6,3.2,0.0
2026,9,27,21,48,21:47,246.0,1.6,2.4,3.4,0.0
2026,9,27,21,49,21:48,254.7,1.8,2.4,3.1,0.0
2026,9,27,21,51,21:51,253.0,1.0,1.7,2.4,0.0
2026,9,27,21,53,21:52,239.4,1.9,2.5,3.0,0.0
2026,9,27,21,54,21:54,233.9,1.6,2.6,3.4,0.0
2026,9,27,21,57,21:56,239.0,1.6,2.1,2.7,0.0
2026,9,27,21,58,21:57,245.5,1.4,2.3,3.0,0.0
2026,9,27,21,59,21:59,235.1,1.4,1.8,2.3,0.0
2026,9,27,22,1,22:00,245.6,1.5,2.0,2.7,0.0
2026,9,27,22,3,22:02,243.6,1.6,2.2,2.8,0.0
2026,9,27,22,4,22:03,245.7,1.4,2.1,2.9,0.0
2026,9,27,22,6,22:05,247.3,1.3,2.0,2.8,0.0
2026,9,27,22,8,22:07,246.1,1.5,2.0,2.8,0.0
2026,9,27,22,9,22:08,255.9,1.3,2.1,2.8,0.0
2026,9,27,22,12,22:11,240.7,1.6,2.0,2.6,0.0
2026,9,27,22,13,22:12,241.7,1.3,2.1,2.8,0.0
2026,9,27,22,14,22:13,249.6,1.1,1.7,2.1,0.0
2026,9,27,22,16,22:16,255.1,0.6,1.3,2.2,0.0
2026,9,27,22,18,22:17,255.1,1.0,1.4,1.8,0.0
2026,9,27,22,19,22:18,240.4,1.1,1.6,2.0,0.0
2026,9,27,22,22,22:21,240.8,1.5,2.0,2.7,0.0
2026,9,27,22,23,22:22,246.3,1.2,1.5,1.9,0.0
2026,9,27,22,24,22:23,246.3,0.8,1.1,1.4,0.0
2026,9,27,22,26,22:25,246.3,1.4,1.7,2.2,0.0
2026,9,27,22,28,22:27,246.3,0.9,1.1,1.4,0.0
2026,9,27,22,29,22:28,246.3,1.0,1.3,1.6,0.0
2026,9,27,22,31,22:31,246.2,1.0,1.3,1.6,0.0
2026,9,27,22,33,22:32,246.3,0.8,1.2,1.5,0.0
2026,9,27,22,34,22:34,246.3,0.9,1.2,1.4,0.0
2026,9,27,22,37,22:36,246.3,1.0,1.2,1.3,0.0
2026,9,27,22,38,22:37,246.3,1.0,1.2,1.5,0.0
2026,9,27,22,39,22:38,246.3,0.8,1.0,1.3,0.0
2026,9,27,22,41,22:41,246.3,1.1,1.2,1.4,0.0
2026,9,27,22,43,22:42,246.3,0.8,0.9,1.1,0.0
2026,9,27,22,44,22:44,246.3,0.6,1.0,1.1,0.0
2026,9,27,22,46,22:45,246.3,0.5,0.8,1.1,0.0
2026,9,27,22,48,22:47,246.3,0.9,1.0,1.2,0.0
2026,9,27,22,49,22:48,246.3,0.8,1.1,1.3,0.0
2026,9,27,22,52,22:51,246.3,0.6,0.9,1.2,0.0
2026,9,27,22,53,22:52,246.3,0.6,1.0,1.7,0.0
2026,9,27,22,54,22:53,246.3,1.3,1.5,1.7,0.0
2026,9,27,22,56,22:55,246.3,1.4,1.8,2.1,0.0
2026,9,27,22,58,22:57,246.3,1.0,1.3,1.8,0.0
2026,9,27,22,59,22:58,246.3,1.3,1.7,2.1,0.0
2026,9,27,23,1,23:00,246.3,1.5,1.7,2.0,0.0
2026,9,27,23,3,23:02,246.3,1.1,1.4,1.7,0.0
2026,9,27,23,4,23:04,246.3,1.5,1.7,1.9,0.0
2026,9,27,23,6,23:05,246.3,1.1,1.4,1.7,0.0
2026,9,27,23,8,23:07,246.3,0.7,1.2,1.9,0.0
2026,9,27,23,9,23:08,246.3,1.5,1.8,2.1,0.0
2026,9,27,23,11,23:11,223.2,1.6,1.8,2.2,0.0
2026,9,27,23,13,23:12,223.2,1.5,1.8,2.0,0.0
2026,9,27,23,14,23:13,223.2,1.2,1.8,2.2,0.0
2026,9,27,23,17,23:16,225.4,1.2,1.8,2.2,0.0
2026,9,27,23,18,23:17,224.1,1.5,1.9,2.2,0.0
2026,9,27,23,19,23:18,224.1,1.4,1.6,2.0,0.0
2026,9,27,23,21,23:21,220.5,1.5,1.8,2.1,0.0
2026,9,27,23,23,23:22,220.5,1.3,1.5,2.0,0.0
2026,9,27,23,24,23:24,220.5,0.8,1.2,1.4,0.0
2026,9,27,23,26,23:25,220.5,1.1,1.6,2.0,0.0
2026,9,27,23,28,23:27,220.5,1.2,1.5,1.9,0.0
2026,9,27,23,29,23:29,220.5,1.0,1.2,1.3,0.0
2026,9,27,23,31,23:30,220.5,0.9,1.2,1.5,0.0
2026,9,27,23,33,23:32,220.5,0.9,1.1,1.3,0.0
2026,9,27,23,34,23:34,220.5,0.8,1.1,1.5,0.0
2026,9,27,23,37,23:36,220.5,0.7,0.9,1.1,0.0
2026,9,27,23,38,23:37,220.5,0.8,1.2,1.5,0.0
2026,9,27,23,39,23:39,220.5,0.8,1.3,1.9,0.0
2026,9,27,23,41,23:41,220.6,1.0,1.3,1.5,0.0
2026,9,27,23,43,23:42,220.5,0.7,1.2,1.6,0.0
2026,9,27,23,44,23:43,220.5,1.0,1.1,1.3,0.0
2026,9,27,23,47,23:46,220.5,0.7,0.8,1.0,0.0
2026,9,27,23,48,23:47,220.5,0.5,0.7,1.1,0.0
2026,9,27,23,49,23:48,220.5,0.7,0.9,1.1,0.0
2026,9,27,23,51,23:51,220.6,0.0,0.2,0.5,0.0
2026,9,27,23,53,23:52,220.5,0.0,0.0,0.0,0.0
2026,9,27,23,54,23:53,220.5,0.0,0.0,0.0,0.0
2026,9,27,23,56,23:55,220.5,0.0,0.0,0.0,0.0
2026,9,27,23,58,23:57,220.6,0.0,0.0,0.0,0.0
2026,9,27,23,59,23:58,220.5,0.0,0.0,0.0,0.0
