# Helsinki Laru (dlarah.org Lauttasaari) 2026-10-01 Suomen aikaa — lähteen Laru_2026-274.txt sellaisenaan
# vuosi kk pv kirjoitus-h kirjoitus-min hh:mm suunta min ka max lämpötila (asemalla ei mittaria)
2026,10,1,0,1,00:00,52.2,0.7,1.1,1.3,0.0
2026,10,1,0,3,00:02,52.2,0.6,1.0,1.3,0.0
2026,10,1,0,4,00:03,52.2,0.6,0.9,1.2,0.0
2026,10,1,0,6,00:05,52.2,0.5,0.8,1.2,0.0
2026,10,1,0,8,00:07,52.2,0.5,0.7,1.0,0.0
2026,10,1,0,9,00:08,52.2,0.0,0.7,0.9,0.0
2026,10,1,0,11,00:10,52.2,0.0,0.8,1.1,0.0
2026,10,1,0,13,00:12,52.2,0.7,0.9,1.1,0.0
2026,10,1,0,14,00:13,52.2,0.0,1.0,1.2,0.0
2026,10,1,0,17,00:16,52.2,0.8,0.9,1.2,0.0
2026,10,1,0,18,00:17,52.2,0.7,0.9,1.1,0.0
2026,10,1,0,19,00:18,52.2,0.6,0.9,1.1,0.0
2026,10,1,0,22,00:21,52.2,0.7,0.9,1.1,0.0
2026,10,1,0,23,00:22,52.3,0.7,1.0,1.3,0.0
2026,10,1,0,24,00:23,52.2,0.7,1.1,1.5,0.0
2026,10,1,0,26,00:25,52.2,0.7,1.1,1.4,0.0
2026,10,1,0,28,00:27,52.2,0.0,1.1,1.4,0.0
2026,10,1,0,29,00:28,52.2,0.8,1.0,1.5,0.0
2026,10,1,0,31,00:30,52.2,0.9,1.1,1.3,0.0
2026,10,1,0,33,00:32,52.2,0.8,1.0,1.3,0.0
2026,10,1,0,34,00:33,52.2,0.7,1.0,1.5,0.0
2026,10,1,0,37,00:36,52.2,0.7,0.9,1.1,0.0
2026,10,1,0,38,00:37,52.2,0.5,0.9,1.2,0.0
2026,10,1,0,39,00:38,52.2,0.8,0.9,1.1,0.0
2026,10,1,0,42,00:41,52.2,0.7,0.9,1.1,0.0
2026,10,1,0,43,00:42,52.2,0.9,1.0,1.2,0.0
2026,10,1,0,44,00:43,52.2,0.8,1.1,1.3,0.0
2026,10,1,0,46,00:45,52.2,1.0,1.2,1.5,0.0
2026,10,1,0,48,00:47,52.3,0.6,0.9,1.3,0.0
2026,10,1,0,49,00:48,52.2,0.8,0.9,1.1,0.0
2026,10,1,0,51,00:50,52.2,0.6,0.8,1.1,0.0
2026,10,1,0,53,00:52,52.2,0.7,0.9,1.1,0.0
2026,10,1,0,54,00:53,52.2,0.7,0.9,1.0,0.0
2026,10,1,0,56,00:55,52.2,0.7,0.9,1.2,0.0
2026,10,1,0,58,00:57,52.2,0.8,1.0,1.3,0.0
2026,10,1,1,1,01:00,52.2,0.0,0.9,1.0,0.0
2026,10,1,1,3,01:02,52.2,0.5,0.9,1.3,0.0
2026,10,1,1,4,01:03,52.2,0.8,0.9,1.2,0.0
2026,10,1,1,6,01:05,52.2,0.7,1.0,1.6,0.0
2026,10,1,1,8,01:07,52.2,0.6,0.7,0.9,0.0
2026,10,1,1,12,01:11,52.2,0.7,1.0,1.2,0.0
2026,10,1,1,13,01:12,52.2,0.8,1.0,1.3,0.0
2026,10,1,1,14,01:13,52.2,0.9,1.0,1.2,0.0
2026,10,1,1,16,01:15,52.2,0.7,1.1,1.4,0.0
2026,10,1,1,18,01:17,52.2,0.7,1.0,1.3,0.0
2026,10,1,1,19,01:18,52.2,0.7,0.9,1.0,0.0
2026,10,1,1,21,01:20,52.2,0.8,0.9,1.0,0.0
2026,10,1,1,23,01:22,52.2,0.7,0.9,1.3,0.0
2026,10,1,1,24,01:23,52.2,0.6,0.8,1.1,0.0
2026,10,1,1,26,01:25,52.2,0.8,0.9,1.0,0.0
2026,10,1,1,28,01:27,52.2,0.9,0.9,1.0,0.0
2026,10,1,1,29,01:28,52.2,0.9,1.0,1.1,0.0
2026,10,1,1,32,01:31,52.2,0.8,0.9,1.0,0.0
2026,10,1,1,33,01:32,52.2,0.8,0.9,1.0,0.0
2026,10,1,1,34,01:33,52.2,0.5,0.7,0.9,0.0
2026,10,1,1,36,01:35,52.2,0.7,0.9,1.1,0.0
2026,10,1,1,38,01:37,52.2,0.7,0.9,1.1,0.0
2026,10,1,1,41,01:40,52.2,0.7,0.9,1.0,0.0
2026,10,1,1,43,01:42,52.2,0.7,0.9,1.0,0.0
2026,10,1,1,44,01:43,52.2,0.7,0.9,1.1,0.0
2026,10,1,1,46,01:45,52.2,0.6,0.7,1.0,0.0
2026,10,1,1,48,01:47,52.2,0.5,0.7,0.9,0.0
2026,10,1,1,49,01:48,52.2,0.7,0.8,0.9,0.0
2026,10,1,1,52,01:51,52.2,0.7,0.9,1.1,0.0
2026,10,1,1,53,01:52,52.2,0.5,0.7,0.9,0.0
2026,10,1,1,54,01:53,52.2,0.7,0.8,0.9,0.0
2026,10,1,1,56,01:55,52.2,0.0,0.6,0.9,0.0
2026,10,1,1,58,01:57,52.2,0.0,0.6,0.8,0.0
2026,10,1,1,59,01:58,52.2,0.6,0.7,0.8,0.0
2026,10,1,2,1,02:00,52.2,0.5,0.8,1.0,0.0
2026,10,1,2,3,02:02,52.2,0.5,0.7,0.9,0.0
2026,10,1,2,4,02:03,52.2,0.0,0.6,0.9,0.0
2026,10,1,2,6,02:05,52.2,0.4,0.6,0.9,0.0
2026,10,1,2,8,02:07,52.2,0.6,0.8,0.9,0.0
2026,10,1,2,9,02:08,52.2,0.7,0.8,0.9,0.0
2026,10,1,2,12,02:11,52.2,0.6,0.7,0.9,0.0
2026,10,1,2,13,02:12,52.2,0.5,0.7,0.8,0.0
2026,10,1,2,14,02:13,52.2,0.5,0.7,1.0,0.0
2026,10,1,2,17,02:16,52.2,0.5,0.7,1.3,0.0
2026,10,1,2,18,02:17,52.2,0.5,0.8,1.2,0.0
2026,10,1,2,19,02:18,52.2,0.5,0.7,1.0,0.0
2026,10,1,2,22,02:21,52.2,0.5,0.7,0.9,0.0
2026,10,1,2,23,02:22,52.2,0.4,0.7,0.9,0.0
2026,10,1,2,24,02:23,52.2,0.6,0.8,1.1,0.0
2026,10,1,2,26,02:25,52.2,0.0,0.5,0.8,0.0
2026,10,1,2,28,02:27,52.2,0.0,0.2,0.5,0.0
2026,10,1,2,29,02:28,52.2,0.0,0.4,0.8,0.0
2026,10,1,2,31,02:30,52.2,0.0,0.6,0.7,0.0
2026,10,1,2,33,02:32,52.2,0.4,0.6,1.0,0.0
2026,10,1,2,34,02:33,52.2,0.0,0.3,0.5,0.0
2026,10,1,2,36,02:35,52.2,0.0,0.1,0.2,0.0
2026,10,1,2,38,02:37,52.2,0.0,0.3,0.7,0.0
2026,10,1,2,39,02:38,52.2,0.0,0.6,0.8,0.0
2026,10,1,2,41,02:40,52.2,0.6,1.0,1.5,0.0
2026,10,1,2,43,02:42,52.2,0.9,1.2,1.6,0.0
2026,10,1,2,44,02:43,52.2,1.1,1.3,1.7,0.0
2026,10,1,2,47,02:46,54.8,1.3,1.5,1.8,0.0
2026,10,1,2,48,02:47,50.3,0.7,1.0,1.3,0.0
2026,10,1,2,49,02:48,50.3,0.7,0.9,1.1,0.0
2026,10,1,2,52,02:51,50.3,0.6,0.8,1.1,0.0
2026,10,1,2,53,02:52,50.3,0.8,0.9,1.2,0.0
2026,10,1,2,54,02:53,50.3,0.7,1.0,1.2,0.0
2026,10,1,2,56,02:55,50.3,1.0,1.2,1.4,0.0
2026,10,1,2,58,02:57,48.0,1.4,1.7,2.1,0.0
2026,10,1,3,1,03:00,47.0,1.0,1.5,2.2,0.0
2026,10,1,3,3,03:02,41.2,0.7,1.3,2.0,0.0
2026,10,1,3,4,03:03,45.5,0.7,1.0,1.3,0.0
2026,10,1,3,6,03:05,45.3,1.0,1.1,1.3,0.0
2026,10,1,3,8,03:07,45.3,0.6,1.0,1.5,0.0
2026,10,1,3,9,03:08,45.4,0.7,1.0,1.5,0.0
2026,10,1,3,12,03:11,45.4,0.8,1.1,1.5,0.0
2026,10,1,3,13,03:12,45.4,0.8,1.0,1.3,0.0
2026,10,1,3,14,03:13,45.4,0.6,0.8,1.1,0.0
2026,10,1,3,17,03:16,45.4,0.6,0.8,0.9,0.0
2026,10,1,3,18,03:17,45.4,0.7,0.9,1.0,0.0
2026,10,1,3,19,03:18,45.4,0.7,1.0,1.6,0.0
2026,10,1,3,22,03:21,45.4,1.0,1.2,1.5,0.0
2026,10,1,3,23,03:22,45.8,0.8,1.2,1.9,0.0
2026,10,1,3,24,03:23,45.4,0.9,1.1,1.6,0.0
2026,10,1,3,26,03:26,50.6,0.8,1.1,1.3,0.0
2026,10,1,3,28,03:27,36.3,0.9,1.1,1.3,0.0
2026,10,1,3,29,03:28,43.9,0.6,1.2,1.5,0.0
2026,10,1,3,31,03:30,45.5,0.9,1.2,1.8,0.0
2026,10,1,3,33,03:32,40.9,0.9,1.3,1.7,0.0
2026,10,1,3,34,03:33,49.4,1.1,1.3,1.6,0.0
2026,10,1,3,36,03:35,49.1,0.7,1.1,1.5,0.0
2026,10,1,3,38,03:37,49.1,0.9,1.2,1.7,0.0
2026,10,1,3,39,03:38,49.1,0.9,1.2,1.7,0.0
2026,10,1,3,41,03:40,47.9,0.6,0.9,1.2,0.0
2026,10,1,3,43,03:42,42.7,1.0,1.2,1.8,0.0
2026,10,1,3,44,03:43,49.5,1.1,1.6,2.2,0.0
2026,10,1,3,46,03:45,49.9,1.0,1.5,2.0,0.0
2026,10,1,3,48,03:47,50.0,1.5,1.9,2.3,0.0
2026,10,1,3,49,03:48,49.6,1.2,1.6,2.3,0.0
2026,10,1,3,51,03:50,52.6,1.3,1.7,2.4,0.0
2026,10,1,3,53,03:52,42.3,1.1,1.4,1.6,0.0
2026,10,1,3,54,03:53,46.8,1.0,1.2,1.5,0.0
2026,10,1,3,56,03:55,51.4,0.0,1.0,1.3,0.0
2026,10,1,3,58,03:57,51.4,0.9,1.1,1.4,0.0
2026,10,1,3,59,03:58,51.4,1.1,1.3,1.5,0.0
2026,10,1,4,2,04:01,51.4,1.0,1.2,1.3,0.0
2026,10,1,4,3,04:02,51.4,1.1,1.2,1.4,0.0
2026,10,1,4,4,04:03,51.4,0.9,1.2,1.4,0.0
2026,10,1,4,7,04:06,51.4,1.0,1.1,1.3,0.0
2026,10,1,4,8,04:07,51.4,0.8,1.0,1.3,0.0
2026,10,1,4,11,04:10,54.3,1.0,1.2,1.5,0.0
2026,10,1,4,13,04:12,62.2,0.9,1.1,1.2,0.0
2026,10,1,4,14,04:13,62.2,1.0,1.2,1.3,0.0
2026,10,1,4,16,04:15,62.2,0.9,1.1,1.2,0.0
2026,10,1,4,18,04:17,62.2,0.8,0.9,1.1,0.0
2026,10,1,4,19,04:18,74.9,0.8,0.9,1.1,0.0
2026,10,1,4,21,04:20,54.7,0.8,0.9,1.1,0.0
2026,10,1,4,23,04:22,54.7,1.0,1.1,1.3,0.0
2026,10,1,4,24,04:23,54.7,0.6,0.8,1.0,0.0
2026,10,1,4,26,04:25,54.7,0.7,0.9,1.1,0.0
2026,10,1,4,28,04:27,54.7,0.6,0.8,1.0,0.0
2026,10,1,4,29,04:28,54.7,0.9,1.0,1.2,0.0
2026,10,1,4,31,04:30,54.7,0.7,0.9,1.1,0.0
2026,10,1,4,33,04:32,54.7,0.6,1.0,1.3,0.0
2026,10,1,4,34,04:33,54.7,0.7,0.9,1.3,0.0
2026,10,1,4,37,04:36,62.8,0.8,1.2,1.8,0.0
2026,10,1,4,38,04:37,58.6,0.7,1.1,1.6,0.0
2026,10,1,4,39,04:38,56.0,0.6,0.7,1.0,0.0
2026,10,1,4,41,04:40,56.0,0.9,1.1,1.5,0.0
2026,10,1,4,43,04:42,52.7,0.7,1.1,1.4,0.0
2026,10,1,4,44,04:43,50.6,0.6,0.7,1.0,0.0
2026,10,1,4,46,04:45,50.6,0.7,0.8,1.1,0.0
2026,10,1,4,48,04:47,50.6,0.9,1.1,1.2,0.0
2026,10,1,4,49,04:48,50.6,0.7,0.9,1.0,0.0
2026,10,1,4,51,04:50,50.7,0.8,0.9,1.1,0.0
2026,10,1,4,53,04:52,59.0,0.9,1.2,1.5,0.0
2026,10,1,4,54,04:53,59.2,0.7,0.9,1.2,0.0
2026,10,1,4,56,04:55,59.2,0.0,0.8,0.9,0.0
2026,10,1,4,58,04:57,59.2,0.7,0.8,0.9,0.0
2026,10,1,4,59,04:58,59.2,0.7,0.8,1.0,0.0
2026,10,1,5,2,05:01,60.8,0.9,1.2,1.6,0.0
2026,10,1,5,3,05:02,61.5,0.8,1.0,1.2,0.0
2026,10,1,5,4,05:03,58.8,0.8,1.0,1.1,0.0
2026,10,1,5,7,05:06,51.5,1.1,1.4,1.7,0.0
2026,10,1,5,8,05:07,55.3,1.1,1.4,1.7,0.0
2026,10,1,5,9,05:08,55.5,1.2,1.4,1.5,0.0
2026,10,1,5,11,05:10,49.7,1.1,1.3,1.6,0.0
2026,10,1,5,13,05:12,46.3,1.0,1.5,2.1,0.0
2026,10,1,5,14,05:13,50.1,1.1,1.4,1.7,0.0
2026,10,1,5,17,05:16,47.7,1.0,1.1,1.2,0.0
2026,10,1,5,18,05:18,47.7,0.9,1.2,1.4,0.0
2026,10,1,5,19,05:18,47.7,0.4,1.0,1.4,0.0
2026,10,1,5,21,05:20,47.7,0.7,0.8,0.9,0.0
2026,10,1,5,23,05:22,47.7,0.6,0.8,1.2,0.0
2026,10,1,5,24,05:23,47.7,0.6,0.8,1.0,0.0
2026,10,1,5,26,05:25,47.7,0.6,1.0,1.4,0.0
2026,10,1,5,28,05:27,56.9,0.5,0.7,1.0,0.0
2026,10,1,5,29,05:28,56.9,0.8,0.9,1.1,0.0
2026,10,1,5,31,05:30,54.6,0.7,1.0,1.5,0.0
2026,10,1,5,33,05:32,48.1,0.0,1.4,2.2,0.0
2026,10,1,5,34,05:33,43.2,0.9,1.2,1.4,0.0
2026,10,1,5,37,05:36,38.0,0.7,1.1,1.4,0.0
2026,10,1,5,38,05:37,43.5,0.9,1.3,1.6,0.0
2026,10,1,5,41,05:40,50.3,1.0,1.4,1.8,0.0
2026,10,1,5,43,05:42,49.7,1.0,1.4,1.8,0.0
2026,10,1,5,44,05:43,46.1,1.0,1.3,1.6,0.0
2026,10,1,5,47,05:46,42.7,0.9,0.9,1.4,0.0
2026,10,1,5,48,05:47,54.4,0.7,1.0,1.4,0.0
2026,10,1,5,49,05:48,62.8,0.4,0.7,0.8,0.0
2026,10,1,5,52,05:51,62.8,0.0,0.0,0.0,0.0
2026,10,1,5,53,05:52,62.8,0.0,0.2,0.3,0.0
2026,10,1,5,54,05:53,62.8,0.0,0.3,0.5,0.0
2026,10,1,5,56,05:55,53.5,0.0,0.4,0.9,0.0
2026,10,1,5,58,05:57,34.4,0.0,0.2,0.3,0.0
2026,10,1,5,59,05:58,34.5,0.0,0.1,0.2,0.0
2026,10,1,6,2,06:01,10.6,0.0,0.9,1.7,0.0
2026,10,1,6,3,06:02,355.4,1.1,1.4,1.6,0.0
2026,10,1,6,4,06:03,334.0,1.0,1.3,1.4,0.0
2026,10,1,6,7,06:06,337.7,1.2,1.4,1.6,0.0
2026,10,1,6,8,06:07,341.3,1.0,1.2,1.4,0.0
2026,10,1,6,11,06:10,341.3,0.7,0.8,1.3,0.0
2026,10,1,6,13,06:12,341.3,0.0,0.0,0.0,0.0
2026,10,1,6,14,06:13,341.3,0.0,0.0,0.0,0.0
2026,10,1,6,17,06:16,341.3,0.0,0.1,0.2,0.0
2026,10,1,6,18,06:17,341.3,0.0,0.1,0.5,0.0
2026,10,1,6,19,06:18,341.3,0.0,0.0,0.0,0.0
2026,10,1,6,21,06:20,341.3,0.0,0.1,0.2,0.0
2026,10,1,6,23,06:22,341.3,0.0,0.0,0.0,0.0
2026,10,1,6,24,06:23,341.3,0.0,0.0,0.0,0.0
2026,10,1,6,26,06:25,341.3,0.0,0.2,0.4,0.0
2026,10,1,6,28,06:27,341.3,0.0,0.0,0.0,0.0
2026,10,1,6,29,06:28,341.3,0.0,0.6,0.9,0.0
2026,10,1,6,32,06:31,341.3,0.6,1.0,1.3,0.0
2026,10,1,6,33,06:32,341.3,0.6,1.1,1.6,0.0
2026,10,1,6,34,06:33,342.2,0.0,0.6,1.1,0.0
2026,10,1,6,36,06:35,347.2,0.0,0.6,1.2,0.0
2026,10,1,6,38,06:37,348.6,0.0,0.4,1.3,0.0
2026,10,1,6,39,06:38,350.3,0.0,0.3,0.6,0.0
2026,10,1,6,42,06:41,26.0,0.5,0.8,0.9,0.0
2026,10,1,6,43,06:42,26.0,0.0,0.5,0.7,0.0
2026,10,1,6,44,06:43,26.1,0.0,0.5,0.9,0.0
2026,10,1,6,46,06:45,26.0,0.0,0.5,0.8,0.0
2026,10,1,6,48,06:47,26.0,0.5,0.6,0.7,0.0
2026,10,1,6,49,06:48,26.1,0.5,0.7,0.8,0.0
2026,10,1,6,52,06:51,26.1,0.5,0.7,0.9,0.0
2026,10,1,6,53,06:52,26.0,0.0,0.6,0.9,0.0
2026,10,1,6,54,06:53,26.0,0.0,0.5,0.8,0.0
2026,10,1,6,56,06:55,25.9,0.0,0.6,1.0,0.0
2026,10,1,6,58,06:57,26.1,0.0,0.4,0.6,0.0
2026,10,1,6,59,06:58,26.0,0.0,0.4,0.5,0.0
2026,10,1,7,1,07:00,25.9,0.0,0.4,0.8,0.0
2026,10,1,7,3,07:02,26.0,0.5,0.7,0.8,0.0
2026,10,1,7,4,07:03,26.0,0.0,0.4,0.8,0.0
2026,10,1,7,6,07:05,26.1,0.0,0.5,0.9,0.0
2026,10,1,7,8,07:07,26.0,0.0,0.4,0.6,0.0
2026,10,1,7,11,07:10,25.9,0.0,0.5,0.6,0.0
2026,10,1,7,13,07:12,26.0,0.0,0.2,0.3,0.0
2026,10,1,7,14,07:13,26.0,0.0,0.5,0.8,0.0
2026,10,1,7,16,07:15,26.0,0.0,0.7,1.0,0.0
2026,10,1,7,18,07:17,25.9,0.7,0.9,1.1,0.0
2026,10,1,7,19,07:18,30.2,0.0,1.2,1.6,0.0
2026,10,1,7,22,07:21,36.6,0.5,0.7,0.9,0.0
2026,10,1,7,23,07:22,36.3,0.7,1.0,1.2,0.0
2026,10,1,7,24,07:23,36.5,0.6,0.9,1.2,0.0
2026,10,1,7,26,07:25,39.8,0.6,0.8,1.1,0.0
2026,10,1,7,28,07:27,39.8,0.0,0.8,1.2,0.0
2026,10,1,7,29,07:28,39.8,0.0,0.6,1.0,0.0
2026,10,1,7,31,07:30,39.8,0.0,0.6,0.9,0.0
2026,10,1,7,33,07:32,39.8,0.0,0.5,0.6,0.0
2026,10,1,7,34,07:33,39.8,0.0,0.3,0.4,0.0
2026,10,1,7,36,07:35,39.8,0.0,0.1,0.3,0.0
2026,10,1,7,38,07:37,39.8,0.0,0.3,0.5,0.0
2026,10,1,7,39,07:38,39.8,0.0,0.3,0.5,0.0
2026,10,1,7,41,07:40,39.8,0.0,0.0,0.0,0.0
2026,10,1,7,43,07:42,10.2,0.0,0.6,1.1,0.0
2026,10,1,7,44,07:43,3.2,0.0,0.3,0.7,0.0
2026,10,1,7,46,07:45,3.2,0.0,0.4,0.7,0.0
2026,10,1,7,48,07:47,3.2,0.6,0.8,0.9,0.0
2026,10,1,7,49,07:48,3.2,0.7,0.8,0.9,0.0
2026,10,1,7,51,07:50,3.2,0.0,0.3,0.4,0.0
2026,10,1,7,53,07:52,3.2,0.0,0.0,0.0,0.0
2026,10,1,7,54,07:53,3.2,0.0,0.0,0.0,0.0
2026,10,1,7,56,07:56,3.2,0.0,0.2,0.4,0.0
2026,10,1,7,58,07:57,3.2,0.0,0.7,0.8,0.0
2026,10,1,7,59,07:58,3.2,0.4,0.7,0.8,0.0
2026,10,1,8,1,08:00,3.2,0.0,0.0,0.0,0.0
2026,10,1,8,3,08:02,3.2,0.0,0.3,0.7,0.0
2026,10,1,8,4,08:03,3.2,0.0,0.0,0.0,0.0
2026,10,1,8,6,08:05,3.2,0.0,0.0,0.0,0.0
2026,10,1,8,8,08:07,3.2,0.5,0.7,1.0,0.0
2026,10,1,8,11,08:10,3.2,0.0,0.5,0.6,0.0
2026,10,1,8,13,08:12,3.2,0.6,0.7,0.8,0.0
2026,10,1,8,14,08:13,3.2,0.5,0.7,0.8,0.0
2026,10,1,8,17,08:16,3.2,0.5,0.6,0.9,0.0
2026,10,1,8,18,08:17,3.2,0.0,0.3,0.5,0.0
2026,10,1,8,19,08:18,3.2,0.0,0.0,0.0,0.0
2026,10,1,8,22,08:21,3.2,0.0,0.0,0.0,0.0
2026,10,1,8,23,08:22,3.2,0.0,0.0,0.0,0.0
2026,10,1,8,24,08:23,3.2,0.0,0.0,0.0,0.0
2026,10,1,8,26,08:25,3.2,0.0,0.0,0.0,0.0
2026,10,1,8,28,08:27,3.2,0.0,0.3,0.6,0.0
2026,10,1,8,29,08:28,3.2,0.0,0.2,0.2,0.0
2026,10,1,8,31,08:30,3.2,0.0,0.3,0.3,0.0
2026,10,1,8,33,08:32,3.2,0.0,0.2,0.3,0.0
2026,10,1,8,34,08:33,3.2,0.0,0.1,0.2,0.0
2026,10,1,8,36,08:35,3.2,0.0,0.0,0.0,0.0
2026,10,1,8,38,08:37,3.2,0.0,0.1,0.3,0.0
2026,10,1,8,39,08:38,3.2,0.0,0.0,0.0,0.0
2026,10,1,8,42,08:41,3.2,0.0,0.2,0.4,0.0
2026,10,1,8,43,08:42,3.2,0.0,0.2,0.4,0.0
2026,10,1,8,44,08:43,3.2,0.0,0.2,0.2,0.0
2026,10,1,8,46,08:45,3.2,0.0,0.3,0.4,0.0
2026,10,1,8,48,08:47,3.2,0.0,0.2,0.3,0.0
2026,10,1,8,49,08:48,3.2,0.0,0.3,0.5,0.0
2026,10,1,8,52,08:51,3.2,0.0,0.1,0.3,0.0
2026,10,1,8,53,08:52,3.2,0.0,0.3,0.4,0.0
2026,10,1,8,54,08:53,3.2,0.0,0.3,0.5,0.0
2026,10,1,8,56,08:55,3.2,0.0,0.4,0.5,0.0
2026,10,1,8,58,08:57,3.2,0.0,0.2,0.3,0.0
2026,10,1,8,59,08:58,3.2,0.0,0.4,0.5,0.0
2026,10,1,9,1,09:00,3.2,0.0,0.3,0.4,0.0
2026,10,1,9,3,09:02,3.2,0.0,0.2,0.7,0.0
2026,10,1,9,4,09:03,3.2,0.0,0.0,0.0,0.0
2026,10,1,9,6,09:05,3.2,0.0,0.1,0.1,0.0
2026,10,1,9,8,09:07,3.2,0.0,0.0,0.0,0.0
2026,10,1,9,11,09:10,3.2,0.0,0.1,0.2,0.0
2026,10,1,9,13,09:12,3.2,0.0,0.2,0.2,0.0
2026,10,1,9,14,09:13,3.2,0.0,0.3,0.5,0.0
2026,10,1,9,16,09:15,3.2,0.0,0.4,0.5,0.0
2026,10,1,9,18,09:17,3.2,0.0,0.5,0.6,0.0
2026,10,1,9,19,09:18,3.2,0.5,0.6,0.6,0.0
2026,10,1,9,21,09:20,44.5,0.0,0.7,1.2,0.0
2026,10,1,9,23,09:22,44.5,0.0,0.5,0.6,0.0
2026,10,1,9,24,09:23,44.5,0.0,0.4,0.6,0.0
2026,10,1,9,26,09:25,44.5,0.0,0.6,0.7,0.0
2026,10,1,9,28,09:27,44.5,0.8,0.9,1.0,0.0
2026,10,1,9,29,09:28,44.5,0.8,1.1,1.2,0.0
2026,10,1,9,32,09:30,50.3,0.0,0.8,1.1,0.0
2026,10,1,9,33,09:32,53.9,0.9,1.2,1.4,0.0
2026,10,1,9,34,09:33,53.5,0.4,0.8,1.1,0.0
2026,10,1,9,36,09:35,53.5,0.0,0.7,1.3,0.0
2026,10,1,9,38,09:37,53.5,0.0,0.6,0.9,0.0
2026,10,1,9,41,09:40,60.5,1.0,1.2,1.5,0.0
2026,10,1,9,43,09:42,58.3,0.6,1.0,1.9,0.0
2026,10,1,9,44,09:43,58.9,0.0,0.9,1.4,0.0
2026,10,1,9,47,09:46,55.9,0.0,0.6,1.0,0.0
2026,10,1,9,48,09:47,62.4,0.3,0.9,1.4,0.0
2026,10,1,9,49,09:48,55.0,0.6,1.2,2.0,0.0
2026,10,1,9,51,09:50,66.7,0.7,1.3,1.5,0.0
2026,10,1,9,53,09:52,59.0,1.0,1.2,1.4,0.0
2026,10,1,9,54,09:53,57.1,0.0,0.8,1.7,0.0
2026,10,1,9,56,09:55,59.8,0.9,1.2,1.6,0.0
2026,10,1,9,58,09:57,81.2,0.6,0.7,1.5,0.0
2026,10,1,10,1,10:00,65.8,0.0,0.2,0.2,0.0
2026,10,1,10,3,10:02,65.7,0.0,0.4,1.1,0.0
2026,10,1,10,4,10:03,64.3,0.0,0.6,1.1,0.0
2026,10,1,10,6,10:05,63.8,0.0,0.2,0.4,0.0
2026,10,1,10,8,10:07,63.8,0.0,0.3,0.7,0.0
2026,10,1,10,9,10:08,63.8,0.0,0.2,0.6,0.0
2026,10,1,10,11,10:10,66.2,0.0,0.4,1.2,0.0
2026,10,1,10,13,10:12,71.8,0.0,0.3,0.9,0.0
2026,10,1,10,14,10:13,71.8,0.0,0.1,0.5,0.0
2026,10,1,10,17,10:15,71.8,0.0,0.2,0.5,0.0
2026,10,1,10,18,10:17,71.8,0.0,0.4,0.6,0.0
2026,10,1,10,19,10:18,71.8,0.3,0.5,0.7,0.0
2026,10,1,10,22,10:21,71.8,0.0,0.0,0.0,0.0
2026,10,1,10,23,10:22,71.8,0.0,0.4,0.9,0.0
2026,10,1,10,24,10:23,71.8,0.0,0.3,0.6,0.0
2026,10,1,10,27,10:26,71.8,0.0,0.5,1.1,0.0
2026,10,1,10,28,10:27,71.8,0.0,0.4,0.6,0.0
2026,10,1,10,29,10:28,71.8,0.0,0.1,0.3,0.0
2026,10,1,10,31,10:30,71.8,0.0,0.2,0.2,0.0
2026,10,1,10,33,10:32,71.8,0.0,0.0,0.0,0.0
2026,10,1,10,34,10:33,71.8,0.0,0.2,0.5,0.0
2026,10,1,10,36,10:35,71.9,0.0,0.0,0.0,0.0
2026,10,1,10,38,10:37,71.9,0.0,0.6,0.9,0.0
2026,10,1,10,39,10:38,71.9,0.0,0.2,0.2,0.0
2026,10,1,10,42,10:41,71.8,0.0,0.0,0.0,0.0
2026,10,1,10,43,10:42,71.8,0.0,0.2,0.4,0.0
2026,10,1,10,44,10:43,82.7,0.0,0.4,1.5,0.0
2026,10,1,10,46,10:45,90.9,0.0,0.5,0.9,0.0
2026,10,1,10,48,10:47,140.7,0.0,0.6,1.1,0.0
2026,10,1,10,49,10:48,86.2,0.0,0.4,0.9,0.0
2026,10,1,10,52,10:51,161.9,0.0,0.4,1.3,0.0
2026,10,1,10,53,10:52,167.3,0.0,0.3,0.3,0.0
2026,10,1,10,54,10:53,164.5,0.0,0.9,1.9,0.0
2026,10,1,10,57,10:56,140.9,0.0,0.5,2.0,0.0
2026,10,1,10,58,10:57,129.3,0.0,0.6,1.1,0.0
2026,10,1,10,59,10:58,141.1,0.0,0.6,1.5,0.0
2026,10,1,11,1,11:00,145.9,0.0,0.6,1.6,0.0
2026,10,1,11,3,11:02,141.0,0.0,0.2,0.4,0.0
2026,10,1,11,4,11:03,137.2,0.0,0.6,2.0,0.0
2026,10,1,11,6,11:05,182.4,0.0,0.1,0.1,0.0
2026,10,1,11,8,11:07,157.2,0.0,0.3,0.5,0.0
2026,10,1,11,9,11:08,150.6,0.0,0.2,0.6,0.0
2026,10,1,11,11,11:10,164.7,0.0,0.6,1.6,0.0
2026,10,1,11,13,11:12,143.8,0.0,0.4,1.0,0.0
2026,10,1,11,14,11:13,140.2,0.0,0.4,0.7,0.0
2026,10,1,11,16,11:15,142.9,0.0,0.8,1.9,0.0
2026,10,1,11,18,11:17,143.9,0.0,0.6,1.1,0.0
2026,10,1,11,19,11:18,141.3,0.0,0.2,0.5,0.0
2026,10,1,11,21,11:20,147.0,0.0,0.5,1.7,0.0
2026,10,1,11,23,11:22,130.2,0.0,0.4,0.5,0.0
2026,10,1,11,24,11:23,105.1,0.3,0.4,0.9,0.0
2026,10,1,11,27,11:26,158.4,0.0,0.4,0.9,0.0
2026,10,1,11,28,11:27,126.3,0.0,0.5,1.4,0.0
2026,10,1,11,29,11:28,146.2,0.0,0.9,2.5,0.0
2026,10,1,11,31,11:30,162.7,0.0,0.5,1.0,0.0
2026,10,1,11,33,11:32,154.6,0.4,0.7,1.0,0.0
2026,10,1,11,34,11:33,151.4,0.0,0.3,0.4,0.0
2026,10,1,11,36,11:35,138.4,0.0,0.2,0.9,0.0
2026,10,1,11,38,11:37,138.4,0.0,0.0,0.0,0.0
2026,10,1,11,39,11:38,141.4,0.0,0.3,1.1,0.0
2026,10,1,11,41,11:40,117.7,0.0,0.6,1.1,0.0
2026,10,1,11,43,11:42,151.7,0.0,0.3,0.5,0.0
2026,10,1,11,44,11:43,173.8,0.0,0.0,0.0,0.0
2026,10,1,11,46,11:45,173.0,0.0,0.5,2.4,0.0
2026,10,1,11,48,11:47,159.0,0.0,0.6,1.1,0.0
2026,10,1,11,51,11:50,133.1,0.0,0.9,2.5,0.0
2026,10,1,11,53,11:52,149.1,0.0,0.6,1.7,0.0
2026,10,1,11,54,11:53,159.7,0.0,0.5,1.2,0.0
2026,10,1,11,57,11:56,94.3,0.0,0.1,0.2,0.0
2026,10,1,11,58,11:57,138.6,0.0,0.7,1.2,0.0
2026,10,1,12,1,12:00,165.9,0.4,1.1,2.1,0.0
2026,10,1,12,3,12:02,167.1,0.0,0.4,1.0,0.0
2026,10,1,12,4,12:03,166.4,0.0,0.7,1.7,0.0
2026,10,1,12,6,12:05,185.4,0.0,0.4,1.0,0.0
2026,10,1,12,8,12:07,132.6,0.0,0.3,0.5,0.0
2026,10,1,12,9,12:08,153.6,0.0,0.5,1.6,0.0
2026,10,1,12,12,12:11,170.6,0.0,0.5,1.1,0.0
2026,10,1,12,13,12:12,154.4,0.0,0.3,0.9,0.0
2026,10,1,12,14,12:13,121.7,0.0,0.4,0.8,0.0
2026,10,1,12,16,12:15,159.2,0.3,0.5,1.6,0.0
2026,10,1,12,18,12:17,126.7,0.0,0.6,1.8,0.0
2026,10,1,12,20,12:18,143.3,0.0,0.5,1.1,0.0
2026,10,1,12,22,12:21,140.8,0.0,0.3,0.5,0.0
2026,10,1,12,23,12:23,131.1,0.0,0.4,0.5,0.0
2026,10,1,12,24,12:23,135.5,0.0,0.3,0.8,0.0
2026,10,1,12,27,12:26,135.4,0.0,0.1,0.1,0.0
2026,10,1,12,28,12:27,135.4,0.0,0.2,0.9,0.0
2026,10,1,12,29,12:28,147.4,0.0,0.3,1.1,0.0
2026,10,1,12,32,12:31,117.6,0.0,0.0,0.0,0.0
2026,10,1,12,33,12:32,117.6,0.0,0.0,0.0,0.0
2026,10,1,12,34,12:33,117.6,0.0,0.0,0.0,0.0
2026,10,1,12,36,12:35,138.5,0.0,0.3,0.9,0.0
2026,10,1,12,38,12:37,139.1,0.0,0.7,2.0,0.0
2026,10,1,12,42,12:40,161.7,0.0,1.0,2.2,0.0
2026,10,1,12,43,12:42,133.5,0.6,1.0,2.2,0.0
2026,10,1,12,44,12:43,166.8,0.0,0.0,0.0,0.0
2026,10,1,12,46,12:45,166.8,0.0,0.0,0.0,0.0
2026,10,1,12,48,12:47,141.2,0.0,0.3,0.8,0.0
2026,10,1,12,49,12:48,163.2,0.0,0.5,1.0,0.0
2026,10,1,12,51,12:50,171.4,0.0,0.2,0.5,0.0
2026,10,1,12,53,12:52,146.5,0.4,0.7,1.8,0.0
2026,10,1,12,54,12:53,136.1,0.0,0.3,1.4,0.0
2026,10,1,12,56,12:55,157.8,0.0,0.6,1.2,0.0
2026,10,1,12,58,12:57,142.6,0.0,0.3,0.6,0.0
2026,10,1,12,59,12:58,142.6,0.0,0.1,0.3,0.0
2026,10,1,13,2,13:01,165.6,0.0,0.7,2.3,0.0
2026,10,1,13,3,13:02,168.0,0.0,0.0,0.0,0.0
2026,10,1,13,4,13:03,158.0,0.0,0.5,1.4,0.0
2026,10,1,13,7,13:06,160.9,0.0,0.2,0.5,0.0
2026,10,1,13,8,13:07,160.9,0.0,0.0,0.0,0.0
2026,10,1,13,11,13:10,148.2,0.0,0.7,2.1,0.0
2026,10,1,13,13,13:12,160.4,0.0,0.2,0.3,0.0
2026,10,1,13,14,13:13,160.8,0.0,1.1,2.4,0.0
2026,10,1,13,17,13:16,160.2,0.7,1.3,2.2,0.0
2026,10,1,13,18,13:17,166.7,0.0,0.2,0.4,0.0
2026,10,1,13,19,13:18,166.7,0.0,0.5,1.1,0.0
2026,10,1,13,22,13:21,166.6,0.0,0.4,1.2,0.0
2026,10,1,13,23,13:22,161.7,0.0,0.2,0.4,0.0
2026,10,1,13,24,13:23,161.7,0.0,0.3,1.2,0.0
2026,10,1,13,27,13:26,157.6,0.6,1.4,2.4,0.0
2026,10,1,13,28,13:27,151.1,0.0,0.9,1.9,0.0
2026,10,1,13,31,13:30,156.3,0.5,0.8,1.9,0.0
2026,10,1,13,33,13:32,150.3,0.0,0.6,1.6,0.0
2026,10,1,13,34,13:33,149.7,0.0,0.4,1.4,0.0
2026,10,1,13,37,13:35,159.4,0.5,1.4,2.3,0.0
2026,10,1,13,38,13:37,145.3,0.0,0.4,1.2,0.0
2026,10,1,13,39,13:38,140.0,0.0,0.4,1.5,0.0
2026,10,1,13,41,13:40,160.0,0.5,1.5,2.9,0.0
2026,10,1,13,43,13:42,149.6,0.5,0.9,2.2,0.0
2026,10,1,13,44,13:43,159.6,0.0,0.2,0.5,0.0
2026,10,1,13,48,13:47,154.3,0.1,1.3,2.8,0.0
2026,10,1,13,51,13:50,155.6,0.0,0.1,1.1,0.0
2026,10,1,13,53,13:52,186.0,0.0,0.2,0.3,0.0
2026,10,1,13,54,13:53,170.0,0.0,0.6,2.3,0.0
2026,10,1,13,56,13:55,119.1,0.0,0.4,1.0,0.0
2026,10,1,13,58,13:57,116.7,0.0,0.1,0.2,0.0
2026,10,1,13,59,13:58,116.7,0.0,0.1,0.3,0.0
2026,10,1,14,2,14:01,163.8,0.3,1.2,2.5,0.0
2026,10,1,14,3,14:02,163.6,0.4,1.2,2.7,0.0
2026,10,1,14,4,14:03,143.9,0.5,1.1,2.3,0.0
2026,10,1,14,6,14:05,157.0,0.0,1.3,2.6,0.0
2026,10,1,14,8,14:07,148.9,0.0,0.9,2.9,0.0
2026,10,1,14,9,14:08,165.5,0.0,0.6,1.1,0.0
2026,10,1,14,11,14:10,158.6,0.0,0.7,1.4,0.0
2026,10,1,14,13,14:12,154.8,0.0,0.5,0.8,0.0
2026,10,1,14,14,14:13,154.7,0.0,0.2,0.5,0.0
2026,10,1,14,16,14:15,160.9,0.0,0.4,0.9,0.0
2026,10,1,14,18,14:17,160.9,0.0,0.2,0.4,0.0
2026,10,1,14,19,14:18,160.9,0.0,0.3,0.7,0.0
2026,10,1,14,22,14:21,174.0,0.0,0.9,2.0,0.0
2026,10,1,14,23,14:22,110.3,0.0,0.6,1.9,0.0
2026,10,1,14,24,14:23,142.0,0.5,0.5,1.2,0.0
2026,10,1,14,26,14:25,153.3,0.7,1.2,2.5,0.0
2026,10,1,14,28,14:27,137.5,0.0,0.6,1.3,0.0
2026,10,1,14,29,14:28,155.8,0.0,0.4,0.6,0.0
2026,10,1,14,32,14:31,162.9,0.0,0.6,1.1,0.0
2026,10,1,14,33,14:32,169.5,0.0,0.4,1.3,0.0
2026,10,1,14,34,14:33,157.1,0.0,0.9,2.1,0.0
2026,10,1,14,37,14:35,142.6,0.0,0.3,0.5,0.0
2026,10,1,14,38,14:37,140.1,0.0,0.6,1.5,0.0
2026,10,1,14,39,14:38,153.5,0.0,0.4,1.4,0.0
2026,10,1,14,41,14:40,131.2,0.0,0.3,0.6,0.0
2026,10,1,14,43,14:42,127.2,0.0,0.6,1.2,0.0
2026,10,1,14,44,14:43,155.5,0.3,0.5,1.3,0.0
2026,10,1,14,47,14:46,70.8,0.0,0.3,0.5,0.0
2026,10,1,14,48,14:47,111.1,0.0,0.4,0.8,0.0
2026,10,1,14,49,14:48,145.2,0.0,0.4,1.5,0.0
2026,10,1,14,52,14:51,125.4,0.0,0.8,1.6,0.0
2026,10,1,14,53,14:52,164.7,0.4,0.8,1.7,0.0
2026,10,1,14,54,14:53,161.8,0.5,0.6,0.9,0.0
2026,10,1,14,57,14:56,167.2,0.4,0.8,1.3,0.0
2026,10,1,14,58,14:57,140.2,0.4,1.0,2.6,0.0
2026,10,1,14,59,14:58,140.5,0.7,1.2,2.3,0.0
2026,10,1,15,1,15:00,167.1,0.4,0.6,1.0,0.0
2026,10,1,15,3,15:02,132.6,0.0,0.2,0.5,0.0
2026,10,1,15,4,15:03,148.0,0.0,0.4,1.1,0.0
2026,10,1,15,6,15:05,154.6,0.0,0.5,1.0,0.0
2026,10,1,15,8,15:07,137.8,0.0,0.2,0.3,0.0
2026,10,1,15,9,15:08,137.8,0.0,0.3,0.6,0.0
2026,10,1,15,11,15:10,116.1,0.0,0.4,0.6,0.0
2026,10,1,15,13,15:12,126.0,0.0,0.4,0.7,0.0
2026,10,1,15,14,15:13,136.2,0.2,0.9,2.3,0.0
2026,10,1,15,16,15:15,168.0,0.0,0.7,2.1,0.0
2026,10,1,15,18,15:17,170.3,0.0,0.5,0.8,0.0
2026,10,1,15,19,15:18,156.4,0.0,0.7,1.6,0.0
2026,10,1,15,22,15:21,158.3,0.0,0.4,0.6,0.0
2026,10,1,15,23,15:22,154.9,0.0,0.5,1.2,0.0
2026,10,1,15,24,15:23,167.1,0.0,0.4,1.0,0.0
2026,10,1,15,26,15:25,155.2,0.5,1.4,3.0,0.0
2026,10,1,15,28,15:27,130.9,0.5,0.7,1.0,0.0
2026,10,1,15,29,15:28,152.3,0.0,0.9,2.2,0.0
2026,10,1,15,32,15:30,143.9,0.5,0.8,1.3,0.0
2026,10,1,15,33,15:32,134.1,0.0,0.4,0.8,0.0
2026,10,1,15,34,15:33,134.1,0.0,0.1,0.2,0.0
2026,10,1,15,36,15:35,141.7,0.5,0.8,2.0,0.0
2026,10,1,15,38,15:37,149.1,0.5,0.9,1.4,0.0
2026,10,1,15,39,15:38,151.5,0.0,0.7,1.1,0.0
2026,10,1,15,41,15:40,194.8,0.3,0.5,0.7,0.0
2026,10,1,15,43,15:42,194.8,0.0,0.5,0.7,0.0
2026,10,1,15,44,15:43,122.2,0.3,0.7,1.4,0.0
2026,10,1,15,46,15:45,168.1,0.0,0.9,1.6,0.0
2026,10,1,15,48,15:47,134.8,0.0,0.2,0.4,0.0
2026,10,1,15,49,15:48,134.8,0.0,0.0,0.0,0.0
2026,10,1,15,52,15:51,165.0,0.0,0.1,0.6,0.0
2026,10,1,15,53,15:52,165.0,0.0,0.0,0.0,0.0
2026,10,1,15,54,15:53,165.0,0.0,0.2,0.4,0.0
2026,10,1,15,56,15:55,165.0,0.0,0.0,0.0,0.0
2026,10,1,15,58,15:57,165.0,0.0,0.4,0.5,0.0
2026,10,1,15,59,15:58,165.0,0.0,0.1,0.1,0.0
2026,10,1,16,2,16:01,165.0,0.0,0.3,0.8,0.0
2026,10,1,16,3,16:02,31.4,0.0,0.3,1.0,0.0
2026,10,1,16,4,16:03,85.5,0.0,0.4,0.9,0.0
2026,10,1,16,6,16:05,116.2,0.0,0.6,1.4,0.0
2026,10,1,16,8,16:07,89.4,0.0,0.2,0.4,0.0
2026,10,1,16,9,16:08,58.6,0.0,0.4,1.1,0.0
2026,10,1,16,11,16:10,43.7,0.4,0.3,0.7,0.0
2026,10,1,16,13,16:12,50.1,0.4,0.4,0.7,0.0
2026,10,1,16,14,16:13,93.6,0.0,0.6,1.8,0.0
2026,10,1,16,17,16:16,108.7,0.0,0.1,0.3,0.0
2026,10,1,16,18,16:17,108.7,0.0,0.1,0.2,0.0
2026,10,1,16,19,16:18,108.7,0.0,0.2,0.2,0.0
2026,10,1,16,21,16:20,99.4,0.0,0.6,1.6,0.0
2026,10,1,16,23,16:22,83.8,0.0,0.0,0.0,0.0
2026,10,1,16,24,16:23,69.8,0.5,0.8,1.0,0.0
2026,10,1,16,26,16:25,65.7,0.0,0.8,1.7,0.0
2026,10,1,16,28,16:27,62.6,0.0,0.6,1.5,0.0
2026,10,1,16,29,16:28,69.6,0.0,0.4,0.6,0.0
2026,10,1,16,31,16:30,85.0,0.0,0.3,0.6,0.0
2026,10,1,16,33,16:32,85.0,0.0,0.3,0.7,0.0
2026,10,1,16,34,16:33,85.0,0.0,0.0,0.0,0.0
2026,10,1,16,36,16:35,85.0,0.0,0.1,0.2,0.0
2026,10,1,16,38,16:37,68.0,0.0,0.1,0.3,0.0
2026,10,1,16,39,16:38,68.0,0.0,0.5,0.8,0.0
2026,10,1,16,41,16:40,68.0,0.0,0.5,0.8,0.0
2026,10,1,16,43,16:42,68.0,0.0,0.2,0.3,0.0
2026,10,1,16,44,16:43,67.9,0.0,0.2,0.8,0.0
2026,10,1,16,47,16:46,68.8,0.0,0.2,0.4,0.0
2026,10,1,16,48,16:47,73.4,0.0,0.4,1.1,0.0
2026,10,1,16,49,16:48,74.3,0.0,0.1,0.4,0.0
2026,10,1,16,51,16:50,79.7,0.0,0.4,1.5,0.0
2026,10,1,16,53,16:52,79.7,0.0,0.0,0.0,0.0
2026,10,1,16,54,16:53,89.6,0.0,0.2,0.5,0.0
2026,10,1,16,56,16:55,97.9,0.0,0.0,0.0,0.0
2026,10,1,16,58,16:57,97.9,0.0,0.1,0.3,0.0
2026,10,1,16,59,16:58,97.9,0.0,0.1,0.3,0.0
2026,10,1,17,2,17:01,98.0,0.0,0.0,0.0,0.0
2026,10,1,17,3,17:02,97.9,0.0,0.0,0.0,0.0
2026,10,1,17,4,17:03,98.0,0.0,0.2,0.4,0.0
2026,10,1,17,6,17:05,98.0,0.0,0.1,0.1,0.0
2026,10,1,17,8,17:07,97.9,0.0,0.0,0.0,0.0
2026,10,1,17,9,17:08,98.0,0.0,0.0,0.0,0.0
2026,10,1,17,11,17:10,97.9,0.0,0.0,0.0,0.0
2026,10,1,17,13,17:12,97.9,0.0,0.2,1.0,0.0
2026,10,1,17,14,17:13,97.9,0.0,0.0,0.0,0.0
2026,10,1,17,17,17:16,97.9,0.0,0.0,0.0,0.0
2026,10,1,17,18,17:17,97.9,0.0,0.2,0.5,0.0
2026,10,1,17,19,17:18,97.9,0.0,0.0,0.0,0.0
2026,10,1,17,21,17:20,62.4,0.0,0.3,0.6,0.0
2026,10,1,17,23,17:22,66.3,0.0,0.0,0.0,0.0
2026,10,1,17,24,17:23,66.3,0.0,0.0,0.0,0.0
2026,10,1,17,26,17:25,87.7,0.0,0.0,0.0,0.0
2026,10,1,17,28,17:27,87.7,0.0,0.0,0.0,0.0
2026,10,1,17,29,17:28,87.7,0.0,0.0,0.0,0.0
2026,10,1,17,31,17:30,87.7,0.0,0.2,0.5,0.0
2026,10,1,17,33,17:32,87.7,0.0,0.1,0.1,0.0
2026,10,1,17,34,17:33,72.6,0.0,0.9,2.1,0.0
2026,10,1,17,36,17:35,103.5,0.0,0.1,0.3,0.0
2026,10,1,17,38,17:37,83.6,0.0,0.3,0.7,0.0
2026,10,1,17,39,17:38,73.9,0.0,0.3,0.6,0.0
2026,10,1,17,42,17:41,75.8,0.0,0.3,0.7,0.0
2026,10,1,17,43,17:42,85.5,0.0,0.1,0.2,0.0
2026,10,1,17,44,17:43,72.1,0.0,0.3,0.8,0.0
2026,10,1,17,47,17:46,82.9,0.0,0.5,1.2,0.0
2026,10,1,17,48,17:47,93.4,0.0,0.2,0.8,0.0
2026,10,1,17,49,17:48,83.3,0.3,0.8,2.7,0.0
2026,10,1,17,52,17:51,62.6,0.0,0.0,0.0,0.0
2026,10,1,17,53,17:52,69.6,0.0,0.3,0.9,0.0
2026,10,1,17,54,17:53,97.9,0.0,0.3,0.5,0.0
2026,10,1,17,56,17:55,81.7,0.0,0.4,1.1,0.0
2026,10,1,17,58,17:57,56.4,0.0,0.3,1.2,0.0
2026,10,1,17,59,17:58,63.9,0.0,0.1,0.2,0.0
2026,10,1,18,1,18:00,85.6,0.0,0.2,0.7,0.0
2026,10,1,18,3,18:02,84.5,0.0,0.2,0.5,0.0
2026,10,1,18,4,18:03,83.5,0.0,0.0,0.0,0.0
2026,10,1,18,7,18:06,80.1,0.0,0.3,0.6,0.0
2026,10,1,18,8,18:07,80.1,0.0,0.0,0.0,0.0
2026,10,1,18,9,18:07,80.1,0.0,0.0,0.0,0.0
2026,10,1,18,11,18:10,78.1,0.0,0.2,0.4,0.0
2026,10,1,18,13,18:12,58.3,0.0,0.2,0.3,0.0
2026,10,1,18,14,18:13,34.9,0.0,0.1,0.4,0.0
2026,10,1,18,16,18:15,65.2,0.0,0.3,0.9,0.0
2026,10,1,18,18,18:17,77.7,0.0,0.0,0.0,0.0
2026,10,1,18,19,18:18,77.7,0.0,0.1,0.4,0.0
2026,10,1,18,21,18:20,73.7,0.0,0.3,1.2,0.0
2026,10,1,18,23,18:22,67.2,0.0,0.0,0.0,0.0
2026,10,1,18,24,18:23,68.8,0.0,0.3,0.8,0.0
2026,10,1,18,26,18:25,69.1,0.0,0.1,0.2,0.0
2026,10,1,18,28,18:27,69.1,0.0,0.1,0.3,0.0
2026,10,1,18,29,18:28,69.1,0.0,0.2,0.4,0.0
2026,10,1,18,31,18:30,82.9,0.0,0.1,0.2,0.0
2026,10,1,18,33,18:32,73.8,0.0,0.3,0.5,0.0
2026,10,1,18,34,18:33,71.7,0.0,0.0,0.0,0.0
2026,10,1,18,37,18:36,72.9,0.0,0.1,0.6,0.0
2026,10,1,18,38,18:37,79.0,0.0,0.2,0.5,0.0
2026,10,1,18,39,18:38,79.0,0.0,0.0,0.0,0.0
2026,10,1,18,41,18:40,79.0,0.0,0.0,0.0,0.0
2026,10,1,18,43,18:42,79.0,0.0,0.0,0.0,0.0
2026,10,1,18,44,18:43,79.0,0.0,0.0,0.0,0.0
2026,10,1,18,46,18:45,87.6,0.0,0.1,0.2,0.0
2026,10,1,18,48,18:47,87.4,0.0,0.4,1.4,0.0
2026,10,1,18,49,18:48,81.3,0.0,0.1,0.2,0.0
2026,10,1,18,52,18:51,81.3,0.0,0.0,0.0,0.0
2026,10,1,18,53,18:52,81.3,0.0,0.0,0.0,0.0
2026,10,1,18,54,18:53,81.2,0.0,0.0,0.0,0.0
2026,10,1,18,57,18:55,81.2,0.0,0.0,0.0,0.0
2026,10,1,18,58,18:57,81.3,0.0,0.0,0.0,0.0
2026,10,1,18,59,18:58,81.2,0.0,0.0,0.0,0.0
2026,10,1,19,2,19:00,81.2,0.0,0.0,0.0,0.0
2026,10,1,19,3,19:02,81.2,0.0,0.0,0.0,0.0
2026,10,1,19,4,19:03,81.2,0.0,0.0,0.0,0.0
2026,10,1,19,6,19:05,81.2,0.0,0.0,0.0,0.0
2026,10,1,19,8,19:07,81.2,0.0,0.0,0.0,0.0
2026,10,1,19,9,19:08,81.2,0.0,0.0,0.0,0.0
2026,10,1,19,11,19:10,81.2,0.0,0.0,0.0,0.0
2026,10,1,19,13,19:12,81.2,0.0,0.0,0.0,0.0
2026,10,1,19,14,19:13,81.2,0.0,0.0,0.0,0.0
2026,10,1,19,17,19:15,81.2,0.0,0.0,0.0,0.0
2026,10,1,19,18,19:17,81.2,0.0,0.0,0.0,0.0
2026,10,1,19,19,19:18,81.2,0.0,0.0,0.0,0.0
2026,10,1,19,22,19:21,81.2,0.0,0.0,0.0,0.0
2026,10,1,19,23,19:22,81.2,0.0,0.0,0.0,0.0
2026,10,1,19,24,19:23,81.2,0.0,0.1,0.3,0.0
2026,10,1,19,26,19:25,81.2,0.0,0.0,0.0,0.0
2026,10,1,19,28,19:27,81.2,0.0,0.0,0.0,0.0
2026,10,1,19,31,19:30,81.2,0.0,0.0,0.0,0.0
2026,10,1,19,33,19:32,81.2,0.0,0.0,0.0,0.0
2026,10,1,19,34,19:33,81.2,0.0,0.0,0.0,0.0
2026,10,1,19,36,19:35,81.2,0.0,0.0,0.0,0.0
2026,10,1,19,38,19:37,81.3,0.0,0.0,0.0,0.0
2026,10,1,19,39,19:38,81.2,0.0,0.1,0.4,0.0
2026,10,1,19,42,19:41,81.2,0.0,0.0,0.0,0.0
2026,10,1,19,43,19:42,101.9,0.0,0.2,1.3,0.0
2026,10,1,19,44,19:43,144.6,0.0,0.1,0.6,0.0
2026,10,1,19,48,19:47,144.6,0.0,0.1,0.5,0.0
2026,10,1,19,49,19:48,144.6,0.0,0.0,0.0,0.0
2026,10,1,19,51,19:50,144.6,0.0,0.0,0.0,0.0
2026,10,1,19,53,19:52,144.6,0.0,0.4,1.6,0.0
2026,10,1,19,54,19:53,170.5,1.6,2.4,3.5,0.0
2026,10,1,19,56,19:55,199.2,2.2,2.6,3.3,0.0
2026,10,1,19,58,19:57,193.4,2.1,2.4,2.7,0.0
2026,10,1,19,59,19:58,188.8,2.4,2.8,3.3,0.0
2026,10,1,20,2,20:01,186.3,2.8,3.2,3.3,0.0
2026,10,1,20,3,20:02,189.1,2.6,3.2,3.4,0.0
2026,10,1,20,4,20:03,192.9,2.5,2.8,3.2,0.0
2026,10,1,20,6,20:05,183.4,2.3,2.6,3.0,0.0
2026,10,1,20,8,20:07,186.6,2.3,2.5,2.8,0.0
2026,10,1,20,9,20:08,187.6,2.0,2.2,2.5,0.0
2026,10,1,20,12,20:11,195.7,1.6,2.0,2.3,0.0
2026,10,1,20,13,20:12,193.9,2.0,2.3,2.6,0.0
2026,10,1,20,14,20:13,199.4,2.2,2.8,3.5,0.0
2026,10,1,20,17,20:15,202.0,2.8,3.3,3.9,0.0
2026,10,1,20,18,20:17,202.4,2.4,3.1,3.7,0.0
2026,10,1,20,19,20:18,200.7,3.1,3.3,3.5,0.0
2026,10,1,20,22,20:21,204.0,3.1,3.5,4.1,0.0
2026,10,1,20,23,20:22,206.5,3.3,3.6,4.0,0.0
2026,10,1,20,24,20:23,200.0,3.6,4.0,4.3,0.0
2026,10,1,20,26,20:25,204.8,3.0,3.4,3.7,0.0
2026,10,1,20,28,20:27,209.4,2.9,3.2,3.5,0.0
2026,10,1,20,29,20:28,211.6,2.7,3.3,4.0,0.0
2026,10,1,20,32,20:31,211.3,3.1,3.6,4.2,0.0
2026,10,1,20,33,20:32,215.4,2.9,3.6,3.9,0.0
2026,10,1,20,34,20:33,217.3,3.0,3.5,3.8,0.0
2026,10,1,20,36,20:35,215.6,2.6,3.0,3.5,0.0
2026,10,1,20,38,20:37,226.6,2.6,3.1,3.6,0.0
2026,10,1,20,39,20:38,223.2,2.5,3.0,3.3,0.0
2026,10,1,20,41,20:40,221.2,2.7,3.2,3.7,0.0
2026,10,1,20,43,20:42,220.0,2.6,3.1,3.6,0.0
2026,10,1,20,44,20:43,217.4,2.4,2.8,3.3,0.0
2026,10,1,20,46,20:45,217.2,2.7,3.4,3.8,0.0
2026,10,1,20,48,20:47,203.4,3.9,4.2,4.6,0.0
2026,10,1,20,49,20:48,209.4,3.5,4.0,4.8,0.0
2026,10,1,20,51,20:50,207.9,2.6,3.3,3.7,0.0
2026,10,1,20,53,20:52,212.2,3.0,3.3,3.6,0.0
2026,10,1,20,54,20:53,214.9,2.6,3.0,3.4,0.0
2026,10,1,20,56,20:55,217.4,2.0,2.5,2.9,0.0
2026,10,1,20,58,20:57,228.9,1.6,2.3,2.8,0.0
2026,10,1,20,59,20:58,231.9,1.3,2.1,2.9,0.0
2026,10,1,21,1,21:00,222.5,1.5,2.1,2.4,0.0
2026,10,1,21,3,21:02,222.4,2.0,2.2,2.5,0.0
2026,10,1,21,4,21:03,218.7,2.0,2.4,3.0,0.0
2026,10,1,21,6,21:05,217.7,1.6,1.9,2.2,0.0
2026,10,1,21,8,21:07,217.6,1.4,2.1,2.6,0.0
2026,10,1,21,9,21:08,215.1,2.1,2.6,3.1,0.0
2026,10,1,21,11,21:10,214.2,2.1,2.6,2.8,0.0
2026,10,1,21,13,21:12,221.4,1.9,2.4,2.7,0.0
2026,10,1,21,14,21:13,219.9,2.2,2.5,2.9,0.0
2026,10,1,21,16,21:15,194.4,2.7,3.3,3.9,0.0
2026,10,1,21,18,21:17,200.5,2.5,2.8,3.0,0.0
2026,10,1,21,19,21:18,193.7,2.3,2.6,2.9,0.0
2026,10,1,21,22,21:21,209.3,3.5,4.0,4.6,0.0
2026,10,1,21,23,21:22,209.5,2.9,3.6,4.1,0.0
2026,10,1,21,24,21:23,204.5,2.7,3.1,3.8,0.0
2026,10,1,21,26,21:25,209.4,2.0,2.2,2.4,0.0
2026,10,1,21,28,21:27,202.9,2.0,2.5,3.2,0.0
2026,10,1,21,29,21:28,204.1,2.5,2.9,3.3,0.0
2026,10,1,21,31,21:30,202.8,2.3,2.6,2.9,0.0
2026,10,1,21,33,21:32,206.9,3.0,3.4,3.9,0.0
2026,10,1,21,34,21:33,207.4,2.7,3.2,3.7,0.0
2026,10,1,21,37,21:36,228.0,2.2,2.7,3.2,0.0
2026,10,1,21,38,21:37,226.8,2.1,2.5,2.9,0.0
2026,10,1,21,39,21:38,212.1,2.7,3.5,4.4,0.0
2026,10,1,21,42,21:41,203.8,2.4,3.1,3.8,0.0
2026,10,1,21,43,21:42,204.4,2.6,2.7,3.0,0.0
2026,10,1,21,44,21:43,205.1,2.3,2.6,2.9,0.0
2026,10,1,21,47,21:46,215.3,2.2,2.6,3.0,0.0
2026,10,1,21,48,21:47,216.4,2.0,2.2,2.5,0.0
2026,10,1,21,49,21:48,213.2,1.9,2.1,2.3,0.0
2026,10,1,21,51,21:50,214.8,1.6,2.1,2.5,0.0
2026,10,1,21,53,21:52,205.3,2.8,3.0,3.3,0.0
2026,10,1,21,54,21:53,209.1,2.2,2.5,2.7,0.0
2026,10,1,21,56,21:55,220.6,2.1,2.5,2.8,0.0
2026,10,1,21,58,21:57,201.6,2.4,2.9,3.3,0.0
2026,10,1,21,59,21:58,203.6,2.4,2.8,3.0,0.0
2026,10,1,22,1,22:00,197.9,2.1,2.4,2.7,0.0
2026,10,1,22,3,22:02,201.7,1.9,2.2,2.3,0.0
2026,10,1,22,4,22:03,211.5,1.7,2.2,2.6,0.0
2026,10,1,22,6,22:05,225.5,1.7,2.1,2.4,0.0
2026,10,1,22,8,22:07,220.3,1.9,2.2,2.6,0.0
2026,10,1,22,9,22:08,225.1,1.6,2.0,2.3,0.0
2026,10,1,22,11,22:10,218.1,1.3,2.0,3.1,0.0
2026,10,1,22,13,22:12,204.6,2.6,2.8,3.1,0.0
2026,10,1,22,14,22:13,194.4,2.0,2.7,3.4,0.0
2026,10,1,22,16,22:15,219.5,2.1,2.4,2.8,0.0
2026,10,1,22,18,22:17,228.7,1.7,2.1,2.3,0.0
2026,10,1,22,19,22:18,224.3,1.8,2.2,2.7,0.0
2026,10,1,22,21,22:20,222.1,1.4,1.6,2.0,0.0
2026,10,1,22,23,22:22,201.9,3.1,3.6,4.1,0.0
2026,10,1,22,24,22:23,205.9,2.5,3.0,3.2,0.0
2026,10,1,22,27,22:26,181.3,2.6,2.9,3.2,0.0
2026,10,1,22,28,22:27,180.7,2.3,2.7,3.1,0.0
2026,10,1,22,29,22:28,186.9,2.3,2.6,2.9,0.0
2026,10,1,22,32,22:31,189.8,2.1,2.5,2.8,0.0
2026,10,1,22,33,22:32,193.7,2.3,2.5,2.9,0.0
2026,10,1,22,34,22:33,195.1,2.2,2.4,2.7,0.0
2026,10,1,22,36,22:35,197.0,1.9,2.2,2.7,0.0
2026,10,1,22,38,22:37,198.6,2.6,3.2,3.7,0.0
2026,10,1,22,39,22:38,201.6,2.2,2.6,3.1,0.0
2026,10,1,22,41,22:41,195.2,1.7,2.0,2.3,0.0
2026,10,1,22,43,22:42,196.7,1.6,1.8,2.1,0.0
2026,10,1,22,44,22:43,195.8,1.5,1.9,2.3,0.0
2026,10,1,22,46,22:45,198.9,1.9,2.1,2.5,0.0
2026,10,1,22,48,22:47,213.9,1.5,1.9,2.1,0.0
2026,10,1,22,49,22:48,206.8,1.8,2.1,2.2,0.0
2026,10,1,22,51,22:50,220.9,1.7,2.0,2.2,0.0
2026,10,1,22,53,22:52,216.4,1.6,1.7,1.9,0.0
2026,10,1,22,54,22:53,194.3,1.5,1.8,2.1,0.0
2026,10,1,22,56,22:55,190.1,1.6,1.8,2.1,0.0
2026,10,1,22,58,22:57,190.1,1.5,1.7,1.9,0.0
2026,10,1,22,59,22:59,190.1,1.4,1.7,1.9,0.0
2026,10,1,23,2,23:01,190.1,1.3,1.6,1.9,0.0
2026,10,1,23,3,23:02,190.2,1.7,1.8,1.9,0.0
2026,10,1,23,4,23:03,190.1,1.4,1.6,1.7,0.0
2026,10,1,23,6,23:05,190.1,1.0,1.1,1.4,0.0
2026,10,1,23,8,23:08,206.0,1.5,1.8,2.0,0.0
2026,10,1,23,9,23:08,211.8,1.9,2.2,2.6,0.0
2026,10,1,23,11,23:10,208.1,1.6,1.8,2.1,0.0
2026,10,1,23,13,23:12,208.1,1.7,1.9,2.2,0.0
2026,10,1,23,14,23:13,208.1,1.8,2.0,2.1,0.0
2026,10,1,23,17,23:16,208.1,1.4,1.6,1.9,0.0
2026,10,1,23,18,23:17,208.0,1.7,2.0,2.3,0.0
2026,10,1,23,19,23:18,203.4,2.0,2.3,2.8,0.0
2026,10,1,23,21,23:20,181.5,2.0,2.5,2.9,0.0
2026,10,1,23,23,23:22,184.8,1.9,2.4,2.8,0.0
2026,10,1,23,24,23:23,194.7,2.2,2.5,2.9,0.0
2026,10,1,23,26,23:25,194.5,1.9,2.6,3.3,0.0
2026,10,1,23,28,23:27,211.1,1.9,2.2,3.0,0.0
2026,10,1,23,29,23:28,216.8,1.6,1.9,2.1,0.0
2026,10,1,23,32,23:31,230.6,1.0,1.4,1.7,0.0
2026,10,1,23,33,23:32,227.7,1.2,1.4,1.6,0.0
2026,10,1,23,34,23:33,223.1,1.4,1.7,1.9,0.0
2026,10,1,23,36,23:35,219.8,1.4,1.6,1.8,0.0
2026,10,1,23,38,23:37,231.3,1.4,1.7,1.9,0.0
2026,10,1,23,39,23:38,219.5,1.1,1.4,2.0,0.0
2026,10,1,23,41,23:40,222.3,1.2,1.6,2.1,0.0
2026,10,1,23,43,23:42,229.7,1.7,2.1,2.6,0.0
2026,10,1,23,44,23:43,229.9,1.3,1.8,2.1,0.0
2026,10,1,23,46,23:45,221.8,1.6,2.0,2.6,0.0
2026,10,1,23,48,23:47,213.5,2.2,2.7,3.3,0.0
2026,10,1,23,49,23:48,212.5,2.3,2.6,3.0,0.0
2026,10,1,23,52,23:51,208.9,1.9,2.2,2.7,0.0
2026,10,1,23,53,23:52,197.2,2.1,2.4,2.9,0.0
2026,10,1,23,54,23:53,206.9,1.9,2.2,2.6,0.0
2026,10,1,23,56,23:55,201.6,2.2,2.4,2.7,0.0
2026,10,1,23,58,23:57,202.8,2.0,2.1,2.3,0.0
2026,10,1,23,59,23:58,207.1,2.0,2.3,2.5,0.0
