# Helsinki Laru (dlarah.org Lauttasaari) 2026-09-22 Suomen aikaa — lähteen Laru_2026-265.txt sellaisenaan
# vuosi kk pv kirjoitus-h kirjoitus-min hh:mm suunta min ka max lämpötila (asemalla ei mittaria)
2026,9,22,0,1,00:01,348.3,1.7,2.6,3.1,0.0
2026,9,22,0,3,00:03,348.6,2.1,2.8,3.5,0.0
2026,9,22,0,4,00:04,343.2,0.9,2.2,2.8,0.0
2026,9,22,0,6,00:06,352.2,1.5,2.5,3.1,0.0
2026,9,22,0,8,00:08,347.7,1.1,2.3,2.9,0.0
2026,9,22,0,9,00:09,346.3,1.1,2.4,3.2,0.0
2026,9,22,0,11,00:11,349.6,0.9,2.1,2.9,0.0
2026,9,22,0,13,00:13,350.8,0.8,1.6,2.5,0.0
2026,9,22,0,14,00:14,347.9,1.2,2.2,3.3,0.0
2026,9,22,0,17,00:17,344.2,2.6,3.1,3.7,0.0
2026,9,22,0,18,00:18,345.0,1.9,2.6,3.4,0.0
2026,9,22,0,19,00:19,351.4,0.5,2.1,3.2,0.0
2026,9,22,0,21,00:21,346.1,1.7,2.2,2.6,0.0
2026,9,22,0,23,00:23,347.9,2.1,2.7,3.4,0.0
2026,9,22,0,24,00:24,347.6,2.0,2.7,3.4,0.0
2026,9,22,0,26,00:26,341.7,2.5,3.1,3.8,0.0
2026,9,22,0,28,00:28,341.4,2.1,2.6,3.2,0.0
2026,9,22,0,29,00:29,340.6,1.7,2.7,3.7,0.0
2026,9,22,0,32,00:31,350.0,1.6,2.7,3.7,0.0
2026,9,22,0,33,00:33,343.6,1.7,2.7,3.4,0.0
2026,9,22,0,34,00:34,346.6,1.5,2.7,3.2,0.0
2026,9,22,0,37,00:36,347.2,1.2,2.3,3.3,0.0
2026,9,22,0,38,00:38,349.1,1.9,2.4,2.9,0.0
2026,9,22,0,39,00:39,345.7,2.5,3.2,3.6,0.0
2026,9,22,0,41,00:41,347.7,1.4,2.6,3.2,0.0
2026,9,22,0,43,00:43,355.0,0.9,1.8,2.6,0.0
2026,9,22,0,44,00:44,358.5,0.7,1.4,2.4,0.0
2026,9,22,0,47,00:46,346.7,1.9,2.5,2.7,0.0
2026,9,22,0,48,00:48,347.6,1.7,2.1,2.4,0.0
2026,9,22,0,49,00:49,350.4,1.0,1.8,2.4,0.0
2026,9,22,0,51,00:51,352.0,1.6,1.9,2.2,0.0
2026,9,22,0,53,00:53,351.1,1.5,2.0,2.5,0.0
2026,9,22,0,54,00:54,344.1,1.7,2.2,2.6,0.0
2026,9,22,0,57,00:57,347.8,1.6,2.2,2.7,0.0
2026,9,22,0,58,00:58,347.6,2.1,2.3,2.5,0.0
2026,9,22,0,59,00:59,344.0,2.1,2.4,2.7,0.0
2026,9,22,1,2,01:01,347.8,2.0,2.3,2.5,0.0
2026,9,22,1,3,01:03,348.0,2.1,2.7,3.0,0.0
2026,9,22,1,4,01:04,347.3,2.1,2.4,2.8,0.0
2026,9,22,1,7,01:06,345.5,1.7,2.2,2.5,0.0
2026,9,22,1,8,01:08,343.5,1.6,2.1,2.3,0.0
2026,9,22,1,9,01:09,350.0,1.6,2.2,2.8,0.0
2026,9,22,1,12,01:11,345.3,1.3,1.8,2.2,0.0
2026,9,22,1,13,01:13,347.2,1.4,1.7,1.9,0.0
2026,9,22,1,14,01:14,347.1,0.5,1.3,2.2,0.0
2026,9,22,1,16,01:16,346.4,0.5,1.1,1.7,0.0
2026,9,22,1,18,01:18,350.9,1.5,1.9,2.3,0.0
2026,9,22,1,19,01:19,339.7,1.7,2.2,2.9,0.0
2026,9,22,1,22,01:21,345.0,1.9,2.2,2.5,0.0
2026,9,22,1,23,01:23,342.1,2.1,2.2,2.4,0.0
2026,9,22,1,24,01:24,344.5,1.9,2.3,2.5,0.0
2026,9,22,1,26,01:26,341.6,2.0,2.3,2.6,0.0
2026,9,22,1,28,01:28,339.5,1.8,2.2,2.5,0.0
2026,9,22,1,29,01:29,347.8,2.0,2.2,2.5,0.0
2026,9,22,1,31,01:31,344.0,2.0,2.5,3.0,0.0
2026,9,22,1,33,01:33,343.6,2.4,2.7,3.0,0.0
2026,9,22,1,34,01:34,338.7,2.2,2.8,3.5,0.0
2026,9,22,1,37,01:36,336.9,2.6,3.1,3.5,0.0
2026,9,22,1,38,01:38,338.6,2.2,2.9,3.5,0.0
2026,9,22,1,39,01:39,338.9,2.5,3.1,3.7,0.0
2026,9,22,1,42,01:41,350.5,2.1,3.0,3.6,0.0
2026,9,22,1,43,01:43,348.2,2.4,2.9,3.4,0.0
2026,9,22,1,44,01:44,349.4,1.2,2.7,3.7,0.0
2026,9,22,1,46,01:46,351.3,1.1,2.5,3.2,0.0
2026,9,22,1,48,01:48,351.4,1.3,3.1,3.9,0.0
2026,9,22,1,49,01:49,348.8,2.5,3.0,3.6,0.0
2026,9,22,1,51,01:51,350.0,1.3,2.4,3.0,0.0
2026,9,22,1,53,01:53,355.2,1.3,3.0,3.6,0.0
2026,9,22,1,54,01:54,351.5,1.0,2.5,3.6,0.0
2026,9,22,1,57,01:56,350.3,2.2,3.1,3.9,0.0
2026,9,22,1,58,01:58,348.3,2.5,3.1,3.7,0.0
2026,9,22,1,59,01:59,355.5,0.7,1.6,2.7,0.0
2026,9,22,2,1,02:01,356.0,0.9,1.9,2.8,0.0
2026,9,22,2,3,02:03,357.3,0.6,1.9,4.0,0.0
2026,9,22,2,4,02:04,353.7,1.1,1.7,3.0,0.0
2026,9,22,2,6,02:06,357.9,1.1,2.3,3.6,0.0
2026,9,22,2,8,02:08,4.7,0.5,1.0,2.0,0.0
2026,9,22,2,9,02:09,352.1,0.5,1.8,3.1,0.0
2026,9,22,2,11,02:11,356.7,1.5,2.3,3.2,0.0
2026,9,22,2,13,02:13,352.6,0.0,1.9,3.0,0.0
2026,9,22,2,14,02:14,352.8,1.4,2.4,3.2,0.0
2026,9,22,2,16,02:16,352.7,1.5,2.7,3.3,0.0
2026,9,22,2,18,02:18,355.5,1.2,2.5,3.2,0.0
2026,9,22,2,19,02:19,350.2,1.2,2.8,3.5,0.0
2026,9,22,2,21,02:21,354.4,1.2,2.6,3.9,0.0
2026,9,22,2,23,02:23,352.7,1.6,3.0,3.8,0.0
2026,9,22,2,24,02:24,348.2,2.2,3.1,3.7,0.0
2026,9,22,2,26,02:26,350.4,1.5,2.7,3.5,0.0
2026,9,22,2,28,02:28,347.6,3.0,3.7,4.6,0.0
2026,9,22,2,29,02:29,352.0,2.4,3.6,4.8,0.0
2026,9,22,2,31,02:31,356.3,0.9,2.3,3.9,0.0
2026,9,22,2,33,02:33,354.5,0.6,2.1,3.2,0.0
2026,9,22,2,34,02:34,351.8,0.8,1.9,2.9,0.0
2026,9,22,2,37,02:36,13.0,0.0,0.9,2.7,0.0
2026,9,22,2,38,02:38,355.6,0.0,0.9,2.1,0.0
2026,9,22,2,41,02:41,358.4,0.6,1.9,3.1,0.0
2026,9,22,2,43,02:43,3.8,0.7,1.4,3.0,0.0
2026,9,22,2,44,02:44,351.5,1.1,2.1,3.1,0.0
2026,9,22,2,46,02:46,352.4,1.6,2.6,3.3,0.0
2026,9,22,2,48,02:48,2.3,0.0,1.5,2.9,0.0
2026,9,22,2,51,02:51,356.4,0.0,1.2,2.4,0.0
2026,9,22,2,53,02:53,359.2,0.0,0.8,1.7,0.0
2026,9,22,2,54,02:54,352.8,0.0,0.5,1.3,0.0
2026,9,22,2,56,02:56,2.5,0.0,0.9,2.5,0.0
2026,9,22,2,58,02:58,353.4,0.0,0.7,1.4,0.0
2026,9,22,2,59,02:59,347.5,0.4,0.7,1.6,0.0
2026,9,22,3,2,03:01,357.0,0.0,1.5,3.1,0.0
2026,9,22,3,3,03:03,358.0,0.7,2.1,3.8,0.0
2026,9,22,3,4,03:04,356.7,1.2,2.4,3.3,0.0
2026,9,22,3,6,03:06,2.2,0.8,1.9,2.9,0.0
2026,9,22,3,8,03:08,352.8,1.4,2.5,3.0,0.0
2026,9,22,3,9,03:09,350.4,2.1,2.6,3.3,0.0
2026,9,22,3,11,03:11,351.9,1.0,2.4,3.2,0.0
2026,9,22,3,13,03:13,351.2,2.1,2.8,3.4,0.0
2026,9,22,3,14,03:14,350.3,2.0,2.9,3.9,0.0
2026,9,22,3,16,03:16,349.6,2.5,3.3,3.9,0.0
2026,9,22,3,18,03:18,346.7,1.8,3.0,3.4,0.0
2026,9,22,3,19,03:19,355.3,1.3,2.7,3.5,0.0
2026,9,22,3,21,03:21,354.8,1.2,2.9,4.0,0.0
2026,9,22,3,23,03:23,350.8,2.6,3.2,3.7,0.0
2026,9,22,3,24,03:24,349.0,1.0,2.1,3.3,0.0
2026,9,22,3,26,03:26,359.6,0.7,1.7,3.9,0.0
2026,9,22,3,28,03:28,353.4,0.6,2.0,3.4,0.0
2026,9,22,3,29,03:29,354.2,0.6,2.0,3.3,0.0
2026,9,22,3,31,03:31,353.5,0.0,0.2,0.8,0.0
2026,9,22,3,33,03:33,4.9,0.0,1.6,3.8,0.0
2026,9,22,3,34,03:34,16.9,0.7,1.2,2.0,0.0
2026,9,22,3,36,03:36,35.4,0.5,1.0,1.7,0.0
2026,9,22,3,38,03:38,25.3,0.7,0.9,1.3,0.0
2026,9,22,3,39,03:39,16.3,0.7,1.2,2.4,0.0
2026,9,22,3,41,03:41,23.4,0.6,1.7,3.2,0.0
2026,9,22,3,43,03:43,355.0,0.9,2.2,3.7,0.0
2026,9,22,3,44,03:44,19.9,0.5,0.8,1.1,0.0
2026,9,22,3,46,03:46,359.2,1.7,2.4,3.7,0.0
2026,9,22,3,48,03:48,2.1,0.4,1.4,3.3,0.0
2026,9,22,3,49,03:49,356.0,0.5,1.4,3.4,0.0
2026,9,22,3,51,03:51,350.1,0.6,1.0,1.4,0.0
2026,9,22,3,53,03:53,350.6,0.0,0.9,2.3,0.0
2026,9,22,3,54,03:54,358.8,0.0,0.9,2.1,0.0
2026,9,22,3,57,03:56,354.1,0.0,0.4,0.6,0.0
2026,9,22,3,58,03:58,354.1,0.0,0.4,0.6,0.0
2026,9,22,3,59,03:59,354.1,0.0,0.3,0.4,0.0
2026,9,22,4,2,04:01,354.1,0.0,0.4,0.7,0.0
2026,9,22,4,3,04:03,0.6,0.0,0.5,0.7,0.0
2026,9,22,4,4,04:04,1.4,0.5,0.7,1.1,0.0
2026,9,22,4,6,04:06,16.1,0.0,0.8,1.6,0.0
2026,9,22,4,8,04:08,14.4,0.6,0.9,1.9,0.0
2026,9,22,4,12,04:11,1.9,0.8,1.4,2.3,0.0
2026,9,22,4,13,04:13,4.1,0.8,1.5,2.7,0.0
2026,9,22,4,14,04:14,3.8,0.7,1.3,3.1,0.0
2026,9,22,4,16,04:16,18.9,0.5,1.5,3.8,0.0
2026,9,22,4,18,04:18,11.1,0.0,0.9,2.1,0.0
2026,9,22,4,21,04:21,20.7,0.0,0.7,1.8,0.0
2026,9,22,4,23,04:23,2.2,0.5,2.0,3.5,0.0
2026,9,22,4,24,04:24,14.6,0.6,1.0,1.9,0.0
2026,9,22,4,27,04:27,19.8,0.0,0.8,1.9,0.0
2026,9,22,4,28,04:28,16.8,0.0,0.6,0.9,0.0
2026,9,22,4,31,04:31,10.5,0.0,0.7,1.2,0.0
2026,9,22,4,33,04:33,33.2,0.8,1.3,2.7,0.0
2026,9,22,4,34,04:34,33.6,0.0,0.8,1.4,0.0
2026,9,22,4,37,04:36,17.6,0.0,0.4,0.8,0.0
2026,9,22,4,38,04:38,12.8,0.6,1.0,2.7,0.0
2026,9,22,4,39,04:39,352.4,0.6,0.7,1.1,0.0
2026,9,22,4,41,04:41,6.1,0.0,1.1,3.3,0.0
2026,9,22,4,43,04:43,355.9,0.5,0.8,1.7,0.0
2026,9,22,4,44,04:44,12.4,0.3,1.0,2.0,0.0
2026,9,22,4,47,04:46,40.5,0.0,0.7,1.5,0.0
2026,9,22,4,48,04:48,7.6,0.0,1.0,2.4,0.0
2026,9,22,4,49,04:49,356.8,0.5,1.2,2.5,0.0
2026,9,22,4,52,04:52,2.6,0.0,1.0,2.9,0.0
2026,9,22,4,53,04:53,6.3,0.5,0.8,1.6,0.0
2026,9,22,4,54,04:54,0.3,0.7,1.3,2.3,0.0
2026,9,22,4,56,04:56,2.6,0.0,1.1,2.2,0.0
2026,9,22,4,58,04:58,354.5,0.5,1.7,3.4,0.0
2026,9,22,4,59,04:59,0.6,1.0,2.8,3.9,0.0
2026,9,22,5,1,05:01,354.5,0.9,2.7,4.4,0.0
2026,9,22,5,3,05:03,344.5,1.4,3.6,4.8,0.0
2026,9,22,5,4,05:04,353.7,1.0,2.8,4.0,0.0
2026,9,22,5,6,05:06,353.7,1.0,2.3,3.8,0.0
2026,9,22,5,8,05:08,20.7,0.6,1.7,3.9,0.0
2026,9,22,5,9,05:09,11.0,0.9,1.4,2.4,0.0
2026,9,22,5,11,05:11,2.1,0.0,0.8,1.8,0.0
2026,9,22,5,13,05:13,2.8,0.2,0.6,1.6,0.0
2026,9,22,5,14,05:14,351.1,0.0,0.5,1.0,0.0
2026,9,22,5,16,05:16,354.5,0.0,1.0,1.6,0.0
2026,9,22,5,18,05:18,360.0,0.8,1.8,3.0,0.0
2026,9,22,5,19,05:19,347.7,0.4,1.6,4.1,0.0
2026,9,22,5,21,05:21,27.3,0.7,1.3,2.7,0.0
2026,9,22,5,23,05:23,357.5,0.6,1.5,3.6,0.0
2026,9,22,5,24,05:24,25.5,0.9,1.9,4.1,0.0
2026,9,22,5,26,05:26,21.6,0.2,1.0,2.4,0.0
2026,9,22,5,28,05:28,14.0,0.5,1.2,2.7,0.0
2026,9,22,5,29,05:29,25.2,0.0,0.8,1.7,0.0
2026,9,22,5,31,05:31,19.5,0.5,0.9,2.3,0.0
2026,9,22,5,33,05:33,15.4,0.6,1.1,2.5,0.0
2026,9,22,5,34,05:34,11.3,0.7,1.8,3.6,0.0
2026,9,22,5,36,05:36,29.8,0.7,1.1,1.9,0.0
2026,9,22,5,38,05:38,6.0,1.0,2.9,4.4,0.0
2026,9,22,5,39,05:39,357.2,1.4,2.1,3.5,0.0
2026,9,22,5,42,05:41,2.4,1.1,2.8,5.6,0.0
2026,9,22,5,43,05:43,357.0,1.6,3.3,5.2,0.0
2026,9,22,5,44,05:44,14.0,1.2,2.6,5.1,0.0
2026,9,22,5,47,05:46,354.9,1.2,3.1,4.5,0.0
2026,9,22,5,48,05:48,11.3,0.5,0.8,1.4,0.0
2026,9,22,5,49,05:49,13.2,0.4,0.9,1.7,0.0
2026,9,22,5,52,05:51,349.2,0.3,1.2,3.4,0.0
2026,9,22,5,53,05:53,23.6,0.9,2.1,3.8,0.0
2026,9,22,5,54,05:54,17.7,0.7,1.5,3.8,0.0
2026,9,22,5,56,05:56,5.1,0.5,2.2,4.9,0.0
2026,9,22,5,58,05:58,18.0,0.7,1.7,2.8,0.0
2026,9,22,6,1,06:01,356.9,0.5,0.7,1.5,0.0
2026,9,22,6,3,06:03,13.6,0.6,1.7,3.5,0.0
2026,9,22,6,4,06:04,4.7,0.0,1.7,3.9,0.0
2026,9,22,6,6,06:06,359.4,0.0,1.1,2.7,0.0
2026,9,22,6,8,06:08,350.5,1.1,3.2,5.2,0.0
2026,9,22,6,9,06:09,0.4,0.9,2.3,4.5,0.0
2026,9,22,6,11,06:11,31.3,0.8,1.8,3.8,0.0
2026,9,22,6,13,06:13,356.5,1.2,3.1,5.7,0.0
2026,9,22,6,14,06:14,13.8,1.0,2.3,4.9,0.0
2026,9,22,6,17,06:16,13.8,0.9,1.4,2.8,0.0
2026,9,22,6,18,06:18,5.3,0.7,1.3,2.4,0.0
2026,9,22,6,19,06:19,17.8,0.9,1.3,2.5,0.0
2026,9,22,6,22,06:21,1.5,1.3,2.5,3.9,0.0
2026,9,22,6,23,06:23,7.2,0.5,1.4,3.8,0.0
2026,9,22,6,24,06:24,12.9,0.9,2.2,3.8,0.0
2026,9,22,6,26,06:26,354.1,0.7,2.4,5.0,0.0
2026,9,22,6,28,06:28,12.6,0.9,1.4,3.3,0.0
2026,9,22,6,29,06:29,2.3,0.7,1.9,4.2,0.0
2026,9,22,6,31,06:31,7.7,2.0,3.8,6.4,0.0
2026,9,22,6,33,06:33,3.5,0.8,2.5,4.8,0.0
2026,9,22,6,34,06:34,350.7,1.4,2.1,3.0,0.0
2026,9,22,6,36,06:36,359.7,1.3,2.6,3.7,0.0
2026,9,22,6,38,06:38,357.8,0.7,1.3,2.4,0.0
2026,9,22,6,39,06:39,359.1,0.9,1.7,2.9,0.0
2026,9,22,6,42,06:41,359.8,0.9,2.6,4.3,0.0
2026,9,22,6,43,06:43,358.1,1.4,2.5,3.9,0.0
2026,9,22,6,44,06:44,353.8,1.7,3.6,5.7,0.0
2026,9,22,6,46,06:46,357.4,0.8,3.0,5.0,0.0
2026,9,22,6,48,06:48,356.0,1.0,2.5,4.8,0.0
2026,9,22,6,49,06:49,359.9,1.1,3.0,5.0,0.0
2026,9,22,6,51,06:51,0.5,1.2,3.7,5.4,0.0
2026,9,22,6,53,06:53,6.8,0.9,2.9,6.0,0.0
2026,9,22,6,54,06:54,3.2,1.0,2.6,5.4,0.0
2026,9,22,6,56,06:56,7.4,0.8,1.4,3.0,0.0
2026,9,22,6,58,06:58,354.6,2.0,3.9,5.5,0.0
2026,9,22,6,59,06:59,355.1,1.1,3.4,5.8,0.0
2026,9,22,7,1,07:01,0.2,1.3,2.7,3.9,0.0
2026,9,22,7,3,07:03,5.7,1.0,3.1,5.2,0.0
2026,9,22,7,4,07:04,7.9,0.7,1.7,4.0,0.0
2026,9,22,7,7,07:06,357.3,0.7,1.6,3.1,0.0
2026,9,22,7,8,07:08,7.7,0.6,1.2,3.0,0.0
2026,9,22,7,9,07:09,18.7,0.5,1.1,1.5,0.0
2026,9,22,7,11,07:11,22.8,0.6,1.1,1.6,0.0
2026,9,22,7,13,07:13,13.2,1.0,2.3,4.3,0.0
2026,9,22,7,14,07:14,21.4,0.8,1.7,3.9,0.0
2026,9,22,7,16,07:16,352.7,1.1,3.0,5.0,0.0
2026,9,22,7,18,07:18,357.3,0.7,2.0,3.9,0.0
2026,9,22,7,19,07:19,9.2,0.9,2.1,4.4,0.0
2026,9,22,7,21,07:21,17.1,0.7,1.5,3.8,0.0
2026,9,22,7,23,07:23,16.9,0.6,1.2,2.8,0.0
2026,9,22,7,24,07:24,31.3,0.5,1.1,2.0,0.0
2026,9,22,7,26,07:26,36.4,0.7,1.3,2.1,0.0
2026,9,22,7,28,07:28,35.4,0.7,1.0,1.8,0.0
2026,9,22,7,31,07:31,11.5,0.6,1.2,1.9,0.0
2026,9,22,7,33,07:33,13.6,0.8,1.6,4.5,0.0
2026,9,22,7,34,07:34,25.4,0.9,1.4,2.8,0.0
2026,9,22,7,36,07:36,27.9,1.0,1.6,3.9,0.0
2026,9,22,7,38,07:38,24.5,0.7,1.2,1.9,0.0
2026,9,22,7,39,07:39,36.4,1.1,1.4,1.9,0.0
2026,9,22,7,41,07:41,8.4,1.0,1.7,2.9,0.0
2026,9,22,7,43,07:43,34.3,1.0,1.6,3.4,0.0
2026,9,22,7,44,07:44,2.3,1.5,2.7,4.7,0.0
2026,9,22,7,47,07:46,3.0,1.0,2.0,3.8,0.0
2026,9,22,7,48,07:48,11.1,0.7,1.3,3.0,0.0
2026,9,22,7,49,07:49,25.3,0.6,1.2,2.5,0.0
2026,9,22,7,52,07:51,7.1,0.9,1.7,3.9,0.0
2026,9,22,7,53,07:53,21.6,0.9,1.5,4.3,0.0
2026,9,22,7,54,07:54,35.6,1.0,1.5,3.0,0.0
2026,9,22,7,56,07:56,25.6,0.9,1.9,4.2,0.0
2026,9,22,7,58,07:58,6.8,1.2,2.3,3.8,0.0
2026,9,22,7,59,07:59,358.8,0.8,1.7,3.6,0.0
2026,9,22,8,2,08:01,12.0,0.5,1.1,3.4,0.0
2026,9,22,8,3,08:03,0.0,1.5,3.8,5.1,0.0
2026,9,22,8,4,08:04,354.4,2.0,3.7,5.1,0.0
2026,9,22,8,6,08:06,355.5,2.3,4.3,6.5,0.0
2026,9,22,8,8,08:08,0.5,0.8,2.1,4.6,0.0
2026,9,22,8,9,08:09,2.2,1.2,2.3,4.1,0.0
2026,9,22,8,11,08:11,359.9,1.8,3.4,5.7,0.0
2026,9,22,8,13,08:13,351.4,2.0,4.6,6.1,0.0
2026,9,22,8,14,08:14,5.9,1.3,3.4,5.2,0.0
2026,9,22,8,16,08:16,358.6,1.0,2.8,6.4,0.0
2026,9,22,8,18,08:18,357.1,2.3,5.0,6.6,0.0
2026,9,22,8,19,08:19,354.2,1.5,2.8,5.5,0.0
2026,9,22,8,22,08:21,20.7,1.2,2.3,4.5,0.0
2026,9,22,8,23,08:23,3.6,0.8,1.6,3.2,0.0
2026,9,22,8,24,08:24,22.6,0.0,1.1,1.7,0.0
2026,9,22,8,26,08:26,22.6,0.7,1.2,2.2,0.0
2026,9,22,8,28,08:28,4.3,1.4,3.6,5.8,0.0
2026,9,22,8,29,08:29,358.6,0.6,1.5,3.1,0.0
2026,9,22,8,31,08:31,8.7,0.8,2.4,5.6,0.0
2026,9,22,8,33,08:33,1.1,1.2,3.1,4.9,0.0
2026,9,22,8,34,08:34,1.6,0.6,2.6,4.9,0.0
2026,9,22,8,36,08:36,1.7,1.0,1.9,4.0,0.0
2026,9,22,8,38,08:38,6.0,0.0,2.2,4.9,0.0
2026,9,22,8,39,08:39,10.3,0.5,1.1,3.8,0.0
2026,9,22,8,41,08:41,23.5,0.7,1.3,2.6,0.0
2026,9,22,8,43,08:43,15.9,0.9,1.9,4.5,0.0
2026,9,22,8,44,08:44,6.4,0.6,1.7,2.7,0.0
2026,9,22,8,46,08:46,23.3,0.8,1.1,1.5,0.0
2026,9,22,8,48,08:48,9.3,1.4,2.7,4.6,0.0
2026,9,22,8,51,08:51,14.2,0.7,1.4,3.7,0.0
2026,9,22,8,53,08:53,32.5,0.5,1.2,3.4,0.0
2026,9,22,8,54,08:54,15.3,0.6,1.1,2.3,0.0
2026,9,22,8,56,08:56,348.4,1.5,3.5,5.4,0.0
2026,9,22,8,58,08:58,2.8,1.3,2.8,4.5,0.0
2026,9,22,9,1,09:01,3.0,2.0,4.0,6.0,0.0
2026,9,22,9,3,09:03,23.5,0.6,1.5,4.1,0.0
2026,9,22,9,4,09:04,9.1,1.0,2.0,4.1,0.0
2026,9,22,9,7,09:06,34.3,0.9,1.3,1.9,0.0
2026,9,22,9,8,09:08,15.5,0.6,1.0,2.1,0.0
2026,9,22,9,9,09:09,5.8,0.7,1.2,2.3,0.0
2026,9,22,9,11,09:11,25.0,1.0,1.9,4.5,0.0
2026,9,22,9,13,09:13,1.2,0.9,1.8,3.1,0.0
2026,9,22,9,14,09:14,354.3,0.9,2.2,4.9,0.0
2026,9,22,9,16,09:16,18.8,0.8,1.1,2.4,0.0
2026,9,22,9,18,09:18,35.5,0.9,1.4,2.0,0.0
2026,9,22,9,19,09:19,25.2,0.7,1.3,2.3,0.0
2026,9,22,9,21,09:21,7.6,1.2,2.3,3.8,0.0
2026,9,22,9,23,09:23,26.5,0.5,0.8,1.5,0.0
2026,9,22,9,24,09:24,9.7,0.9,1.8,3.3,0.0
2026,9,22,9,27,09:26,2.7,0.8,2.1,4.3,0.0
2026,9,22,9,28,09:28,30.0,0.6,1.1,3.2,0.0
2026,9,22,9,29,09:29,42.2,0.6,1.4,2.3,0.0
2026,9,22,9,31,09:31,23.5,0.9,1.4,2.3,0.0
2026,9,22,9,33,09:33,17.4,0.0,1.5,4.9,0.0
2026,9,22,9,34,09:34,18.2,0.7,1.8,4.0,0.0
2026,9,22,9,36,09:36,70.1,0.5,0.8,1.6,0.0
2026,9,22,9,38,09:38,6.3,0.8,2.2,4.4,0.0
2026,9,22,9,39,09:39,7.2,0.6,1.6,3.7,0.0
2026,9,22,9,42,09:41,1.6,0.9,2.6,4.4,0.0
2026,9,22,9,43,09:43,10.1,1.0,2.7,4.8,0.0
2026,9,22,9,44,09:44,32.2,0.9,1.2,2.2,0.0
2026,9,22,9,46,09:46,18.1,0.6,0.7,1.1,0.0
2026,9,22,9,48,09:48,9.2,1.2,2.9,4.9,0.0
2026,9,22,9,49,09:49,29.4,0.7,1.7,4.1,0.0
2026,9,22,9,52,09:51,14.4,0.9,1.8,3.7,0.0
2026,9,22,9,53,09:53,32.3,0.7,1.1,2.2,0.0
2026,9,22,9,54,09:54,25.3,0.7,1.5,2.9,0.0
2026,9,22,9,57,09:56,26.4,0.7,1.7,4.9,0.0
2026,9,22,9,58,09:58,23.7,0.5,1.8,3.9,0.0
2026,9,22,9,59,09:59,353.8,1.1,2.0,4.1,0.0
2026,9,22,10,2,10:01,30.8,0.8,1.2,2.2,0.0
2026,9,22,10,3,10:03,353.0,0.9,2.6,4.5,0.0
2026,9,22,10,4,10:04,2.1,1.2,2.3,4.3,0.0
2026,9,22,10,6,10:06,8.3,0.6,1.1,2.8,0.0
2026,9,22,10,8,10:08,28.0,0.8,1.4,3.6,0.0
2026,9,22,10,9,10:09,349.1,2.6,3.4,4.2,0.0
2026,9,22,10,12,10:11,11.3,1.1,1.2,3.0,0.0
2026,9,22,10,13,10:13,357.5,0.4,2.1,4.4,0.0
2026,9,22,10,14,10:14,0.4,1.3,2.9,4.4,0.0
2026,9,22,10,16,10:16,354.7,1.3,3.0,4.1,0.0
2026,9,22,10,18,10:18,351.5,1.7,3.6,4.8,0.0
2026,9,22,10,19,10:19,27.9,0.8,1.4,4.5,0.0
2026,9,22,10,21,10:21,7.0,0.7,1.7,3.4,0.0
2026,9,22,10,23,10:23,4.8,0.7,1.2,2.6,0.0
2026,9,22,10,24,10:24,18.1,0.9,1.9,5.9,0.0
2026,9,22,10,26,10:26,48.6,0.9,1.1,1.6,0.0
2026,9,22,10,28,10:28,36.5,0.9,1.6,2.3,0.0
2026,9,22,10,31,10:31,21.1,1.2,2.6,5.7,0.0
2026,9,22,10,33,10:33,33.1,0.7,1.7,2.6,0.0
2026,9,22,10,34,10:34,32.1,0.7,1.3,1.9,0.0
2026,9,22,10,37,10:36,25.8,0.0,0.7,1.3,0.0
2026,9,22,10,38,10:38,15.9,0.0,1.4,2.5,0.0
2026,9,22,10,39,10:39,33.7,0.5,0.9,1.2,0.0
2026,9,22,10,41,10:41,43.4,1.0,1.6,2.5,0.0
2026,9,22,10,43,10:43,15.1,0.8,1.7,5.3,0.0
2026,9,22,10,44,10:44,30.3,0.7,1.2,1.6,0.0
2026,9,22,10,47,10:46,17.7,0.5,1.1,2.5,0.0
2026,9,22,10,48,10:48,0.3,0.8,2.1,4.2,0.0
2026,9,22,10,49,10:49,21.9,0.9,1.9,4.9,0.0
2026,9,22,10,52,10:52,12.1,0.7,1.8,3.8,0.0
2026,9,22,10,53,10:53,20.1,0.6,1.3,3.0,0.0
2026,9,22,10,54,10:54,50.5,0.5,0.9,1.5,0.0
2026,9,22,10,56,10:56,25.7,0.0,0.7,1.5,0.0
2026,9,22,10,58,10:58,17.5,0.0,0.8,1.2,0.0
2026,9,22,10,59,10:59,15.3,0.5,1.7,5.9,0.0
2026,9,22,11,1,11:01,4.0,1.0,2.6,4.4,0.0
2026,9,22,11,3,11:03,18.2,0.7,1.2,2.6,0.0
2026,9,22,11,4,11:04,31.5,0.6,1.0,1.3,0.0
2026,9,22,11,7,11:06,18.1,0.5,0.8,1.0,0.0
2026,9,22,11,8,11:08,36.2,0.0,1.1,1.8,0.0
2026,9,22,11,9,11:09,13.1,0.7,1.9,3.5,0.0
2026,9,22,11,11,11:11,18.5,0.9,1.4,2.7,0.0
2026,9,22,11,13,11:13,15.7,0.6,1.4,2.9,0.0
2026,9,22,11,14,11:14,16.0,0.8,2.1,3.8,0.0
2026,9,22,11,16,11:16,16.2,0.8,1.3,2.6,0.0
2026,9,22,11,18,11:18,2.1,0.0,1.7,4.0,0.0
2026,9,22,11,19,11:19,359.4,1.0,2.8,5.2,0.0
2026,9,22,11,22,11:21,12.7,1.0,1.6,2.9,0.0
2026,9,22,11,23,11:23,30.2,0.5,1.2,2.7,0.0
2026,9,22,11,24,11:24,27.8,0.5,1.9,4.1,0.0
2026,9,22,11,26,11:26,21.8,1.0,2.1,4.6,0.0
2026,9,22,11,28,11:28,10.8,0.8,1.5,4.5,0.0
2026,9,22,11,29,11:29,17.3,0.9,1.9,5.3,0.0
2026,9,22,11,32,11:31,15.2,0.7,1.2,3.0,0.0
2026,9,22,11,33,11:33,21.8,0.0,1.4,3.1,0.0
2026,9,22,11,34,11:34,35.1,0.0,1.4,2.6,0.0
2026,9,22,11,36,11:36,10.7,0.9,1.7,3.6,0.0
2026,9,22,11,38,11:38,36.8,0.8,1.4,2.2,0.0
2026,9,22,11,39,11:39,32.8,0.5,1.1,2.6,0.0
2026,9,22,11,41,11:41,27.1,0.9,1.2,2.2,0.0
2026,9,22,11,43,11:43,1.5,0.9,2.8,5.5,0.0
2026,9,22,11,44,11:44,19.3,0.8,1.2,1.8,0.0
2026,9,22,11,46,11:46,29.4,0.0,0.9,1.8,0.0
2026,9,22,11,48,11:48,25.0,1.0,1.8,3.4,0.0
2026,9,22,11,49,11:49,3.3,1.2,2.7,4.1,0.0
2026,9,22,11,51,11:51,356.6,0.8,1.8,5.4,0.0
2026,9,22,11,53,11:53,30.7,0.8,1.4,2.6,0.0
2026,9,22,11,54,11:54,26.7,1.1,1.6,3.0,0.0
2026,9,22,11,56,11:56,24.6,0.8,1.4,2.4,0.0
2026,9,22,11,58,11:58,35.7,0.4,1.0,1.5,0.0
2026,9,22,11,59,11:59,42.9,0.8,2.3,4.1,0.0
2026,9,22,12,2,12:01,39.4,1.2,2.0,3.0,0.0
2026,9,22,12,3,12:03,33.5,0.8,1.2,1.8,0.0
2026,9,22,12,4,12:04,350.2,0.9,2.6,4.6,0.0
2026,9,22,12,6,12:06,26.7,1.1,2.1,3.1,0.0
2026,9,22,12,8,12:08,36.9,0.7,1.2,2.3,0.0
2026,9,22,12,9,12:09,31.9,0.0,1.1,1.9,0.0
2026,9,22,12,11,12:11,6.8,0.9,1.8,3.7,0.0
2026,9,22,12,13,12:13,22.8,0.7,1.4,2.7,0.0
2026,9,22,12,14,12:14,32.5,0.8,1.2,2.1,0.0
2026,9,22,12,16,12:16,10.1,0.9,1.5,3.7,0.0
2026,9,22,12,18,12:18,18.1,0.8,1.1,1.5,0.0
2026,9,22,12,19,12:19,21.0,0.0,1.4,2.9,0.0
2026,9,22,12,21,12:21,13.4,1.0,2.4,5.6,0.0
2026,9,22,12,23,12:23,27.0,1.2,1.7,2.9,0.0
2026,9,22,12,24,12:24,5.7,0.8,1.8,4.7,0.0
2026,9,22,12,27,12:26,36.9,0.9,1.9,3.0,0.0
2026,9,22,12,28,12:28,30.9,0.5,0.9,3.0,0.0
2026,9,22,12,29,12:29,34.2,1.0,1.7,3.0,0.0
2026,9,22,12,31,12:31,40.5,0.5,1.0,2.4,0.0
2026,9,22,12,33,12:33,355.0,0.9,1.8,4.0,0.0
2026,9,22,12,34,12:34,10.2,0.5,1.5,3.6,0.0
2026,9,22,12,36,12:36,5.3,0.8,2.2,3.9,0.0
2026,9,22,12,38,12:38,7.5,0.7,1.6,3.3,0.0
2026,9,22,12,39,12:39,356.7,0.9,2.6,4.5,0.0
2026,9,22,12,41,12:41,32.1,0.7,1.2,1.9,0.0
2026,9,22,12,43,12:43,24.9,0.7,1.0,3.0,0.0
2026,9,22,12,44,12:44,341.5,2.6,4.1,5.7,0.0
2026,9,22,12,46,12:46,354.3,0.8,3.0,5.3,0.0
2026,9,22,12,48,12:48,345.7,2.3,3.3,4.7,0.0
2026,9,22,12,49,12:49,16.1,1.2,2.2,4.8,0.0
2026,9,22,12,51,12:51,31.5,1.2,2.0,3.4,0.0
2026,9,22,12,53,12:53,35.9,0.5,1.0,2.1,0.0
2026,9,22,12,54,12:54,7.3,0.5,2.0,4.5,0.0
2026,9,22,12,56,12:56,35.6,0.0,1.3,3.0,0.0
2026,9,22,12,58,12:58,348.2,3.3,4.7,6.0,0.0
2026,9,22,12,59,12:59,357.8,0.9,3.2,5.3,0.0
2026,9,22,13,2,13:01,354.0,1.4,3.1,5.1,0.0
2026,9,22,13,3,13:03,5.0,0.8,2.0,4.3,0.0
2026,9,22,13,4,13:04,350.0,0.9,2.6,4.2,0.0
2026,9,22,13,7,13:07,356.9,1.6,3.3,4.6,0.0
2026,9,22,13,8,13:08,5.4,1.6,3.2,5.6,0.0
2026,9,22,13,9,13:09,22.4,0.7,1.6,3.7,0.0
2026,9,22,13,12,13:11,7.2,0.0,1.3,2.2,0.0
2026,9,22,13,13,13:13,349.5,2.6,4.5,6.4,0.0
2026,9,22,13,14,13:14,1.6,1.0,2.6,5.4,0.0
2026,9,22,13,17,13:16,349.6,0.0,1.9,4.2,0.0
2026,9,22,13,18,13:18,346.0,3.0,5.4,7.9,0.0
2026,9,22,13,19,13:19,348.9,2.8,4.2,5.3,0.0
2026,9,22,13,21,13:21,5.0,0.8,2.4,4.3,0.0
2026,9,22,13,23,13:23,8.7,1.4,3.6,7.8,0.0
2026,9,22,13,24,13:24,341.4,3.5,4.6,6.1,0.0
2026,9,22,13,26,13:26,24.9,0.6,1.3,2.3,0.0
2026,9,22,13,28,13:28,40.8,0.8,1.7,3.4,0.0
2026,9,22,13,29,13:29,43.8,1.3,2.2,4.2,0.0
2026,9,22,13,31,13:31,37.2,0.8,1.6,2.5,0.0
2026,9,22,13,33,13:33,33.9,1.0,1.9,3.1,0.0
2026,9,22,13,34,13:34,10.3,0.8,2.0,3.6,0.0
2026,9,22,13,37,13:36,26.0,0.6,1.4,2.2,0.0
2026,9,22,13,38,13:38,355.4,1.9,4.5,6.9,0.0
2026,9,22,13,39,13:39,7.2,1.1,3.3,6.1,0.0
2026,9,22,13,42,13:42,7.8,0.9,1.7,3.4,0.0
2026,9,22,13,43,13:43,345.7,1.5,3.4,5.5,0.0
2026,9,22,13,44,13:44,0.9,1.4,3.3,6.8,0.0
2026,9,22,13,47,13:46,37.2,0.8,1.8,3.0,0.0
2026,9,22,13,48,13:48,22.4,1.0,1.3,2.3,0.0
2026,9,22,13,49,13:49,22.0,0.4,1.0,2.7,0.0
2026,9,22,13,52,13:51,3.8,0.7,2.6,6.3,0.0
2026,9,22,13,53,13:53,16.3,0.8,3.1,5.7,0.0
2026,9,22,13,54,13:54,339.8,2.6,4.5,5.9,0.0
2026,9,22,13,56,13:56,2.1,0.9,2.8,4.9,0.0
2026,9,22,13,58,13:58,24.9,0.8,1.3,2.2,0.0
2026,9,22,13,59,13:59,34.2,0.0,0.8,1.5,0.0
2026,9,22,14,1,14:01,21.3,0.0,1.7,4.4,0.0
2026,9,22,14,3,14:03,21.2,0.0,1.8,4.2,0.0
2026,9,22,14,4,14:04,5.6,0.7,2.6,4.9,0.0
2026,9,22,14,6,14:06,359.0,0.8,1.8,4.3,0.0
2026,9,22,14,8,14:08,352.6,2.6,4.5,6.0,0.0
2026,9,22,14,9,14:09,349.8,1.4,3.9,6.3,0.0
2026,9,22,14,11,14:11,346.6,2.0,3.7,5.6,0.0
2026,9,22,14,13,14:13,355.2,1.7,4.2,5.9,0.0
2026,9,22,14,14,14:14,354.7,2.0,4.4,6.6,0.0
2026,9,22,14,16,14:16,350.5,3.4,5.4,7.1,0.0
2026,9,22,14,18,14:18,344.4,3.4,4.9,5.9,0.0
2026,9,22,14,19,14:19,342.1,3.3,3.8,4.8,0.0
2026,9,22,14,22,14:21,346.6,2.8,3.9,5.4,0.0
2026,9,22,14,23,14:23,4.5,1.0,2.1,4.2,0.0
2026,9,22,14,24,14:24,356.9,1.1,3.7,5.8,0.0
2026,9,22,14,26,14:26,42.3,0.8,1.4,2.2,0.0
2026,9,22,14,28,14:28,0.5,1.1,3.1,5.8,0.0
2026,9,22,14,29,14:29,27.9,0.9,1.3,2.3,0.0
2026,9,22,14,31,14:31,358.0,0.9,2.3,5.1,0.0
2026,9,22,14,33,14:33,1.0,1.1,1.8,3.1,0.0
2026,9,22,14,34,14:34,5.7,1.2,3.1,5.6,0.0
2026,9,22,14,36,14:36,354.5,1.5,3.9,6.5,0.0
2026,9,22,14,38,14:38,354.0,2.1,3.4,4.7,0.0
2026,9,22,14,39,14:39,345.2,1.5,4.1,6.2,0.0
2026,9,22,14,41,14:41,349.4,3.3,4.7,6.8,0.0
2026,9,22,14,43,14:43,351.8,3.4,5.9,7.7,0.0
2026,9,22,14,44,14:44,354.0,1.8,4.6,7.9,0.0
2026,9,22,14,47,14:47,350.2,1.2,2.9,5.4,0.0
2026,9,22,14,48,14:48,349.1,2.8,4.9,6.0,0.0
2026,9,22,14,49,14:49,347.6,2.3,4.2,5.8,0.0
2026,9,22,14,52,14:51,0.1,1.5,4.2,6.2,0.0
2026,9,22,14,53,14:53,346.0,1.7,4.5,6.7,0.0
2026,9,22,14,54,14:54,359.4,2.3,5.0,6.4,0.0
2026,9,22,14,57,14:56,9.7,0.9,1.6,3.8,0.0
2026,9,22,14,58,14:58,359.3,1.4,3.2,5.2,0.0
2026,9,22,14,59,14:59,13.4,0.5,2.2,4.7,0.0
2026,9,22,15,1,15:01,339.5,1.0,3.0,5.0,0.0
2026,9,22,15,3,15:03,13.6,1.6,3.2,6.5,0.0
2026,9,22,15,4,15:04,353.4,3.1,4.9,6.2,0.0
2026,9,22,15,6,15:06,348.2,1.6,4.0,5.7,0.0
2026,9,22,15,8,15:08,347.9,3.7,5.4,7.0,0.0
2026,9,22,15,9,15:09,2.9,1.3,3.4,6.1,0.0
2026,9,22,15,12,15:11,359.1,1.2,3.8,5.6,0.0
2026,9,22,15,13,15:13,2.1,0.8,2.1,3.8,0.0
2026,9,22,15,14,15:14,356.8,1.9,3.1,4.5,0.0
2026,9,22,15,16,15:16,349.3,1.5,3.5,4.9,0.0
2026,9,22,15,18,15:18,20.0,0.8,2.3,5.7,0.0
2026,9,22,15,19,15:19,355.7,2.7,5.3,7.4,0.0
2026,9,22,15,21,15:21,354.1,1.7,3.5,5.5,0.0
2026,9,22,15,23,15:23,357.1,1.1,3.7,5.6,0.0
2026,9,22,15,24,15:24,344.5,1.7,3.5,5.9,0.0
2026,9,22,15,27,15:26,353.2,1.0,3.6,5.7,0.0
2026,9,22,15,28,15:28,4.8,1.2,3.3,6.6,0.0
2026,9,22,15,31,15:31,15.1,1.3,2.6,5.0,0.0
2026,9,22,15,33,15:33,10.8,0.7,1.6,3.1,0.0
2026,9,22,15,34,15:34,353.7,1.9,4.1,6.8,0.0
2026,9,22,15,36,15:36,0.8,0.6,1.4,3.3,0.0
2026,9,22,15,38,15:38,355.6,2.0,4.3,6.0,0.0
2026,9,22,15,39,15:39,353.6,1.3,3.9,6.1,0.0
2026,9,22,15,42,15:41,7.3,1.5,2.4,5.7,0.0
2026,9,22,15,43,15:43,29.0,1.0,1.9,4.2,0.0
2026,9,22,15,44,15:44,13.3,0.6,1.9,3.6,0.0
2026,9,22,15,46,15:46,4.9,0.6,2.8,6.2,0.0
2026,9,22,15,48,15:48,10.8,1.3,2.7,5.3,0.0
2026,9,22,15,49,15:49,34.4,0.9,1.7,3.2,0.0
2026,9,22,15,51,15:51,46.2,0.8,1.2,1.7,0.0
2026,9,22,15,53,15:53,36.0,0.7,1.2,3.2,0.0
2026,9,22,15,54,15:54,18.8,1.0,1.6,3.8,0.0
2026,9,22,15,56,15:56,33.4,1.0,1.6,2.6,0.0
2026,9,22,15,58,15:58,34.0,0.5,1.2,2.1,0.0
2026,9,22,15,59,15:59,20.5,0.4,1.0,3.4,0.0
2026,9,22,16,2,16:01,9.1,1.2,2.7,4.3,0.0
2026,9,22,16,3,16:03,27.3,0.7,1.7,3.3,0.0
2026,9,22,16,4,16:04,36.1,0.9,1.9,3.6,0.0
2026,9,22,16,7,16:06,4.3,0.0,0.9,1.9,0.0
2026,9,22,16,8,16:08,16.4,0.4,1.4,3.7,0.0
2026,9,22,16,9,16:09,39.9,0.3,1.1,2.0,0.0
2026,9,22,16,12,16:11,354.8,1.3,3.2,4.9,0.0
2026,9,22,16,13,16:13,31.2,0.9,1.7,2.6,0.0
2026,9,22,16,14,16:14,10.1,1.2,3.1,4.6,0.0
2026,9,22,16,16,16:16,16.6,0.8,2.1,5.2,0.0
2026,9,22,16,18,16:18,9.5,1.1,2.1,4.7,0.0
2026,9,22,16,19,16:19,16.7,0.6,1.9,3.8,0.0
2026,9,22,16,21,16:21,26.0,0.6,1.5,2.7,0.0
2026,9,22,16,23,16:23,49.6,1.8,2.7,4.0,0.0
2026,9,22,16,24,16:24,357.7,1.0,2.8,5.1,0.0
2026,9,22,16,26,16:26,0.5,1.1,2.2,5.2,0.0
2026,9,22,16,28,16:28,356.6,1.5,2.7,3.8,0.0
2026,9,22,16,29,16:29,345.2,2.5,3.6,4.4,0.0
2026,9,22,16,32,16:31,15.8,0.8,1.7,3.9,0.0
2026,9,22,16,33,16:33,358.6,1.9,3.5,5.8,0.0
2026,9,22,16,34,16:34,16.6,1.2,2.3,4.0,0.0
2026,9,22,16,37,16:36,45.7,0.5,1.0,1.7,0.0
2026,9,22,16,38,16:38,35.2,0.6,1.4,2.9,0.0
2026,9,22,16,39,16:39,42.3,1.0,1.7,2.7,0.0
2026,9,22,16,41,16:41,11.5,1.1,2.5,5.7,0.0
2026,9,22,16,43,16:43,17.6,1.1,1.8,3.3,0.0
2026,9,22,16,44,16:44,12.8,0.9,3.1,5.9,0.0
2026,9,22,16,47,16:46,16.6,1.2,1.8,3.5,0.0
2026,9,22,16,48,16:48,40.6,0.8,1.1,2.0,0.0
2026,9,22,16,49,16:49,24.2,0.7,1.5,3.1,0.0
2026,9,22,16,52,16:52,1.0,0.7,1.3,2.4,0.0
2026,9,22,16,53,16:53,13.0,0.7,2.1,4.3,0.0
2026,9,22,16,54,16:54,28.2,1.1,1.9,3.3,0.0
2026,9,22,16,56,16:56,25.3,1.1,2.0,4.6,0.0
2026,9,22,16,58,16:58,26.8,1.3,2.1,4.0,0.0
2026,9,22,16,59,16:59,36.4,0.9,1.6,2.9,0.0
2026,9,22,17,1,17:01,43.1,0.7,1.1,2.3,0.0
2026,9,22,17,3,17:03,31.5,0.7,1.2,2.3,0.0
2026,9,22,17,4,17:04,21.9,0.8,1.4,2.3,0.0
2026,9,22,17,6,17:06,37.0,0.8,1.6,2.7,0.0
2026,9,22,17,8,17:08,22.1,0.6,1.6,5.1,0.0
2026,9,22,17,9,17:09,22.0,0.9,1.5,3.2,0.0
2026,9,22,17,12,17:11,28.6,0.9,1.9,3.4,0.0
2026,9,22,17,13,17:13,43.9,1.5,2.3,4.4,0.0
2026,9,22,17,14,17:14,46.8,0.7,2.2,5.5,0.0
2026,9,22,17,16,17:16,42.8,0.7,1.4,2.2,0.0
2026,9,22,17,18,17:18,28.6,0.0,1.1,2.6,0.0
2026,9,22,17,19,17:19,29.8,0.6,0.9,1.5,0.0
2026,9,22,17,21,17:21,34.2,0.3,1.6,2.9,0.0
2026,9,22,17,23,17:23,30.6,0.0,1.3,2.1,0.0
2026,9,22,17,24,17:24,24.2,0.9,2.0,4.0,0.0
2026,9,22,17,26,17:26,38.5,1.1,2.1,3.8,0.0
2026,9,22,17,28,17:28,46.2,0.6,1.8,5.9,0.0
2026,9,22,17,29,17:29,33.9,1.3,2.8,5.8,0.0
2026,9,22,17,32,17:31,11.2,1.3,2.2,4.3,0.0
2026,9,22,17,33,17:33,13.4,1.2,2.6,5.9,0.0
2026,9,22,17,34,17:34,4.2,1.0,2.4,5.7,0.0
2026,9,22,17,36,17:36,14.5,0.4,1.2,2.6,0.0
2026,9,22,17,38,17:38,42.5,0.9,1.6,3.4,0.0
2026,9,22,17,39,17:39,42.6,0.0,2.3,4.5,0.0
2026,9,22,17,41,17:41,22.3,1.1,1.6,2.3,0.0
2026,9,22,17,43,17:43,4.4,0.6,3.5,7.6,0.0
2026,9,22,17,44,17:44,5.0,1.2,1.8,3.3,0.0
2026,9,22,17,46,17:46,41.1,0.7,1.5,2.9,0.0
2026,9,22,17,48,17:48,38.4,0.9,2.2,3.8,0.0
2026,9,22,17,49,17:49,42.1,0.9,1.4,1.9,0.0
2026,9,22,17,52,17:51,24.3,0.6,1.2,2.2,0.0
2026,9,22,17,53,17:53,50.4,0.0,1.8,4.8,0.0
2026,9,22,17,54,17:54,47.4,0.4,1.4,2.5,0.0
2026,9,22,17,56,17:56,29.6,1.0,1.6,3.0,0.0
2026,9,22,17,58,17:58,20.5,0.9,1.6,3.0,0.0
2026,9,22,17,59,17:59,35.9,1.1,1.7,2.7,0.0
2026,9,22,18,1,18:01,38.2,0.7,1.2,2.0,0.0
2026,9,22,18,3,18:03,48.0,1.1,1.8,2.9,0.0
2026,9,22,18,4,18:04,43.0,1.0,1.8,3.3,0.0
2026,9,22,18,6,18:06,46.7,0.9,1.8,4.0,0.0
2026,9,22,18,8,18:08,34.8,1.1,2.0,3.0,0.0
2026,9,22,18,9,18:09,35.5,0.9,1.3,2.1,0.0
2026,9,22,18,11,18:11,39.9,0.8,1.9,3.0,0.0
2026,9,22,18,13,18:13,36.1,0.6,1.3,2.6,0.0
2026,9,22,18,14,18:14,29.9,0.4,0.8,1.1,0.0
2026,9,22,18,17,18:16,29.3,0.0,0.9,2.0,0.0
2026,9,22,18,18,18:18,12.1,0.5,1.5,4.0,0.0
2026,9,22,18,19,18:19,21.7,0.7,1.1,2.0,0.0
2026,9,22,18,21,18:21,28.7,0.5,0.9,1.7,0.0
2026,9,22,18,23,18:23,28.8,0.6,1.3,2.0,0.0
2026,9,22,18,24,18:24,37.8,0.9,1.5,2.7,0.0
2026,9,22,18,26,18:26,26.6,0.7,1.5,2.5,0.0
2026,9,22,18,28,18:28,38.6,0.6,1.8,2.9,0.0
2026,9,22,18,29,18:29,9.5,1.1,2.3,5.1,0.0
2026,9,22,18,32,18:31,28.6,0.0,0.9,2.2,0.0
2026,9,22,18,33,18:33,30.5,0.4,1.4,3.6,0.0
2026,9,22,18,34,18:34,48.3,0.6,1.4,2.5,0.0
2026,9,22,18,37,18:36,25.6,1.0,1.7,3.6,0.0
2026,9,22,18,38,18:38,44.6,0.0,0.9,1.7,0.0
2026,9,22,18,39,18:39,22.5,0.5,1.4,3.0,0.0
2026,9,22,18,42,18:41,27.3,0.9,1.7,3.1,0.0
2026,9,22,18,43,18:43,20.3,0.6,1.0,1.4,0.0
2026,9,22,18,44,18:44,7.8,0.7,1.4,4.3,0.0
2026,9,22,18,47,18:46,43.6,0.4,1.0,2.9,0.0
2026,9,22,18,48,18:48,44.6,0.7,1.1,2.1,0.0
2026,9,22,18,49,18:49,42.1,0.0,1.3,2.9,0.0
2026,9,22,18,52,18:51,33.5,0.4,1.0,2.0,0.0
2026,9,22,18,53,18:53,29.6,0.5,1.1,2.3,0.0
2026,9,22,18,54,18:54,33.3,0.8,1.2,1.5,0.0
2026,9,22,18,56,18:56,30.1,0.6,0.8,1.0,0.0
2026,9,22,18,58,18:58,24.0,0.4,0.8,1.2,0.0
2026,9,22,18,59,18:59,6.1,0.0,0.7,1.6,0.0
2026,9,22,19,2,19:01,45.4,0.6,0.9,1.4,0.0
2026,9,22,19,3,19:03,6.6,0.0,0.9,1.9,0.0
2026,9,22,19,4,19:04,356.7,0.0,0.4,0.8,0.0
2026,9,22,19,6,19:06,55.1,0.0,0.4,0.5,0.0
2026,9,22,19,8,19:08,5.9,0.0,0.8,2.5,0.0
2026,9,22,19,9,19:09,356.6,0.0,0.8,2.0,0.0
2026,9,22,19,11,19:11,357.9,0.0,0.9,2.3,0.0
2026,9,22,19,13,19:13,358.1,0.6,0.9,1.4,0.0
2026,9,22,19,14,19:14,1.4,0.3,1.2,2.8,0.0
2026,9,22,19,16,19:16,359.8,0.5,1.2,2.3,0.0
2026,9,22,19,18,19:18,346.4,0.0,0.5,0.8,0.0
2026,9,22,19,19,19:19,358.6,0.0,0.5,2.0,0.0
2026,9,22,19,21,19:21,358.0,0.4,1.2,2.7,0.0
2026,9,22,19,23,19:23,359.2,0.6,2.0,3.1,0.0
2026,9,22,19,24,19:24,10.6,0.0,1.1,1.9,0.0
2026,9,22,19,26,19:26,352.1,0.0,0.8,1.8,0.0
2026,9,22,19,28,19:28,358.5,0.0,0.8,2.6,0.0
2026,9,22,19,29,19:29,351.2,0.0,0.8,1.7,0.0
2026,9,22,19,31,19:31,14.1,0.0,0.5,1.1,0.0
2026,9,22,19,33,19:33,15.8,0.0,0.8,1.1,0.0
2026,9,22,19,34,19:34,9.8,0.5,0.9,1.5,0.0
2026,9,22,19,36,19:36,347.6,0.0,0.2,0.4,0.0
2026,9,22,19,38,19:38,28.3,0.0,0.7,2.3,0.0
2026,9,22,19,39,19:39,15.7,0.0,1.2,2.4,0.0
2026,9,22,19,41,19:41,30.4,0.0,0.5,1.0,0.0
2026,9,22,19,43,19:43,12.1,0.0,0.5,1.7,0.0
2026,9,22,19,47,19:46,356.8,0.0,0.9,1.7,0.0
2026,9,22,19,48,19:48,354.1,0.0,0.6,1.2,0.0
2026,9,22,19,49,19:49,356.6,0.0,0.5,1.4,0.0
2026,9,22,19,52,19:51,19.3,0.6,1.0,1.9,0.0
2026,9,22,19,53,19:53,356.9,0.6,1.3,2.5,0.0
2026,9,22,19,54,19:54,351.0,0.0,0.7,1.6,0.0
2026,9,22,19,56,19:56,353.7,0.0,0.9,2.6,0.0
2026,9,22,19,58,19:58,355.8,0.0,1.1,1.7,0.0
2026,9,22,19,59,19:59,355.8,0.0,0.5,1.6,0.0
2026,9,22,20,1,20:01,354.7,0.4,0.7,1.3,0.0
2026,9,22,20,3,20:03,349.4,0.0,0.7,2.1,0.0
2026,9,22,20,4,20:04,355.0,0.0,1.1,2.4,0.0
2026,9,22,20,7,20:06,352.3,0.0,0.8,1.5,0.0
2026,9,22,20,8,20:08,352.0,0.0,0.7,1.2,0.0
2026,9,22,20,9,20:09,351.5,0.6,1.1,1.7,0.0
2026,9,22,20,11,20:11,356.1,0.0,0.7,1.4,0.0
2026,9,22,20,13,20:13,355.5,0.5,1.0,2.1,0.0
2026,9,22,20,14,20:14,355.8,0.4,0.7,1.5,0.0
2026,9,22,20,16,20:16,342.1,0.0,0.3,0.8,0.0
2026,9,22,20,20,20:19,352.4,0.0,1.3,2.1,0.0
2026,9,22,20,22,20:22,352.9,0.0,0.9,2.0,0.0
2026,9,22,20,23,20:23,358.9,0.0,1.1,2.2,0.0
2026,9,22,20,24,20:24,358.3,0.0,0.8,1.4,0.0
2026,9,22,20,26,20:26,352.6,0.0,0.4,0.6,0.0
2026,9,22,20,28,20:28,352.6,0.0,0.9,1.8,0.0
2026,9,22,20,29,20:29,352.6,0.5,0.7,1.1,0.0
2026,9,22,20,31,20:31,348.2,0.4,0.9,1.6,0.0
2026,9,22,20,33,20:33,356.9,0.5,1.3,2.4,0.0
2026,9,22,20,34,20:34,349.0,0.0,0.7,1.3,0.0
2026,9,22,20,36,20:36,348.6,0.0,0.4,1.6,0.0
2026,9,22,20,38,20:38,348.7,0.0,0.3,0.9,0.0
2026,9,22,20,39,20:39,350.7,0.0,0.8,2.1,0.0
2026,9,22,20,42,20:41,347.7,0.0,0.7,1.5,0.0
2026,9,22,20,43,20:43,353.4,0.0,0.5,0.6,0.0
2026,9,22,20,44,20:44,351.2,0.8,1.6,2.4,0.0
2026,9,22,20,47,20:46,355.4,0.0,0.9,2.0,0.0
2026,9,22,20,48,20:48,24.6,0.0,0.8,1.3,0.0
2026,9,22,20,49,20:49,1.0,0.4,0.9,1.5,0.0
2026,9,22,20,52,20:51,349.5,0.6,1.1,2.2,0.0
2026,9,22,20,53,20:53,358.8,0.0,0.5,1.0,0.0
2026,9,22,20,54,20:54,346.6,0.0,0.7,1.1,0.0
2026,9,22,20,56,20:56,350.2,0.7,1.3,2.1,0.0
2026,9,22,20,58,20:58,350.6,0.6,1.5,2.6,0.0
2026,9,22,20,59,20:59,351.6,1.1,2.0,2.5,0.0
2026,9,22,21,2,21:01,345.5,0.0,0.6,1.1,0.0
2026,9,22,21,3,21:03,348.6,0.0,0.3,0.6,0.0
2026,9,22,21,4,21:04,354.2,0.5,1.1,1.8,0.0
2026,9,22,21,7,21:06,357.6,1.1,1.7,2.6,0.0
2026,9,22,21,8,21:08,354.7,0.6,1.1,1.9,0.0
2026,9,22,21,9,21:09,354.4,0.9,1.6,2.2,0.0
2026,9,22,21,11,21:11,353.4,1.0,1.6,2.2,0.0
2026,9,22,21,13,21:13,351.7,0.9,2.0,3.2,0.0
2026,9,22,21,14,21:14,355.7,0.7,1.2,2.2,0.0
2026,9,22,21,16,21:16,2.2,0.5,1.8,3.0,0.0
2026,9,22,21,18,21:18,351.1,0.6,1.2,2.3,0.0
2026,9,22,21,19,21:19,354.0,0.7,1.6,3.0,0.0
2026,9,22,21,21,21:21,353.8,0.7,2.1,3.1,0.0
2026,9,22,21,23,21:23,356.9,0.6,1.7,2.8,0.0
2026,9,22,21,24,21:24,6.2,0.0,1.0,1.6,0.0
2026,9,22,21,27,21:26,1.1,0.7,1.7,3.0,0.0
2026,9,22,21,28,21:28,1.0,0.9,1.8,2.6,0.0
2026,9,22,21,29,21:29,1.0,0.8,1.1,1.6,0.0
2026,9,22,21,32,21:31,354.6,0.0,0.9,1.9,0.0
2026,9,22,21,33,21:33,356.7,0.4,0.9,2.2,0.0
2026,9,22,21,34,21:34,353.3,0.6,1.0,1.9,0.0
2026,9,22,21,36,21:36,352.3,0.5,1.0,2.2,0.0
2026,9,22,21,38,21:38,359.0,0.0,1.1,2.1,0.0
2026,9,22,21,41,21:41,3.5,0.6,1.0,1.8,0.0
2026,9,22,21,43,21:43,4.7,0.5,0.8,1.8,0.0
2026,9,22,21,44,21:44,8.4,0.7,1.2,2.3,0.0
2026,9,22,21,46,21:46,357.9,0.8,1.6,2.5,0.0
2026,9,22,21,48,21:48,357.3,0.5,1.2,1.9,0.0
2026,9,22,21,49,21:49,4.2,0.5,1.4,2.7,0.0
2026,9,22,21,51,21:51,8.7,0.5,1.3,2.5,0.0
2026,9,22,21,53,21:53,359.9,0.6,1.4,2.6,0.0
2026,9,22,21,54,21:54,0.9,0.5,1.3,2.6,0.0
2026,9,22,21,56,21:56,3.8,0.5,1.1,2.8,0.0
2026,9,22,21,58,21:58,355.0,0.6,1.5,2.7,0.0
2026,9,22,21,59,21:59,354.0,0.6,0.9,1.5,0.0
2026,9,22,22,1,22:01,6.6,0.0,0.7,1.5,0.0
2026,9,22,22,3,22:03,4.1,0.0,0.8,1.5,0.0
2026,9,22,22,4,22:04,354.3,0.0,0.3,0.4,0.0
2026,9,22,22,6,22:06,3.5,0.0,1.1,2.3,0.0
2026,9,22,22,8,22:08,359.8,0.0,0.5,1.0,0.0
2026,9,22,22,9,22:09,358.3,0.0,0.5,1.2,0.0
2026,9,22,22,12,22:11,351.5,0.7,1.7,2.5,0.0
2026,9,22,22,13,22:13,356.8,0.5,0.7,1.3,0.0
2026,9,22,22,14,22:14,351.5,0.0,0.3,0.7,0.0
2026,9,22,22,16,22:16,359.5,0.6,1.2,2.1,0.0
2026,9,22,22,18,22:18,350.4,0.0,0.6,1.4,0.0
2026,9,22,22,19,22:19,350.4,0.0,0.6,1.1,0.0
2026,9,22,22,22,22:21,351.5,0.6,1.6,3.3,0.0
2026,9,22,22,23,22:23,356.1,0.8,1.7,2.9,0.0
2026,9,22,22,24,22:24,353.6,0.8,1.5,2.4,0.0
2026,9,22,22,27,22:27,354.1,0.0,1.4,2.8,0.0
2026,9,22,22,28,22:28,357.8,0.4,1.4,2.6,0.0
2026,9,22,22,29,22:29,345.6,0.7,1.6,3.2,0.0
2026,9,22,22,31,22:31,4.9,0.4,1.1,1.9,0.0
2026,9,22,22,33,22:33,358.2,1.2,2.3,3.2,0.0
2026,9,22,22,34,22:34,6.1,0.6,1.6,2.6,0.0
2026,9,22,22,36,22:36,9.4,0.0,0.8,2.2,0.0
2026,9,22,22,38,22:38,0.4,0.0,1.3,3.2,0.0
2026,9,22,22,39,22:39,4.2,0.8,1.6,3.0,0.0
2026,9,22,22,42,22:41,353.4,1.5,2.2,3.1,0.0
2026,9,22,22,43,22:43,358.4,0.6,1.5,2.6,0.0
2026,9,22,22,44,22:44,1.9,0.6,1.5,3.1,0.0
2026,9,22,22,47,22:46,356.5,1.1,1.7,2.3,0.0
2026,9,22,22,48,22:48,358.3,0.0,1.3,2.7,0.0
2026,9,22,22,49,22:49,13.5,0.5,0.8,1.7,0.0
2026,9,22,22,51,22:51,10.6,0.0,0.9,1.8,0.0
2026,9,22,22,53,22:53,354.1,0.0,0.9,2.9,0.0
2026,9,22,22,54,22:54,351.2,0.0,1.4,2.6,0.0
2026,9,22,22,57,22:56,351.9,0.5,0.8,1.5,0.0
2026,9,22,22,58,22:58,354.2,0.7,1.2,2.0,0.0
2026,9,22,22,59,22:59,354.3,0.6,1.6,2.8,0.0
2026,9,22,23,1,23:01,349.3,1.5,2.5,3.1,0.0
2026,9,22,23,3,23:03,349.5,0.5,0.9,1.9,0.0
2026,9,22,23,4,23:04,358.3,1.0,1.7,2.9,0.0
2026,9,22,23,6,23:06,6.6,0.6,1.1,2.5,0.0
2026,9,22,23,8,23:08,351.3,0.0,0.7,1.5,0.0
2026,9,22,23,9,23:09,14.6,0.5,1.1,2.0,0.0
2026,9,22,23,12,23:11,359.6,1.5,2.4,3.7,0.0
2026,9,22,23,13,23:13,18.8,0.6,1.2,2.8,0.0
2026,9,22,23,14,23:14,6.8,0.5,1.3,2.7,0.0
2026,9,22,23,17,23:16,2.5,0.6,1.1,2.5,0.0
2026,9,22,23,18,23:18,8.9,0.4,1.0,2.9,0.0
2026,9,22,23,19,23:19,8.1,0.8,1.3,2.1,0.0
2026,9,22,23,21,23:21,2.9,0.7,1.5,2.8,0.0
2026,9,22,23,23,23:23,357.0,0.9,1.7,3.1,0.0
2026,9,22,23,24,23:24,5.7,0.7,1.3,2.5,0.0
2026,9,22,23,26,23:26,0.7,0.7,1.3,2.5,0.0
2026,9,22,23,28,23:28,355.6,0.0,1.1,2.8,0.0
2026,9,22,23,29,23:29,4.2,0.7,1.6,3.1,0.0
2026,9,22,23,32,23:32,1.4,1.2,2.3,3.4,0.0
2026,9,22,23,33,23:33,9.1,0.4,0.9,1.9,0.0
2026,9,22,23,34,23:34,352.0,0.5,0.9,1.9,0.0
2026,9,22,23,36,23:36,0.5,0.0,0.9,1.5,0.0
2026,9,22,23,38,23:38,33.6,0.0,1.0,2.4,0.0
2026,9,22,23,39,23:39,39.0,0.3,0.6,1.3,0.0
2026,9,22,23,42,23:41,2.8,0.8,1.3,2.2,0.0
2026,9,22,23,43,23:43,15.3,0.0,0.7,1.5,0.0
2026,9,22,23,44,23:44,0.4,0.0,1.3,2.7,0.0
2026,9,22,23,46,23:46,0.6,0.7,1.5,3.0,0.0
2026,9,22,23,48,23:48,15.6,0.4,1.2,3.4,0.0
2026,9,22,23,51,23:51,357.5,0.5,1.8,3.5,0.0
2026,9,22,23,53,23:53,12.8,0.7,1.3,2.9,0.0
2026,9,22,23,54,23:54,355.6,0.7,1.5,2.9,0.0
2026,9,22,23,56,23:56,357.7,0.7,1.7,3.0,0.0
2026,9,22,23,58,23:58,1.8,0.4,1.4,3.7,0.0
2026,9,22,23,59,23:59,6.2,0.0,0.9,1.5,0.0
