# Helsinki Laru (dlarah.org Lauttasaari) 2026-09-14 Suomen aikaa — lähteen Laru_2026-257.txt sellaisenaan
# vuosi kk pv kirjoitus-h kirjoitus-min hh:mm suunta min ka max lämpötila (asemalla ei mittaria)
2026,9,14,0,1,00:00,279.2,0.8,1.4,2.1,0.0
2026,9,14,0,3,00:02,281.6,1.0,1.2,1.4,0.0
2026,9,14,0,4,00:03,281.5,0.8,0.9,1.1,0.0
2026,9,14,0,6,00:05,281.5,1.1,1.4,1.8,0.0
2026,9,14,0,8,00:07,293.4,1.1,1.5,2.2,0.0
2026,9,14,0,9,00:08,312.4,0.9,1.1,1.3,0.0
2026,9,14,0,11,00:10,312.6,1.4,1.8,2.5,0.0
2026,9,14,0,13,00:12,299.8,1.2,1.7,2.2,0.0
2026,9,14,0,14,00:13,290.0,1.2,1.7,2.1,0.0
2026,9,14,0,16,00:15,313.7,1.4,2.0,2.7,0.0
2026,9,14,0,18,00:17,337.3,1.4,1.8,2.2,0.0
2026,9,14,0,19,00:18,315.7,1.2,1.5,1.8,0.0
2026,9,14,0,22,00:21,316.7,1.3,1.9,3.2,0.0
2026,9,14,0,23,00:22,319.1,1.8,2.2,3.1,0.0
2026,9,14,0,24,00:23,329.1,1.7,2.2,2.7,0.0
2026,9,14,0,26,00:26,329.2,1.4,2.0,2.5,0.0
2026,9,14,0,28,00:27,320.5,1.2,1.4,1.8,0.0
2026,9,14,0,29,00:28,316.9,1.7,2.1,2.6,0.0
2026,9,14,0,31,00:30,321.4,1.3,1.6,2.0,0.0
2026,9,14,0,33,00:32,308.1,1.3,1.8,2.3,0.0
2026,9,14,0,34,00:33,322.0,1.3,1.7,2.2,0.0
2026,9,14,0,36,00:35,316.7,1.8,2.6,3.4,0.0
2026,9,14,0,38,00:37,319.2,1.4,1.8,2.2,0.0
2026,9,14,0,39,00:38,307.0,1.5,1.8,2.2,0.0
2026,9,14,0,41,00:41,328.7,1.4,1.9,2.4,0.0
2026,9,14,0,43,00:42,328.7,1.4,1.7,2.3,0.0
2026,9,14,0,44,00:43,338.2,1.8,2.2,2.8,0.0
2026,9,14,0,46,00:45,307.7,1.3,1.7,2.2,0.0
2026,9,14,0,48,00:47,338.5,1.2,1.7,2.4,0.0
2026,9,14,0,49,00:48,318.6,1.3,1.7,2.2,0.0
2026,9,14,0,51,00:50,325.1,1.3,1.6,2.2,0.0
2026,9,14,0,53,00:52,326.3,1.1,1.4,1.6,0.0
2026,9,14,0,54,00:53,329.0,1.0,1.4,2.0,0.0
2026,9,14,0,56,00:56,326.5,2.1,2.8,3.9,0.0
2026,9,14,0,58,00:57,341.1,2.1,2.9,3.6,0.0
2026,9,14,0,59,00:59,306.7,1.2,1.7,2.1,0.0
2026,9,14,1,2,01:01,314.6,1.7,2.1,2.8,0.0
2026,9,14,1,3,01:02,328.6,1.5,2.0,2.5,0.0
2026,9,14,1,4,01:03,317.7,1.3,1.9,2.7,0.0
2026,9,14,1,6,01:06,313.4,1.8,1.9,2.1,0.0
2026,9,14,1,8,01:07,319.8,1.7,2.2,2.7,0.0
2026,9,14,1,9,01:08,317.2,1.6,2.0,2.4,0.0
2026,9,14,1,11,01:11,325.4,2.2,2.7,3.1,0.0
2026,9,14,1,13,01:12,329.7,1.6,2.0,2.3,0.0
2026,9,14,1,14,01:14,332.4,1.4,1.9,2.7,0.0
2026,9,14,1,17,01:16,340.7,1.5,2.2,2.9,0.0
2026,9,14,1,18,01:17,334.0,1.7,2.2,2.8,0.0
2026,9,14,1,19,01:18,329.3,1.3,1.7,2.1,0.0
2026,9,14,1,21,01:21,323.7,1.6,1.9,2.8,0.0
2026,9,14,1,23,01:22,323.9,1.4,2.2,3.0,0.0
2026,9,14,1,24,01:23,326.4,1.8,2.3,3.0,0.0
2026,9,14,1,26,01:25,326.1,1.4,2.9,3.9,0.0
2026,9,14,1,28,01:27,331.3,2.2,2.7,3.7,0.0
2026,9,14,1,29,01:28,311.4,1.5,1.9,2.3,0.0
2026,9,14,1,31,01:30,327.2,1.7,2.0,2.7,0.0
2026,9,14,1,33,01:32,331.8,1.9,2.5,3.2,0.0
2026,9,14,1,34,01:33,332.1,2.0,2.5,3.0,0.0
2026,9,14,1,37,01:36,333.3,2.0,2.9,3.9,0.0
2026,9,14,1,38,01:37,320.5,1.7,3.1,4.3,0.0
2026,9,14,1,39,01:38,319.3,1.6,2.6,3.4,0.0
2026,9,14,1,41,01:40,348.7,2.1,3.1,4.6,0.0
2026,9,14,1,43,01:42,323.2,1.8,3.0,4.8,0.0
2026,9,14,1,44,01:43,330.8,2.0,2.5,3.0,0.0
2026,9,14,1,46,01:45,348.5,1.1,2.5,3.4,0.0
2026,9,14,1,48,01:47,337.4,2.1,2.9,4.0,0.0
2026,9,14,1,49,01:48,344.6,2.7,3.2,3.7,0.0
2026,9,14,1,51,01:50,334.3,2.3,2.8,3.7,0.0
2026,9,14,1,53,01:52,337.9,2.2,2.9,3.6,0.0
2026,9,14,1,54,01:53,341.8,1.9,2.8,3.8,0.0
2026,9,14,1,56,01:55,339.6,2.1,3.2,4.3,0.0
2026,9,14,1,58,01:57,342.0,1.8,2.3,3.1,0.0
2026,9,14,1,59,01:58,337.5,1.8,2.7,3.9,0.0
2026,9,14,2,1,02:01,335.0,2.0,2.6,3.5,0.0
2026,9,14,2,3,02:02,337.1,2.6,3.0,3.4,0.0
2026,9,14,2,4,02:03,337.4,2.3,2.8,3.4,0.0
2026,9,14,2,6,02:06,330.5,2.0,2.6,3.8,0.0
2026,9,14,2,8,02:07,334.9,1.8,2.5,3.2,0.0
2026,9,14,2,9,02:08,335.8,2.1,2.5,3.1,0.0
2026,9,14,2,11,02:10,323.2,2.0,2.6,3.0,0.0
2026,9,14,2,13,02:12,327.7,2.0,2.7,3.1,0.0
2026,9,14,2,14,02:13,336.5,2.1,2.8,3.5,0.0
2026,9,14,2,17,02:16,329.0,2.0,2.6,3.0,0.0
2026,9,14,2,18,02:17,342.1,2.2,2.8,3.3,0.0
2026,9,14,2,19,02:18,330.3,2.3,2.8,3.6,0.0
2026,9,14,2,21,02:21,338.1,1.8,2.4,3.1,0.0
2026,9,14,2,23,02:22,344.3,1.6,2.5,3.5,0.0
2026,9,14,2,24,02:23,342.8,2.6,2.9,3.5,0.0
2026,9,14,2,26,02:25,336.6,1.9,3.0,3.5,0.0
2026,9,14,2,28,02:27,340.1,1.9,2.6,3.2,0.0
2026,9,14,2,29,02:28,330.8,2.3,3.0,3.9,0.0
2026,9,14,2,32,02:31,339.8,1.8,2.6,4.3,0.0
2026,9,14,2,33,02:32,339.2,2.4,3.0,3.8,0.0
2026,9,14,2,34,02:33,341.1,2.8,3.3,3.7,0.0
2026,9,14,2,36,02:35,343.1,2.3,2.8,3.2,0.0
2026,9,14,2,38,02:37,340.8,1.9,2.5,3.2,0.0
2026,9,14,2,39,02:38,334.4,2.1,2.4,2.9,0.0
2026,9,14,2,41,02:40,327.9,1.7,2.3,2.9,0.0
2026,9,14,2,43,02:42,342.8,1.6,2.3,2.9,0.0
2026,9,14,2,44,02:43,335.1,1.9,2.4,3.0,0.0
2026,9,14,2,46,02:45,341.6,1.5,3.2,4.3,0.0
2026,9,14,2,48,02:47,336.0,2.0,2.5,3.0,0.0
2026,9,14,2,49,02:48,337.7,2.0,2.4,3.0,0.0
2026,9,14,2,52,02:51,346.7,1.2,2.2,3.2,0.0
2026,9,14,2,53,02:52,333.6,1.9,2.5,3.1,0.0
2026,9,14,2,54,02:53,338.5,2.3,2.7,3.2,0.0
2026,9,14,2,56,02:55,344.9,2.5,3.1,3.5,0.0
2026,9,14,2,58,02:57,351.1,1.7,2.3,2.8,0.0
2026,9,14,3,1,03:00,342.0,0.5,2.0,3.1,0.0
2026,9,14,3,3,03:02,348.0,0.0,1.1,2.2,0.0
2026,9,14,3,4,03:03,345.5,1.7,2.9,4.1,0.0
2026,9,14,3,6,03:05,345.6,1.6,2.2,2.8,0.0
2026,9,14,3,8,03:07,350.5,1.7,2.3,2.7,0.0
2026,9,14,3,9,03:08,343.5,1.5,2.2,3.1,0.0
2026,9,14,3,11,03:10,345.7,0.8,2.2,3.2,0.0
2026,9,14,3,13,03:12,340.7,2.0,2.6,3.2,0.0
2026,9,14,3,15,03:14,356.7,1.0,2.4,3.8,0.0
2026,9,14,3,17,03:16,354.2,0.8,1.8,3.5,0.0
2026,9,14,3,18,03:17,350.5,0.7,2.1,3.1,0.0
2026,9,14,3,19,03:18,352.1,1.2,2.1,2.9,0.0
2026,9,14,3,21,03:21,348.0,1.6,2.6,3.4,0.0
2026,9,14,3,23,03:22,351.1,0.0,1.6,2.9,0.0
2026,9,14,3,24,03:23,353.3,0.7,2.0,3.2,0.0
2026,9,14,3,27,03:26,350.4,1.4,2.4,3.3,0.0
2026,9,14,3,28,03:27,359.2,0.8,2.0,3.0,0.0
2026,9,14,3,29,03:28,10.7,0.9,1.9,3.2,0.0
2026,9,14,3,31,03:30,347.2,0.5,1.1,3.1,0.0
2026,9,14,3,33,03:32,355.8,1.1,2.1,3.5,0.0
2026,9,14,3,34,03:33,355.6,0.6,1.3,2.4,0.0
2026,9,14,3,37,03:36,359.2,1.1,2.2,3.3,0.0
2026,9,14,3,38,03:37,353.7,0.8,1.7,2.7,0.0
2026,9,14,3,41,03:40,5.6,0.7,1.6,2.6,0.0
2026,9,14,3,43,03:42,2.7,0.6,1.1,1.9,0.0
2026,9,14,3,44,03:43,349.5,1.4,1.9,2.4,0.0
2026,9,14,3,46,03:45,349.4,0.4,0.6,1.0,0.0
2026,9,14,3,48,03:47,350.8,0.3,1.1,2.3,0.0
2026,9,14,3,49,03:48,358.2,0.5,0.9,1.6,0.0
2026,9,14,3,51,03:50,356.2,0.6,1.7,2.8,0.0
2026,9,14,3,53,03:52,352.2,1.4,2.7,3.6,0.0
2026,9,14,3,54,03:53,9.1,0.0,1.1,2.0,0.0
2026,9,14,3,56,03:55,3.6,0.6,1.6,2.6,0.0
2026,9,14,3,58,03:57,351.2,0.0,0.9,1.8,0.0
2026,9,14,3,59,03:58,355.6,0.0,0.4,0.7,0.0
2026,9,14,4,1,04:00,350.2,0.5,0.9,1.7,0.0
2026,9,14,4,3,04:02,356.8,0.6,1.8,2.6,0.0
2026,9,14,4,4,04:03,351.0,0.6,1.7,2.8,0.0
2026,9,14,4,6,04:06,356.0,1.1,2.4,4.0,0.0
2026,9,14,4,8,04:07,8.3,0.8,2.2,4.1,0.0
2026,9,14,4,9,04:08,3.5,0.8,1.9,3.0,0.0
2026,9,14,4,12,04:11,348.5,0.5,1.3,2.4,0.0
2026,9,14,4,13,04:12,358.1,1.4,2.1,2.8,0.0
2026,9,14,4,14,04:13,359.0,0.7,1.5,2.7,0.0
2026,9,14,4,17,04:16,355.1,0.8,2.1,3.7,0.0
2026,9,14,4,18,04:17,350.9,1.1,2.3,3.1,0.0
2026,9,14,4,21,04:20,354.1,1.2,1.9,2.9,0.0
2026,9,14,4,23,04:22,355.0,1.0,1.7,2.4,0.0
2026,9,14,4,24,04:23,349.7,1.6,2.4,3.5,0.0
2026,9,14,4,26,04:26,1.9,0.8,2.0,3.1,0.0
2026,9,14,4,28,04:27,351.8,0.9,2.1,3.2,0.0
2026,9,14,4,29,04:28,349.2,1.2,3.0,4.4,0.0
2026,9,14,4,31,04:30,347.5,0.7,2.6,3.7,0.0
2026,9,14,4,33,04:32,347.0,1.4,2.6,3.7,0.0
2026,9,14,4,34,04:33,347.1,1.6,2.7,4.0,0.0
2026,9,14,4,37,04:36,356.7,1.2,2.3,3.6,0.0
2026,9,14,4,38,04:37,357.1,0.8,1.4,2.6,0.0
2026,9,14,4,39,04:38,353.9,2.0,3.0,3.8,0.0
2026,9,14,4,41,04:40,352.7,2.4,2.9,3.3,0.0
2026,9,14,4,43,04:42,350.5,1.0,2.5,4.0,0.0
2026,9,14,4,44,04:43,348.4,2.6,3.2,3.6,0.0
2026,9,14,4,47,04:46,350.5,1.4,2.7,3.4,0.0
2026,9,14,4,48,04:47,348.0,2.0,3.0,4.0,0.0
2026,9,14,4,49,04:48,348.4,2.1,2.9,3.6,0.0
2026,9,14,4,51,04:50,352.6,1.9,2.7,3.6,0.0
2026,9,14,4,53,04:52,341.6,1.5,2.4,3.3,0.0
2026,9,14,4,54,04:53,354.9,1.0,1.8,2.6,0.0
2026,9,14,4,57,04:56,344.2,1.8,3.0,3.8,0.0
2026,9,14,4,58,04:57,349.5,1.4,2.7,3.7,0.0
2026,9,14,4,59,04:58,348.5,2.2,3.1,3.7,0.0
2026,9,14,5,1,05:00,346.7,1.5,2.6,3.5,0.0
2026,9,14,5,3,05:02,343.2,1.8,2.7,3.6,0.0
2026,9,14,5,4,05:03,355.7,0.8,2.1,3.3,0.0
2026,9,14,5,7,05:06,349.3,0.7,1.8,3.0,0.0
2026,9,14,5,8,05:07,358.9,0.9,2.0,2.8,0.0
2026,9,14,5,9,05:08,352.4,1.1,2.5,4.3,0.0
2026,9,14,5,11,05:10,351.8,1.0,2.2,2.9,0.0
2026,9,14,5,13,05:12,13.3,0.7,1.3,3.3,0.0
2026,9,14,5,14,05:13,352.3,0.7,2.3,3.3,0.0
2026,9,14,5,16,05:16,344.5,2.2,2.7,3.4,0.0
2026,9,14,5,18,05:17,355.7,0.9,2.2,3.5,0.0
2026,9,14,5,19,05:18,348.4,1.8,3.2,4.3,0.0
2026,9,14,5,21,05:20,335.6,3.1,3.6,4.3,0.0
2026,9,14,5,23,05:22,343.4,2.6,3.2,3.6,0.0
2026,9,14,5,24,05:23,355.1,2.7,3.3,3.9,0.0
2026,9,14,5,26,05:25,342.5,2.3,3.3,4.1,0.0
2026,9,14,5,28,05:27,349.8,1.0,2.3,3.4,0.0
2026,9,14,5,29,05:28,351.8,1.5,2.6,3.9,0.0
2026,9,14,5,32,05:31,349.3,0.8,2.1,4.0,0.0
2026,9,14,5,33,05:32,340.5,3.0,3.4,4.3,0.0
2026,9,14,5,34,05:33,350.3,0.6,1.4,3.1,0.0
2026,9,14,5,36,05:35,350.0,1.6,3.0,4.6,0.0
2026,9,14,5,38,05:37,354.1,0.7,1.4,2.6,0.0
2026,9,14,5,39,05:38,355.4,0.8,1.7,2.9,0.0
2026,9,14,5,41,05:40,356.9,0.8,1.8,3.4,0.0
2026,9,14,5,43,05:42,349.9,0.5,1.6,3.0,0.0
2026,9,14,5,44,05:43,351.3,0.5,1.4,2.4,0.0
2026,9,14,5,47,05:46,346.9,0.5,1.7,2.6,0.0
2026,9,14,5,48,05:47,355.4,0.6,1.0,1.5,0.0
2026,9,14,5,49,05:48,358.9,0.0,0.7,1.5,0.0
2026,9,14,5,51,05:50,357.9,0.7,1.3,1.9,0.0
2026,9,14,5,53,05:52,359.5,0.5,1.2,2.4,0.0
2026,9,14,5,54,05:53,347.7,1.4,2.2,2.8,0.0
2026,9,14,5,57,05:56,0.7,0.9,0.8,1.7,0.0
2026,9,14,5,58,05:57,357.2,0.8,1.3,2.0,0.0
2026,9,14,5,59,05:58,357.2,0.5,0.8,1.6,0.0
2026,9,14,6,2,06:01,348.1,0.6,1.6,2.5,0.0
2026,9,14,6,3,06:02,350.7,1.0,1.6,2.3,0.0
2026,9,14,6,4,06:03,351.3,1.4,1.7,2.0,0.0
2026,9,14,6,6,06:05,349.3,0.7,1.7,2.5,0.0
2026,9,14,6,8,06:07,349.2,1.3,2.2,2.9,0.0
2026,9,14,6,9,06:08,352.0,1.1,2.1,3.0,0.0
2026,9,14,6,11,06:10,343.9,2.4,2.7,3.0,0.0
2026,9,14,6,13,06:12,349.6,2.2,2.5,3.0,0.0
2026,9,14,6,14,06:13,347.0,2.4,2.8,3.6,0.0
2026,9,14,6,16,06:15,347.2,1.7,2.5,3.2,0.0
2026,9,14,6,18,06:17,345.0,1.9,2.5,2.9,0.0
2026,9,14,6,19,06:18,343.9,2.3,2.7,3.3,0.0
2026,9,14,6,21,06:20,349.7,2.0,2.7,3.7,0.0
2026,9,14,6,23,06:22,352.5,1.9,3.3,3.9,0.0
2026,9,14,6,24,06:23,349.8,1.6,2.6,3.4,0.0
2026,9,14,6,26,06:25,348.4,0.8,1.7,2.4,0.0
2026,9,14,6,28,06:27,349.4,1.3,2.3,3.0,0.0
2026,9,14,6,29,06:28,345.9,1.7,2.6,3.2,0.0
2026,9,14,6,31,06:30,347.8,1.7,2.7,3.5,0.0
2026,9,14,6,33,06:32,355.5,0.9,2.0,3.3,0.0
2026,9,14,6,34,06:33,344.3,2.3,2.8,3.4,0.0
2026,9,14,6,37,06:36,347.5,2.4,2.9,3.7,0.0
2026,9,14,6,38,06:37,350.1,2.2,2.9,3.5,0.0
2026,9,14,6,39,06:38,349.2,2.4,3.4,4.0,0.0
2026,9,14,6,41,06:40,345.3,2.8,3.2,3.7,0.0
2026,9,14,6,43,06:42,346.6,2.3,3.0,3.8,0.0
2026,9,14,6,44,06:43,347.5,2.3,3.0,3.8,0.0
2026,9,14,6,46,06:45,344.7,2.3,3.0,3.7,0.0
2026,9,14,6,48,06:47,350.9,2.3,2.8,3.5,0.0
2026,9,14,6,49,06:48,347.6,2.1,2.8,3.3,0.0
2026,9,14,6,51,06:50,343.2,2.3,2.9,3.3,0.0
2026,9,14,6,53,06:52,347.1,1.9,2.7,3.0,0.0
2026,9,14,6,54,06:53,350.7,2.2,3.3,4.1,0.0
2026,9,14,6,56,06:55,348.1,2.2,3.1,3.7,0.0
2026,9,14,6,58,06:57,345.0,2.6,3.0,3.3,0.0
2026,9,14,7,1,07:00,340.0,2.5,2.8,3.3,0.0
2026,9,14,7,3,07:02,341.9,2.3,2.8,3.2,0.0
2026,9,14,7,4,07:04,339.0,2.3,2.9,3.3,0.0
2026,9,14,7,7,07:06,343.6,2.5,2.9,3.1,0.0
2026,9,14,7,8,07:07,342.5,2.2,2.5,2.9,0.0
2026,9,14,7,9,07:08,340.4,2.2,2.4,2.8,0.0
2026,9,14,7,12,07:11,336.3,1.9,2.2,2.5,0.0
2026,9,14,7,13,07:12,348.3,2.0,2.3,2.7,0.0
2026,9,14,7,14,07:13,342.3,1.8,2.3,2.6,0.0
2026,9,14,7,17,07:16,333.2,2.0,2.4,2.7,0.0
2026,9,14,7,18,07:17,335.8,1.8,2.1,2.4,0.0
2026,9,14,7,19,07:18,330.1,1.6,2.0,2.4,0.0
2026,9,14,7,21,07:20,345.9,1.9,2.2,2.4,0.0
2026,9,14,7,23,07:22,323.6,2.0,2.2,2.4,0.0
2026,9,14,7,24,07:23,309.8,1.8,2.2,2.4,0.0
2026,9,14,7,26,07:25,339.4,1.7,2.0,2.2,0.0
2026,9,14,7,28,07:27,340.4,1.5,1.9,2.2,0.0
2026,9,14,7,29,07:28,336.9,1.7,2.0,2.4,0.0
2026,9,14,7,32,07:31,333.1,1.5,1.8,2.2,0.0
2026,9,14,7,33,07:32,335.0,1.6,1.9,2.2,0.0
2026,9,14,7,34,07:33,336.8,1.6,1.8,2.0,0.0
2026,9,14,7,36,07:35,328.4,1.5,1.7,1.9,0.0
2026,9,14,7,38,07:37,327.0,1.5,2.1,2.6,0.0
2026,9,14,7,39,07:38,328.4,1.6,1.8,2.3,0.0
2026,9,14,7,41,07:40,327.5,1.7,2.2,2.8,0.0
2026,9,14,7,43,07:42,329.7,1.6,2.2,2.8,0.0
2026,9,14,7,44,07:43,330.5,2.0,2.7,3.1,0.0
2026,9,14,7,47,07:46,336.9,2.1,2.5,2.9,0.0
2026,9,14,7,48,07:47,336.7,1.9,2.4,2.7,0.0
2026,9,14,7,49,07:48,337.5,2.2,2.6,3.3,0.0
2026,9,14,7,52,07:51,344.3,2.3,2.9,3.7,0.0
2026,9,14,7,53,07:52,355.0,2.1,2.7,3.9,0.0
2026,9,14,7,54,07:53,341.6,1.5,2.3,3.0,0.0
2026,9,14,7,56,07:55,341.5,2.2,2.6,2.9,0.0
2026,9,14,7,58,07:57,339.9,2.4,3.2,4.2,0.0
2026,9,14,7,59,07:58,342.4,2.3,2.9,3.3,0.0
2026,9,14,8,1,08:00,345.8,2.7,3.2,3.8,0.0
2026,9,14,8,3,08:02,344.7,1.8,2.8,3.6,0.0
2026,9,14,8,4,08:03,345.0,1.9,2.4,3.0,0.0
2026,9,14,8,7,08:06,340.8,2.4,2.9,3.5,0.0
2026,9,14,8,8,08:07,340.3,2.6,3.0,3.6,0.0
2026,9,14,8,9,08:08,341.5,2.6,3.5,4.4,0.0
2026,9,14,8,11,08:11,343.2,2.0,3.1,3.5,0.0
2026,9,14,8,13,08:12,355.7,1.5,2.7,3.9,0.0
2026,9,14,8,14,08:13,356.7,1.3,2.6,3.9,0.0
2026,9,14,8,16,08:16,350.5,1.7,3.4,4.6,0.0
2026,9,14,8,18,08:17,349.7,1.2,2.2,3.5,0.0
2026,9,14,8,19,08:18,356.5,2.5,3.4,4.4,0.0
2026,9,14,8,22,08:21,348.9,2.6,3.3,4.1,0.0
2026,9,14,8,23,08:22,347.4,2.5,3.7,4.7,0.0
2026,9,14,8,24,08:23,359.9,1.6,2.8,3.7,0.0
2026,9,14,8,26,08:25,358.1,1.5,3.1,4.6,0.0
2026,9,14,8,28,08:27,12.8,1.1,2.0,3.4,0.0
2026,9,14,8,29,08:28,356.9,0.9,2.3,3.7,0.0
2026,9,14,8,31,08:30,10.2,1.1,2.1,3.3,0.0
2026,9,14,8,33,08:32,357.0,1.4,3.1,4.3,0.0
2026,9,14,8,34,08:33,351.9,2.0,3.5,5.1,0.0
2026,9,14,8,36,08:35,350.5,3.3,4.1,4.8,0.0
2026,9,14,8,38,08:37,352.5,2.1,3.6,4.7,0.0
2026,9,14,8,39,08:38,8.8,1.0,2.0,3.4,0.0
2026,9,14,8,42,08:41,11.8,0.9,1.9,3.7,0.0
2026,9,14,8,43,08:42,359.9,0.5,2.5,4.3,0.0
2026,9,14,8,44,08:43,2.8,1.0,2.6,4.0,0.0
2026,9,14,8,46,08:45,13.7,0.0,0.7,1.2,0.0
2026,9,14,8,48,08:47,354.5,0.7,1.1,2.3,0.0
2026,9,14,8,49,08:48,348.2,1.8,3.1,4.2,0.0
2026,9,14,8,52,08:51,347.1,1.8,3.0,3.8,0.0
2026,9,14,8,53,08:52,342.5,1.7,3.0,3.7,0.0
2026,9,14,8,54,08:53,354.5,1.4,2.4,3.6,0.0
2026,9,14,8,57,08:56,345.2,1.7,3.2,4.3,0.0
2026,9,14,8,58,08:57,344.1,2.5,3.4,4.8,0.0
2026,9,14,8,59,08:58,1.5,0.8,2.5,4.1,0.0
2026,9,14,9,1,09:00,355.1,1.6,2.6,3.3,0.0
2026,9,14,9,3,09:02,12.6,0.9,1.9,3.9,0.0
2026,9,14,9,4,09:03,352.3,1.0,1.9,3.8,0.0
2026,9,14,9,7,09:06,357.4,0.6,1.4,3.4,0.0
2026,9,14,9,8,09:07,10.1,0.7,1.9,3.8,0.0
2026,9,14,9,9,09:08,350.7,0.7,1.9,3.8,0.0
2026,9,14,9,11,09:10,1.4,1.0,2.1,3.7,0.0
2026,9,14,9,13,09:12,352.6,2.1,3.4,4.7,0.0
2026,9,14,9,14,09:13,2.5,1.0,2.4,4.1,0.0
2026,9,14,9,16,09:15,1.3,0.7,1.4,3.7,0.0
2026,9,14,9,18,09:17,352.7,1.3,2.9,4.1,0.0
2026,9,14,9,19,09:18,349.1,3.4,4.0,4.9,0.0
2026,9,14,9,21,09:20,350.8,1.5,3.1,4.5,0.0
2026,9,14,9,23,09:22,4.3,1.1,1.5,2.7,0.0
2026,9,14,9,24,09:23,359.0,1.0,2.0,3.3,0.0
2026,9,14,9,27,09:26,2.6,1.2,2.3,3.9,0.0
2026,9,14,9,28,09:27,355.1,0.6,1.2,3.1,0.0
2026,9,14,9,29,09:28,358.2,0.9,1.6,3.0,0.0
2026,9,14,9,31,09:30,354.8,0.8,1.9,3.2,0.0
2026,9,14,9,33,09:32,356.1,0.5,1.1,2.7,0.0
2026,9,14,9,34,09:33,359.5,0.8,1.5,2.9,0.0
2026,9,14,9,36,09:35,1.9,0.9,2.2,3.1,0.0
2026,9,14,9,38,09:37,354.2,1.0,2.9,3.9,0.0
2026,9,14,9,39,09:38,13.5,0.9,1.5,2.8,0.0
2026,9,14,9,41,09:40,357.4,1.5,3.3,4.5,0.0
2026,9,14,9,43,09:42,4.3,0.7,1.8,3.5,0.0
2026,9,14,9,44,09:43,343.9,1.7,2.4,2.7,0.0
2026,9,14,9,47,09:46,1.0,0.6,1.2,2.3,0.0
2026,9,14,9,48,09:47,4.3,0.8,1.6,2.6,0.0
2026,9,14,9,49,09:48,358.9,0.6,1.2,2.2,0.0
2026,9,14,9,52,09:51,359.6,0.8,2.1,3.4,0.0
2026,9,14,9,53,09:52,349.2,1.1,2.9,4.3,0.0
2026,9,14,9,54,09:53,342.9,2.3,2.9,3.4,0.0
2026,9,14,9,56,09:55,351.5,1.1,2.2,3.5,0.0
2026,9,14,9,58,09:57,356.9,0.8,1.5,2.5,0.0
2026,9,14,10,1,10:00,349.3,0.8,2.8,4.1,0.0
2026,9,14,10,3,10:02,344.1,2.0,2.5,3.5,0.0
2026,9,14,10,4,10:03,346.4,1.1,1.6,2.2,0.0
2026,9,14,10,7,10:06,12.8,0.8,0.6,1.2,0.0
2026,9,14,10,8,10:07,341.6,0.8,1.7,2.3,0.0
2026,9,14,10,9,10:09,326.1,2.1,3.0,3.9,0.0
2026,9,14,10,11,10:10,321.0,2.0,2.5,3.1,0.0
2026,9,14,10,13,10:12,339.8,1.7,2.4,3.1,0.0
2026,9,14,10,14,10:13,351.7,1.8,2.5,3.0,0.0
2026,9,14,10,17,10:16,346.3,2.4,3.0,4.0,0.0
2026,9,14,10,18,10:17,350.7,0.5,1.6,2.5,0.0
2026,9,14,10,19,10:18,340.7,0.5,2.0,3.4,0.0
2026,9,14,10,21,10:21,339.2,1.4,1.8,2.2,0.0
2026,9,14,10,23,10:22,311.4,1.7,2.1,2.5,0.0
2026,9,14,10,24,10:23,312.3,1.5,2.1,2.9,0.0
2026,9,14,10,26,10:25,306.9,1.6,2.2,2.7,0.0
2026,9,14,10,28,10:27,291.4,1.1,1.5,1.8,0.0
2026,9,14,10,29,10:28,292.1,1.6,2.0,2.4,0.0
2026,9,14,10,31,10:31,294.0,0.8,1.8,2.6,0.0
2026,9,14,10,33,10:32,282.9,1.6,2.1,2.5,0.0
2026,9,14,10,34,10:33,289.2,1.4,1.8,2.4,0.0
2026,9,14,10,36,10:35,292.1,1.9,2.2,2.4,0.0
2026,9,14,10,38,10:37,297.9,1.5,2.4,3.4,0.0
2026,9,14,10,39,10:38,302.3,2.2,2.5,3.0,0.0
2026,9,14,10,41,10:40,301.8,1.5,2.2,3.0,0.0
2026,9,14,10,43,10:42,298.5,1.6,2.1,2.4,0.0
2026,9,14,10,44,10:44,307.4,0.9,1.6,2.1,0.0
2026,9,14,10,46,10:45,314.2,1.1,1.8,2.5,0.0
2026,9,14,10,48,10:47,340.0,1.5,2.2,3.1,0.0
2026,9,14,10,49,10:48,323.0,1.3,1.8,2.6,0.0
2026,9,14,10,51,10:50,329.1,2.3,2.6,3.5,0.0
2026,9,14,10,53,10:52,313.3,2.1,2.5,3.4,0.0
2026,9,14,10,54,10:53,319.0,1.7,2.4,3.0,0.0
2026,9,14,10,57,10:56,340.9,1.3,1.8,2.2,0.0
2026,9,14,10,58,10:57,290.0,1.2,1.4,2.0,0.0
2026,9,14,10,59,10:58,280.9,1.4,1.7,2.0,0.0
2026,9,14,11,1,11:00,304.7,1.2,1.5,1.7,0.0
2026,9,14,11,3,11:02,292.3,0.7,1.1,2.0,0.0
2026,9,14,11,4,11:03,283.4,0.9,1.1,1.3,0.0
2026,9,14,11,6,11:05,283.4,0.7,1.3,1.7,0.0
2026,9,14,11,8,11:07,283.3,1.0,1.3,1.5,0.0
2026,9,14,11,9,11:08,292.1,1.1,1.6,2.7,0.0
2026,9,14,11,11,11:10,331.8,1.2,1.7,2.2,0.0
2026,9,14,11,13,11:12,342.5,0.0,0.8,1.9,0.0
2026,9,14,11,14,11:13,342.4,1.2,1.5,1.6,0.0
2026,9,14,11,17,11:16,324.5,1.0,1.3,2.6,0.0
2026,9,14,11,18,11:17,341.9,0.5,0.7,1.0,0.0
2026,9,14,11,19,11:18,341.9,0.3,0.3,0.7,0.0
2026,9,14,11,22,11:21,331.3,0.8,1.1,1.5,0.0
2026,9,14,11,23,11:22,302.2,0.8,1.2,1.7,0.0
2026,9,14,11,24,11:24,293.7,1.2,1.5,1.9,0.0
2026,9,14,11,27,11:26,306.8,0.8,1.3,1.9,0.0
2026,9,14,11,28,11:27,313.0,1.3,1.5,1.7,0.0
2026,9,14,11,29,11:28,303.9,0.8,1.2,1.7,0.0
2026,9,14,11,31,11:31,310.4,0.9,1.6,2.9,0.0
2026,9,14,11,33,11:32,310.7,1.9,2.5,3.2,0.0
2026,9,14,11,34,11:33,296.0,1.8,2.1,2.4,0.0
2026,9,14,11,36,11:35,328.6,1.4,2.4,3.7,0.0
2026,9,14,11,38,11:37,324.3,1.7,2.0,2.9,0.0
2026,9,14,11,39,11:38,345.1,1.4,2.0,2.7,0.0
2026,9,14,11,42,11:41,340.8,1.3,1.9,2.3,0.0
2026,9,14,11,43,11:42,351.0,1.0,1.7,2.5,0.0
2026,9,14,11,44,11:43,325.9,0.7,1.2,1.6,0.0
2026,9,14,11,46,11:45,301.0,1.3,1.7,2.0,0.0
2026,9,14,11,48,11:47,337.2,0.8,2.0,2.9,0.0
2026,9,14,11,49,11:48,348.7,0.0,0.5,0.8,0.0
2026,9,14,11,52,11:51,9.0,0.7,1.8,3.7,0.0
2026,9,14,11,53,11:52,13.9,0.5,0.9,1.8,0.0
2026,9,14,11,54,11:53,352.9,1.8,2.5,3.7,0.0
2026,9,14,11,57,11:56,340.4,0.3,1.4,3.1,0.0
2026,9,14,11,58,11:57,310.8,2.1,3.3,4.6,0.0
2026,9,14,11,59,11:58,315.1,3.1,4.2,5.1,0.0
2026,9,14,12,1,12:01,314.1,2.3,3.6,5.0,0.0
2026,9,14,12,3,12:02,334.5,2.0,3.7,5.2,0.0
2026,9,14,12,4,12:03,348.1,1.6,2.9,4.1,0.0
2026,9,14,12,7,12:06,313.0,2.9,3.5,4.7,0.0
2026,9,14,12,8,12:07,319.7,1.9,2.8,3.4,0.0
2026,9,14,12,9,12:08,20.1,0.8,1.5,2.4,0.0
2026,9,14,12,11,12:10,322.8,2.3,3.2,4.7,0.0
2026,9,14,12,13,12:12,291.6,2.4,3.1,3.8,0.0
2026,9,14,12,14,12:13,302.4,3.3,3.9,4.6,0.0
2026,9,14,12,16,12:15,354.1,1.1,3.1,4.7,0.0
2026,9,14,12,18,12:17,17.7,0.5,1.1,2.2,0.0
2026,9,14,12,19,12:18,13.9,0.8,1.6,3.6,0.0
2026,9,14,12,21,12:20,342.1,0.8,2.3,3.6,0.0
2026,9,14,12,23,12:22,328.3,1.4,2.1,2.8,0.0
2026,9,14,12,24,12:23,2.9,0.8,1.9,3.6,0.0
2026,9,14,12,26,12:25,337.9,2.3,2.8,3.7,0.0
2026,9,14,12,28,12:27,356.6,1.0,1.2,2.1,0.0
2026,9,14,12,29,12:28,349.0,0.6,1.5,2.4,0.0
2026,9,14,12,31,12:30,12.9,0.6,1.1,2.3,0.0
2026,9,14,12,33,12:32,339.1,0.9,2.4,4.9,0.0
2026,9,14,12,34,12:33,336.3,2.0,2.7,3.6,0.0
2026,9,14,12,36,12:35,314.4,2.0,3.1,3.6,0.0
2026,9,14,12,38,12:37,351.5,2.3,3.6,4.9,0.0
2026,9,14,12,39,12:38,3.7,1.8,3.0,4.3,0.0
2026,9,14,12,42,12:41,348.8,1.0,2.4,3.4,0.0
2026,9,14,12,43,12:42,344.6,0.7,2.0,3.8,0.0
2026,9,14,12,44,12:43,311.1,0.6,1.7,3.1,0.0
2026,9,14,12,46,12:45,312.8,1.7,2.5,3.5,0.0
2026,9,14,12,48,12:47,315.9,1.2,2.0,2.6,0.0
2026,9,14,12,49,12:48,320.4,1.0,1.6,2.6,0.0
2026,9,14,12,51,12:50,323.9,2.6,3.4,4.4,0.0
2026,9,14,12,53,12:52,319.1,1.4,2.2,3.5,0.0
2026,9,14,12,54,12:53,311.8,1.9,2.4,2.8,0.0
2026,9,14,12,57,12:56,292.8,1.5,2.6,3.2,0.0
2026,9,14,12,58,12:57,302.8,2.1,2.5,3.2,0.0
2026,9,14,12,59,12:58,302.2,1.9,2.9,3.6,0.0
2026,9,14,13,1,13:00,329.1,2.2,3.2,3.9,0.0
2026,9,14,13,3,13:02,320.0,1.4,2.7,3.8,0.0
2026,9,14,13,4,13:03,317.7,1.6,2.3,3.0,0.0
2026,9,14,13,7,13:06,4.5,0.7,1.0,1.4,0.0
2026,9,14,13,8,13:07,16.1,0.4,1.3,3.4,0.0
2026,9,14,13,9,13:08,32.7,0.6,0.8,1.3,0.0
2026,9,14,13,11,13:10,9.5,0.0,1.5,4.0,0.0
2026,9,14,13,13,13:12,330.9,1.1,2.5,3.5,0.0
2026,9,14,13,14,13:13,304.3,2.9,3.7,5.4,0.0
2026,9,14,13,16,13:15,341.8,2.7,3.3,4.0,0.0
2026,9,14,13,18,13:17,359.9,0.9,1.7,2.4,0.0
2026,9,14,13,19,13:18,37.7,0.6,1.0,1.4,0.0
2026,9,14,13,21,13:20,22.4,0.6,1.3,2.0,0.0
2026,9,14,13,23,13:22,344.7,2.1,2.5,3.1,0.0
2026,9,14,13,24,13:23,14.1,0.5,1.4,2.8,0.0
2026,9,14,13,27,13:26,336.3,0.8,2.6,3.9,0.0
2026,9,14,13,28,13:27,337.0,1.3,2.2,3.5,0.0
2026,9,14,13,29,13:28,300.1,0.9,2.3,3.3,0.0
2026,9,14,13,32,13:31,319.2,2.6,3.6,4.8,0.0
2026,9,14,13,33,13:32,309.0,2.5,3.2,4.2,0.0
2026,9,14,13,34,13:33,327.3,3.0,4.0,5.2,0.0
2026,9,14,13,36,13:36,319.0,1.1,1.6,2.2,0.0
2026,9,14,13,38,13:37,342.7,1.1,1.6,2.0,0.0
2026,9,14,13,39,13:38,343.6,0.8,2.4,4.6,0.0
2026,9,14,13,41,13:40,318.7,0.7,1.1,1.4,0.0
2026,9,14,13,43,13:42,357.4,0.6,1.1,2.4,0.0
2026,9,14,13,44,13:43,349.1,1.9,2.5,3.4,0.0
2026,9,14,13,46,13:45,280.7,2.0,2.5,2.9,0.0
2026,9,14,13,48,13:47,296.3,0.8,1.2,1.6,0.0
2026,9,14,13,49,13:48,288.5,0.6,0.8,0.9,0.0
2026,9,14,13,51,13:51,278.8,1.0,1.3,1.7,0.0
2026,9,14,13,53,13:52,286.2,1.4,2.1,2.7,0.0
2026,9,14,13,54,13:53,287.7,1.2,1.5,2.1,0.0
2026,9,14,13,56,13:55,282.6,1.1,1.4,1.8,0.0
2026,9,14,13,58,13:57,310.2,0.0,0.3,0.3,0.0
2026,9,14,13,59,13:58,291.6,0.5,0.6,0.7,0.0
2026,9,14,14,1,14:00,288.0,0.0,0.6,1.0,0.0
2026,9,14,14,3,14:02,302.2,1.8,2.5,3.2,0.0
2026,9,14,14,4,14:03,298.2,2.1,2.4,2.8,0.0
2026,9,14,14,7,14:06,318.3,2.8,3.4,4.4,0.0
2026,9,14,14,8,14:07,310.2,2.0,2.6,3.3,0.0
2026,9,14,14,9,14:08,305.2,1.4,1.6,1.9,0.0
2026,9,14,14,11,14:10,341.9,1.0,1.5,2.6,0.0
2026,9,14,14,13,14:12,6.1,0.7,1.3,2.2,0.0
2026,9,14,14,14,14:13,337.6,0.7,1.3,2.1,0.0
2026,9,14,14,17,14:16,304.5,1.2,1.8,2.7,0.0
2026,9,14,14,18,14:17,330.0,2.7,3.7,4.6,0.0
2026,9,14,14,19,14:18,310.3,2.4,3.3,4.2,0.0
2026,9,14,14,21,14:20,327.9,2.3,3.3,4.0,0.0
2026,9,14,14,23,14:22,355.9,1.6,2.3,3.6,0.0
2026,9,14,14,24,14:23,326.5,1.6,2.7,4.6,0.0
2026,9,14,14,27,14:26,315.9,2.0,2.5,3.0,0.0
2026,9,14,14,28,14:27,309.0,1.7,2.4,3.4,0.0
2026,9,14,14,29,14:28,319.4,1.9,2.4,3.6,0.0
2026,9,14,14,31,14:30,324.7,1.7,2.8,4.3,0.0
2026,9,14,14,33,14:32,324.5,1.5,2.2,3.2,0.0
2026,9,14,14,34,14:33,17.9,0.9,2.1,3.0,0.0
2026,9,14,14,36,14:36,269.6,1.3,1.7,2.0,0.0
2026,9,14,14,38,14:37,279.4,1.6,1.9,2.3,0.0
2026,9,14,14,39,14:38,329.6,1.0,1.7,2.4,0.0
2026,9,14,14,42,14:41,353.4,0.5,0.9,1.8,0.0
2026,9,14,14,43,14:42,353.4,0.0,0.5,0.7,0.0
2026,9,14,14,44,14:43,345.6,0.8,1.3,2.5,0.0
2026,9,14,14,47,14:46,177.2,0.0,0.6,1.0,0.0
2026,9,14,14,48,14:47,317.6,0.6,1.3,2.2,0.0
2026,9,14,14,49,14:48,343.5,1.1,2.4,3.7,0.0
2026,9,14,14,51,14:50,357.2,0.0,0.5,1.3,0.0
2026,9,14,14,53,14:52,345.3,1.8,2.3,2.9,0.0
2026,9,14,14,54,14:53,346.8,0.9,1.4,2.2,0.0
2026,9,14,14,57,14:56,325.6,0.7,2.1,3.4,0.0
2026,9,14,14,58,14:57,335.3,0.7,2.4,4.4,0.0
2026,9,14,15,1,15:00,339.1,2.1,2.6,3.1,0.0
2026,9,14,15,3,15:02,344.6,1.5,2.1,2.9,0.0
2026,9,14,15,4,15:03,349.6,0.8,1.8,2.3,0.0
2026,9,14,15,7,15:06,10.8,0.5,1.1,2.3,0.0
2026,9,14,15,8,15:07,10.5,0.5,0.9,2.3,0.0
2026,9,14,15,9,15:08,352.4,1.1,2.6,3.7,0.0
2026,9,14,15,11,15:10,329.7,1.3,1.9,3.1,0.0
2026,9,14,15,13,15:12,341.3,1.0,2.0,3.3,0.0
2026,9,14,15,14,15:13,4.2,0.5,0.9,1.5,0.0
2026,9,14,15,17,15:16,292.0,0.7,0.7,1.2,0.0
2026,9,14,15,18,15:17,317.3,0.6,0.9,1.4,0.0
2026,9,14,15,19,15:18,336.9,0.9,1.4,3.1,0.0
2026,9,14,15,22,15:21,359.3,1.6,0.8,1.4,0.0
2026,9,14,15,23,15:22,38.0,0.6,0.8,1.1,0.0
2026,9,14,15,24,15:23,32.4,0.0,0.7,1.0,0.0
2026,9,14,15,26,15:25,354.9,0.5,1.6,2.2,0.0
2026,9,14,15,28,15:27,354.4,0.0,1.5,2.3,0.0
2026,9,14,15,29,15:28,335.2,0.0,1.4,2.0,0.0
2026,9,14,15,32,15:31,285.2,0.7,1.2,1.7,0.0
2026,9,14,15,33,15:32,323.0,0.6,0.9,1.2,0.0
2026,9,14,15,34,15:33,334.1,0.3,0.4,0.5,0.0
2026,9,14,15,36,15:36,306.0,0.0,1.3,2.4,0.0
2026,9,14,15,38,15:37,317.6,0.9,1.7,2.5,0.0
2026,9,14,15,39,15:38,303.0,1.0,1.2,1.5,0.0
2026,9,14,15,41,15:40,282.8,1.4,2.0,3.1,0.0
2026,9,14,15,43,15:42,298.2,1.9,2.3,2.9,0.0
2026,9,14,15,44,15:43,295.8,2.1,2.4,3.1,0.0
2026,9,14,15,46,15:45,278.8,1.7,2.2,3.2,0.0
2026,9,14,15,48,15:47,281.4,1.3,1.8,2.6,0.0
2026,9,14,15,49,15:48,280.3,1.5,2.2,2.6,0.0
2026,9,14,15,51,15:50,302.9,1.3,2.0,3.1,0.0
2026,9,14,15,53,15:52,335.0,1.1,1.6,2.6,0.0
2026,9,14,15,54,15:53,280.7,1.2,1.8,2.8,0.0
2026,9,14,15,57,15:56,277.7,1.7,2.3,3.2,0.0
2026,9,14,15,58,15:57,292.8,1.8,2.3,3.3,0.0
2026,9,14,15,59,15:58,293.3,1.6,2.3,3.3,0.0
2026,9,14,16,2,16:01,282.2,1.3,1.7,2.2,0.0
2026,9,14,16,3,16:02,304.8,1.3,1.9,2.4,0.0
2026,9,14,16,4,16:03,283.9,1.0,1.9,2.8,0.0
2026,9,14,16,6,16:05,286.4,1.5,2.1,3.0,0.0
2026,9,14,16,8,16:07,299.8,1.7,2.4,3.2,0.0
2026,9,14,16,9,16:08,314.7,1.2,1.8,2.5,0.0
2026,9,14,16,12,16:11,274.3,1.6,2.2,2.7,0.0
2026,9,14,16,13,16:12,270.9,2.1,2.8,3.5,0.0
2026,9,14,16,14,16:13,276.2,2.2,2.8,3.6,0.0
2026,9,14,16,16,16:15,269.6,1.6,2.1,3.0,0.0
2026,9,14,16,18,16:17,286.2,1.7,2.1,2.4,0.0
2026,9,14,16,19,16:18,300.8,1.4,1.9,2.3,0.0
2026,9,14,16,22,16:21,339.6,2.0,2.7,3.9,0.0
2026,9,14,16,23,16:22,350.4,1.1,1.7,2.4,0.0
2026,9,14,16,24,16:23,359.2,1.0,0.9,2.0,0.0
2026,9,14,16,26,16:25,17.5,0.6,0.9,1.5,0.0
2026,9,14,16,28,16:27,330.4,1.4,1.8,2.1,0.0
2026,9,14,16,29,16:28,325.8,0.5,1.0,1.8,0.0
2026,9,14,16,32,16:31,334.3,1.1,1.5,2.1,0.0
2026,9,14,16,33,16:32,346.3,0.9,1.8,3.0,0.0
2026,9,14,16,34,16:33,309.9,1.1,1.7,2.4,0.0
2026,9,14,16,36,16:35,279.6,1.5,1.8,2.4,0.0
2026,9,14,16,38,16:37,302.4,1.4,1.9,2.7,0.0
2026,9,14,16,39,16:38,299.6,1.3,1.8,2.3,0.0
2026,9,14,16,42,16:41,330.3,1.5,2.1,3.2,0.0
2026,9,14,16,43,16:42,325.9,1.5,1.9,2.4,0.0
2026,9,14,16,44,16:43,311.2,0.8,1.5,3.6,0.0
2026,9,14,16,46,16:45,321.5,2.4,3.3,4.2,0.0
2026,9,14,16,48,16:47,329.8,2.1,2.6,3.5,0.0
2026,9,14,16,49,16:48,294.0,0.7,1.7,2.6,0.0
2026,9,14,16,52,16:51,288.9,2.1,2.6,3.4,0.0
2026,9,14,16,53,16:52,294.7,1.8,2.9,3.7,0.0
2026,9,14,16,54,16:53,298.3,1.5,2.2,3.0,0.0
2026,9,14,16,56,16:55,302.9,1.8,2.4,2.8,0.0
2026,9,14,16,58,16:57,322.5,1.9,2.3,3.3,0.0
2026,9,14,16,59,16:58,331.5,1.5,2.0,2.9,0.0
2026,9,14,17,1,17:00,303.1,2.6,2.9,3.6,0.0
2026,9,14,17,3,17:02,299.3,1.8,2.2,2.7,0.0
2026,9,14,17,4,17:03,311.0,1.5,1.7,1.9,0.0
2026,9,14,17,6,17:05,302.1,1.1,1.7,3.0,0.0
2026,9,14,17,8,17:07,297.6,2.2,3.1,4.0,0.0
2026,9,14,17,9,17:08,302.4,2.1,3.0,4.0,0.0
2026,9,14,17,12,17:11,295.1,1.7,2.2,2.5,0.0
2026,9,14,17,13,17:12,293.7,1.3,1.5,1.9,0.0
2026,9,14,17,14,17:13,316.0,1.2,2.0,2.8,0.0
2026,9,14,17,16,17:15,335.3,1.0,1.2,1.6,0.0
2026,9,14,17,18,17:17,335.3,0.5,0.7,1.1,0.0
2026,9,14,17,19,17:18,288.3,0.0,1.2,1.6,0.0
2026,9,14,17,21,17:20,279.8,1.8,2.2,2.9,0.0
2026,9,14,17,23,17:22,286.2,1.2,1.6,2.1,0.0
2026,9,14,17,24,17:23,285.4,1.0,1.2,1.6,0.0
2026,9,14,17,26,17:26,285.3,0.0,0.1,0.2,0.0
2026,9,14,17,28,17:27,285.3,0.0,0.3,0.5,0.0
2026,9,14,17,29,17:28,285.4,0.0,0.0,0.0,0.0
2026,9,14,17,31,17:30,285.4,0.0,0.2,0.3,0.0
2026,9,14,17,33,17:32,356.2,0.8,2.0,3.2,0.0
2026,9,14,17,34,17:33,1.1,0.4,0.6,1.1,0.0
2026,9,14,17,36,17:35,359.6,0.9,1.6,2.5,0.0
2026,9,14,17,38,17:37,280.0,0.9,1.4,1.8,0.0
2026,9,14,17,39,17:38,289.8,1.1,1.3,1.5,0.0
2026,9,14,17,41,17:40,295.7,1.3,1.8,2.4,0.0
2026,9,14,17,43,17:42,323.6,1.5,2.1,2.8,0.0
2026,9,14,17,44,17:43,325.8,1.7,2.0,2.3,0.0
2026,9,14,17,46,17:45,311.8,1.6,1.9,2.1,0.0
2026,9,14,17,48,17:47,303.1,1.2,1.6,2.2,0.0
2026,9,14,17,49,17:48,321.7,1.4,1.6,1.9,0.0
2026,9,14,17,51,17:50,320.0,0.7,0.9,1.0,0.0
2026,9,14,17,53,17:52,291.3,1.1,1.4,1.7,0.0
2026,9,14,17,54,17:53,291.2,0.9,1.2,1.4,0.0
2026,9,14,17,56,17:55,344.3,0.8,1.7,2.3,0.0
2026,9,14,17,58,17:57,279.6,1.2,1.5,1.9,0.0
2026,9,14,17,59,17:58,292.3,1.4,1.7,1.9,0.0
2026,9,14,18,2,18:01,286.6,0.6,1.0,1.9,0.0
2026,9,14,18,3,18:02,292.9,1.5,1.8,2.0,0.0
2026,9,14,18,4,18:03,294.6,2.1,2.5,3.2,0.0
2026,9,14,18,6,18:05,316.9,2.5,3.3,4.1,0.0
2026,9,14,18,8,18:07,305.4,1.7,2.1,2.4,0.0
2026,9,14,18,11,18:10,351.4,2.3,2.7,3.1,0.0
2026,9,14,18,13,18:12,303.5,1.3,1.6,1.9,0.0
2026,9,14,18,14,18:13,306.9,1.6,1.8,2.1,0.0
2026,9,14,18,16,18:15,298.9,1.6,1.9,2.0,0.0
2026,9,14,18,18,18:17,308.9,1.3,1.5,1.9,0.0
2026,9,14,18,19,18:18,302.8,1.3,1.6,1.8,0.0
2026,9,14,18,21,18:20,295.2,1.3,1.7,2.0,0.0
2026,9,14,18,23,18:22,324.5,1.7,2.2,2.7,0.0
2026,9,14,18,24,18:23,340.9,1.1,1.7,2.6,0.0
2026,9,14,18,26,18:25,309.0,1.4,1.8,2.0,0.0
2026,9,14,18,28,18:27,314.3,1.5,1.8,2.0,0.0
2026,9,14,18,29,18:28,316.1,1.0,1.2,1.4,0.0
2026,9,14,18,32,18:31,330.9,1.2,1.4,1.7,0.0
2026,9,14,18,33,18:32,320.3,1.0,1.2,1.4,0.0
2026,9,14,18,34,18:33,312.8,1.0,1.3,1.5,0.0
2026,9,14,18,37,18:36,291.3,1.2,1.3,1.5,0.0
2026,9,14,18,38,18:37,307.0,1.2,1.7,2.7,0.0
2026,9,14,18,39,18:38,311.9,1.6,2.4,2.8,0.0
2026,9,14,18,41,18:40,306.4,1.4,1.9,2.3,0.0
2026,9,14,18,43,18:42,309.5,1.0,1.2,1.7,0.0
2026,9,14,18,44,18:43,310.7,0.9,1.1,1.6,0.0
2026,9,14,18,47,18:46,349.7,1.2,1.7,2.1,0.0
2026,9,14,18,48,18:47,344.6,1.6,1.8,2.0,0.0
2026,9,14,18,49,18:48,338.0,1.4,1.8,2.2,0.0
2026,9,14,19,33,19:32,343.9,0.0,0.3,0.4,0.0
2026,9,14,19,34,19:33,343.8,0.0,0.1,0.3,0.0
2026,9,14,19,36,19:35,343.7,0.0,0.4,0.9,0.0
2026,9,14,19,38,19:37,343.8,0.3,0.9,1.0,0.0
2026,9,14,19,39,19:38,343.8,0.0,0.6,1.1,0.0
2026,9,14,19,41,19:41,343.8,0.0,0.6,1.0,0.0
2026,9,14,19,43,19:42,343.8,0.0,0.4,0.7,0.0
2026,9,14,19,44,19:43,343.8,0.0,0.3,0.5,0.0
2026,9,14,19,47,19:46,343.8,0.0,0.0,0.0,0.0
2026,9,14,19,48,19:47,343.8,0.0,0.1,0.2,0.0
2026,9,14,19,49,19:48,343.8,0.0,0.0,0.0,0.0
2026,9,14,19,52,19:51,343.8,0.0,0.0,0.0,0.0
2026,9,14,19,53,19:52,343.8,0.0,0.0,0.0,0.0
2026,9,14,19,54,19:53,343.8,0.0,0.0,0.0,0.0
2026,9,14,19,56,19:55,343.8,0.0,0.0,0.0,0.0
2026,9,14,19,58,19:57,343.8,0.0,0.0,0.0,0.0
2026,9,14,19,59,19:59,343.8,0.0,0.0,0.0,0.0
2026,9,14,20,2,20:01,343.8,0.0,0.2,0.3,0.0
2026,9,14,20,3,20:02,343.8,0.0,0.0,0.0,0.0
2026,9,14,20,4,20:03,343.8,0.0,0.0,0.0,0.0
2026,9,14,20,6,20:05,343.8,0.0,0.0,0.0,0.0
2026,9,14,20,8,20:07,343.8,0.0,0.0,0.0,0.0
2026,9,14,20,11,20:10,343.8,0.0,0.0,0.0,0.0
2026,9,14,20,13,20:12,343.8,0.0,0.0,0.0,0.0
2026,9,14,20,14,20:13,343.8,0.0,0.0,0.0,0.0
2026,9,14,20,17,20:16,343.8,0.0,0.0,0.0,0.0
2026,9,14,20,18,20:17,343.8,0.0,0.0,0.0,0.0
2026,9,14,20,19,20:18,343.8,0.0,0.0,0.0,0.0
2026,9,14,20,22,20:21,343.8,0.0,0.0,0.0,0.0
2026,9,14,20,23,20:22,343.8,0.0,0.0,0.0,0.0
2026,9,14,20,24,20:23,343.8,0.0,0.0,0.0,0.0
2026,9,14,20,27,20:26,343.8,0.0,0.0,0.0,0.0
2026,9,14,20,28,20:27,343.8,0.0,0.0,0.0,0.0
2026,9,14,20,29,20:28,343.8,0.0,0.0,0.0,0.0
2026,9,14,20,32,20:31,343.8,0.0,0.0,0.0,0.0
2026,9,14,20,33,20:32,343.8,0.0,0.3,0.4,0.0
2026,9,14,20,34,20:33,343.8,0.0,0.2,0.3,0.0
2026,9,14,20,37,20:36,343.8,0.0,0.0,0.0,0.0
2026,9,14,20,38,20:37,343.8,0.0,0.0,0.0,0.0
2026,9,14,20,39,20:38,343.8,0.0,0.0,0.0,0.0
2026,9,14,20,41,20:40,343.8,0.0,0.0,0.0,0.0
2026,9,14,20,43,20:42,343.8,0.0,0.0,0.0,0.0
2026,9,14,20,44,20:43,343.8,0.0,0.0,0.0,0.0
2026,9,14,20,46,20:45,343.8,0.0,0.0,0.0,0.0
2026,9,14,20,48,20:47,343.8,0.0,0.0,0.0,0.0
2026,9,14,20,49,20:48,343.8,0.0,0.0,0.0,0.0
2026,9,14,20,52,20:51,343.8,0.0,0.0,0.0,0.0
2026,9,14,20,53,20:52,343.8,0.0,0.0,0.0,0.0
2026,9,14,20,54,20:53,343.8,0.0,0.0,0.0,0.0
2026,9,14,20,56,20:55,343.8,0.0,0.0,0.0,0.0
2026,9,14,20,58,20:57,343.8,0.0,0.2,0.3,0.0
2026,9,14,20,59,20:58,343.8,0.0,0.2,0.2,0.0
2026,9,14,21,2,21:01,343.8,0.0,0.3,0.3,0.0
2026,9,14,21,3,21:02,343.8,0.0,0.2,0.3,0.0
2026,9,14,21,4,21:03,343.8,0.0,0.2,0.3,0.0
2026,9,14,21,7,21:06,343.8,0.0,0.3,0.4,0.0
2026,9,14,21,8,21:07,343.8,0.0,0.2,0.3,0.0
2026,9,14,21,9,21:08,343.8,0.0,0.2,0.2,0.0
2026,9,14,21,11,21:10,343.8,0.0,0.0,0.0,0.0
2026,9,14,21,13,21:12,343.8,0.0,0.0,0.0,0.0
2026,9,14,21,14,21:13,343.8,0.0,0.0,0.0,0.0
2026,9,14,21,16,21:15,343.8,0.0,0.0,0.0,0.0
2026,9,14,21,18,21:17,343.8,0.0,0.0,0.0,0.0
2026,9,14,21,19,21:18,343.8,0.0,0.0,0.0,0.0
2026,9,14,21,21,21:20,343.8,0.0,0.0,0.0,0.0
2026,9,14,21,23,21:22,343.8,0.0,0.0,0.0,0.0
2026,9,14,21,24,21:23,343.8,0.0,0.0,0.0,0.0
2026,9,14,21,26,21:25,343.8,0.0,0.0,0.0,0.0
2026,9,14,21,28,21:27,343.8,0.0,0.0,0.0,0.0
2026,9,14,21,29,21:28,343.8,0.0,0.0,0.0,0.0
2026,9,14,21,32,21:31,343.8,0.0,0.0,0.0,0.0
2026,9,14,21,33,21:32,343.8,0.0,0.5,0.6,0.0
2026,9,14,21,34,21:33,343.8,0.0,0.4,0.5,0.0
2026,9,14,21,36,21:35,343.8,0.0,0.0,0.0,0.0
2026,9,14,21,38,21:37,343.8,0.0,0.3,0.4,0.0
2026,9,14,21,39,21:38,343.8,0.0,0.6,0.6,0.0
2026,9,14,21,41,21:40,343.8,0.0,0.5,0.6,0.0
2026,9,14,21,43,21:42,343.8,0.0,0.4,0.5,0.0
2026,9,14,21,44,21:43,343.8,0.0,0.4,0.4,0.0
2026,9,14,21,47,21:46,343.8,0.0,0.2,0.2,0.0
2026,9,14,21,48,21:47,343.8,0.0,0.1,0.2,0.0
2026,9,14,21,49,21:48,343.8,0.0,0.0,0.0,0.0
2026,9,14,21,51,21:50,343.8,0.0,0.0,0.0,0.0
2026,9,14,21,53,21:52,343.8,0.0,0.0,0.0,0.0
2026,9,14,21,54,21:53,343.8,0.0,0.0,0.0,0.0
2026,9,14,21,56,21:55,343.8,0.0,0.0,0.0,0.0
2026,9,14,21,58,21:57,343.8,0.0,0.2,0.2,0.0
2026,9,14,21,59,21:58,343.8,0.0,0.3,0.3,0.0
2026,9,14,22,2,22:01,343.8,0.0,0.0,0.0,0.0
2026,9,14,22,3,22:02,343.8,0.0,0.0,0.0,0.0
2026,9,14,22,4,22:03,343.8,0.0,0.9,1.1,0.0
2026,9,14,22,6,22:05,343.8,0.0,0.0,0.0,0.0
2026,9,14,22,8,22:07,343.8,0.0,0.0,0.0,0.0
2026,9,14,22,9,22:08,343.8,0.0,0.0,0.0,0.0
2026,9,14,22,11,22:10,343.8,0.0,0.0,0.0,0.0
2026,9,14,22,13,22:12,343.8,0.0,0.0,0.0,0.0
2026,9,14,22,14,22:13,343.8,0.0,0.0,0.0,0.0
2026,9,14,22,16,22:16,343.8,0.0,0.0,0.0,0.0
2026,9,14,22,18,22:17,343.8,0.0,0.0,0.0,0.0
2026,9,14,22,19,22:18,343.8,0.0,0.0,0.0,0.0
2026,9,14,22,21,22:20,343.8,0.0,0.0,0.0,0.0
2026,9,14,22,23,22:22,343.8,0.0,0.3,0.6,0.0
2026,9,14,22,24,22:23,343.8,0.0,0.0,0.0,0.0
2026,9,14,22,27,22:26,343.8,0.0,0.0,0.0,0.0
2026,9,14,22,28,22:27,343.8,0.0,0.2,0.4,0.0
2026,9,14,22,29,22:28,343.8,0.0,0.4,0.5,0.0
2026,9,14,22,32,22:31,343.8,0.0,0.3,0.4,0.0
2026,9,14,22,33,22:32,343.8,0.0,0.0,0.0,0.0
2026,9,14,22,34,22:33,343.8,0.0,0.0,0.0,0.0
2026,9,14,22,36,22:36,343.8,0.0,0.0,0.0,0.0
2026,9,14,22,38,22:37,343.8,0.0,0.6,0.7,0.0
2026,9,14,22,39,22:38,343.8,0.7,0.8,0.9,0.0
2026,9,14,22,41,22:40,343.8,0.7,0.8,0.9,0.0
2026,9,14,22,43,22:42,343.8,0.5,0.6,0.7,0.0
2026,9,14,22,44,22:43,343.8,0.4,0.5,0.6,0.0
2026,9,14,22,46,22:45,343.8,0.0,0.3,0.4,0.0
2026,9,14,22,48,22:47,343.8,0.0,0.0,0.0,0.0
2026,9,14,22,49,22:48,343.8,0.0,0.2,0.4,0.0
2026,9,14,22,52,22:51,343.8,0.0,0.4,0.5,0.0
2026,9,14,22,53,22:52,343.8,0.0,0.0,0.0,0.0
2026,9,14,22,54,22:53,343.8,0.0,0.0,0.0,0.0
2026,9,14,22,56,22:55,343.8,0.0,0.0,0.0,0.0
2026,9,14,22,58,22:57,343.8,0.0,0.0,0.0,0.0
2026,9,14,22,59,22:58,343.8,0.0,0.0,0.0,0.0
2026,9,14,23,2,23:01,343.8,0.0,0.0,0.0,0.0
2026,9,14,23,3,23:02,343.8,0.0,0.0,0.0,0.0
2026,9,14,23,4,23:03,343.8,0.0,0.0,0.0,0.0
2026,9,14,23,6,23:05,343.8,0.0,0.0,0.0,0.0
2026,9,14,23,8,23:07,343.8,0.0,0.2,0.2,0.0
2026,9,14,23,9,23:08,343.8,0.0,0.0,0.0,0.0
2026,9,14,23,11,23:10,343.8,0.0,0.2,0.4,0.0
2026,9,14,23,13,23:12,343.8,0.0,0.3,0.5,0.0
2026,9,14,23,14,23:13,343.8,0.0,0.0,0.0,0.0
2026,9,14,23,16,23:16,343.8,0.0,0.0,0.0,0.0
2026,9,14,23,18,23:17,343.8,0.0,0.0,0.0,0.0
2026,9,14,23,19,23:18,343.8,0.0,0.0,0.0,0.0
2026,9,14,23,21,23:20,343.8,0.0,0.0,0.0,0.0
2026,9,14,23,23,23:22,343.8,0.0,0.0,0.0,0.0
2026,9,14,23,24,23:23,343.8,0.0,0.0,0.0,0.0
2026,9,14,23,26,23:25,343.8,0.0,0.0,0.0,0.0
2026,9,14,23,28,23:27,343.8,0.0,0.0,0.0,0.0
2026,9,14,23,29,23:28,343.8,0.0,0.0,0.0,0.0
2026,9,14,23,31,23:30,343.8,0.0,0.1,0.2,0.0
2026,9,14,23,33,23:32,343.8,0.0,0.1,0.3,0.0
2026,9,14,23,34,23:33,343.8,0.0,0.2,0.3,0.0
2026,9,14,23,36,23:35,343.8,0.0,0.0,0.0,0.0
2026,9,14,23,38,23:37,343.8,0.0,0.1,0.1,0.0
2026,9,14,23,39,23:38,343.8,0.0,0.2,0.3,0.0
2026,9,14,23,42,23:41,343.8,0.0,0.1,0.3,0.0
2026,9,14,23,43,23:42,343.8,0.0,0.2,0.2,0.0
2026,9,14,23,44,23:43,343.8,0.0,0.2,0.3,0.0
2026,9,14,23,47,23:46,343.8,0.0,0.0,0.0,0.0
2026,9,14,23,48,23:47,343.8,0.0,0.0,0.0,0.0
2026,9,14,23,49,23:48,343.8,0.0,0.0,0.0,0.0
2026,9,14,23,51,23:50,343.8,0.0,0.0,0.0,0.0
2026,9,14,23,53,23:52,343.8,0.0,0.0,0.0,0.0
2026,9,14,23,54,23:53,343.8,0.0,0.2,0.3,0.0
2026,9,14,23,56,23:55,343.8,0.0,0.0,0.0,0.0
2026,9,14,23,58,23:57,343.8,0.0,0.6,0.9,0.0
2026,9,14,23,59,23:58,343.8,0.5,0.6,0.9,0.0
