# Helsinki Laru (dlarah.org Lauttasaari) 2026-09-21 Suomen aikaa — lähteen Laru_2026-264.txt sellaisenaan
# vuosi kk pv kirjoitus-h kirjoitus-min hh:mm suunta min ka max lämpötila (asemalla ei mittaria)
2026,9,21,0,1,00:01,201.2,3.7,4.7,5.2,0.0
2026,9,21,0,3,00:03,206.1,3.5,4.3,5.1,0.0
2026,9,21,0,4,00:04,200.7,3.3,3.8,4.8,0.0
2026,9,21,0,6,00:06,201.5,3.9,4.6,5.1,0.0
2026,9,21,0,8,00:08,201.9,3.6,4.2,4.8,0.0
2026,9,21,0,9,00:09,200.5,3.9,4.4,5.0,0.0
2026,9,21,0,11,00:11,200.5,3.9,4.7,5.5,0.0
2026,9,21,0,13,00:13,195.2,4.4,4.9,5.7,0.0
2026,9,21,0,14,00:14,195.2,4.1,5.2,5.8,0.0
2026,9,21,0,16,00:16,192.4,4.7,5.5,6.5,0.0
2026,9,21,0,18,00:18,196.8,5.0,5.8,6.6,0.0
2026,9,21,0,19,00:19,197.7,4.3,5.0,5.8,0.0
2026,9,21,0,22,00:21,187.7,4.6,5.7,6.7,0.0
2026,9,21,0,23,00:23,188.6,5.4,6.7,8.0,0.0
2026,9,21,0,24,00:24,190.0,6.5,7.5,8.6,0.0
2026,9,21,0,27,00:26,186.7,5.9,7.3,8.7,0.0
2026,9,21,0,28,00:28,188.4,6.0,7.6,9.2,0.0
2026,9,21,0,29,00:29,190.0,7.1,8.2,9.1,0.0
2026,9,21,0,31,00:31,193.2,6.9,8.0,9.1,0.0
2026,9,21,0,33,00:33,198.0,6.6,7.9,9.1,0.0
2026,9,21,0,34,00:34,193.8,6.1,7.8,9.1,0.0
2026,9,21,0,36,00:36,198.4,6.8,8.0,8.8,0.0
2026,9,21,0,38,00:38,198.5,6.3,7.4,8.6,0.0
2026,9,21,0,39,00:39,191.1,6.3,8.0,9.0,0.0
2026,9,21,0,42,00:41,195.1,5.6,6.3,7.3,0.0
2026,9,21,0,43,00:43,193.7,5.2,6.2,7.0,0.0
2026,9,21,0,44,00:44,195.7,4.9,6.0,7.2,0.0
2026,9,21,0,46,00:46,199.3,5.2,6.1,7.1,0.0
2026,9,21,0,48,00:48,203.9,5.2,6.2,7.1,0.0
2026,9,21,0,49,00:49,198.7,5.3,6.1,6.9,0.0
2026,9,21,0,51,00:51,206.2,5.4,5.9,6.9,0.0
2026,9,21,0,53,00:53,199.5,5.5,6.6,7.4,0.0
2026,9,21,0,54,00:54,196.8,4.9,5.7,6.6,0.0
2026,9,21,0,57,00:56,191.3,6.5,7.5,8.3,0.0
2026,9,21,0,58,00:58,189.5,5.8,6.8,8.1,0.0
2026,9,21,0,59,00:59,193.4,5.2,6.4,7.7,0.0
2026,9,21,1,1,01:01,195.3,6.2,7.1,7.8,0.0
2026,9,21,1,3,01:03,197.6,5.0,5.9,6.6,0.0
2026,9,21,1,4,01:04,197.2,4.9,6.3,7.0,0.0
2026,9,21,1,6,01:06,200.5,5.6,6.4,7.2,0.0
2026,9,21,1,8,01:08,202.6,5.2,5.9,6.6,0.0
2026,9,21,1,9,01:09,210.2,5.2,6.0,7.0,0.0
2026,9,21,1,12,01:11,207.7,4.7,5.5,6.3,0.0
2026,9,21,1,13,01:13,212.7,3.9,4.6,5.1,0.0
2026,9,21,1,14,01:14,216.2,4.3,5.2,5.8,0.0
2026,9,21,1,16,01:16,222.2,3.6,4.3,5.0,0.0
2026,9,21,1,18,01:18,220.9,4.5,5.0,5.7,0.0
2026,9,21,1,19,01:19,221.2,3.6,4.8,5.8,0.0
2026,9,21,1,22,01:21,226.3,3.2,3.9,4.3,0.0
2026,9,21,1,23,01:23,219.4,3.0,3.8,4.5,0.0
2026,9,21,1,24,01:24,218.7,3.4,3.8,4.1,0.0
2026,9,21,1,26,01:26,207.1,4.1,4.9,5.4,0.0
2026,9,21,1,28,01:28,206.6,3.6,4.4,5.3,0.0
2026,9,21,1,29,01:29,207.8,4.0,5.1,6.0,0.0
2026,9,21,1,32,01:31,196.4,4.9,5.6,6.3,0.0
2026,9,21,1,33,01:33,203.0,4.0,4.6,5.2,0.0
2026,9,21,1,34,01:34,199.9,3.7,4.4,5.1,0.0
2026,9,21,1,37,01:36,200.3,4.5,4.9,5.4,0.0
2026,9,21,1,38,01:38,200.6,3.7,4.6,5.2,0.0
2026,9,21,1,39,01:39,197.7,3.6,4.3,4.8,0.0
2026,9,21,1,41,01:41,208.8,3.7,4.5,5.0,0.0
2026,9,21,1,43,01:43,210.8,3.7,4.2,4.8,0.0
2026,9,21,1,44,01:44,209.9,3.3,3.7,4.4,0.0
2026,9,21,1,46,01:46,209.8,3.2,3.6,4.3,0.0
2026,9,21,1,48,01:48,214.1,3.7,4.4,5.2,0.0
2026,9,21,1,49,01:49,200.2,3.9,4.7,5.3,0.0
2026,9,21,1,52,01:51,208.4,3.5,4.1,4.9,0.0
2026,9,21,1,53,01:53,206.4,3.5,4.0,4.5,0.0
2026,9,21,1,54,01:54,203.9,3.8,4.3,4.6,0.0
2026,9,21,1,56,01:56,202.7,3.7,4.2,4.6,0.0
2026,9,21,1,58,01:58,205.9,3.7,4.0,4.6,0.0
2026,9,21,1,59,01:59,202.7,3.7,4.3,4.7,0.0
2026,9,21,2,1,02:01,208.7,3.0,3.7,4.2,0.0
2026,9,21,2,3,02:03,209.3,3.4,3.8,4.2,0.0
2026,9,21,2,4,02:04,204.8,3.6,4.1,4.6,0.0
2026,9,21,2,6,02:06,198.1,3.6,4.1,4.7,0.0
2026,9,21,2,8,02:08,203.3,2.9,3.6,4.0,0.0
2026,9,21,2,9,02:09,201.6,3.1,4.0,4.6,0.0
2026,9,21,2,11,02:11,208.8,2.7,3.4,3.9,0.0
2026,9,21,2,13,02:13,202.4,2.8,3.4,3.9,0.0
2026,9,21,2,14,02:14,206.0,3.0,3.4,3.8,0.0
2026,9,21,2,17,02:16,207.2,2.6,3.0,3.3,0.0
2026,9,21,2,18,02:18,214.8,2.4,2.7,3.1,0.0
2026,9,21,2,19,02:19,222.5,2.0,2.6,2.9,0.0
2026,9,21,2,21,02:21,226.5,1.5,2.0,2.5,0.0
2026,9,21,2,23,02:23,231.3,1.6,2.2,2.6,0.0
2026,9,21,2,24,02:24,234.2,1.6,1.9,2.4,0.0
2026,9,21,2,26,02:26,235.4,1.4,1.8,2.4,0.0
2026,9,21,2,28,02:28,218.2,1.7,2.3,2.8,0.0
2026,9,21,2,29,02:29,221.2,1.7,2.2,2.6,0.0
2026,9,21,2,32,02:31,227.2,1.8,2.3,2.9,0.0
2026,9,21,2,33,02:33,232.0,2.0,2.5,3.0,0.0
2026,9,21,2,34,02:34,224.3,2.3,2.8,3.3,0.0
2026,9,21,2,36,02:36,216.0,2.9,3.5,4.1,0.0
2026,9,21,2,38,02:38,210.6,3.2,3.7,4.0,0.0
2026,9,21,2,39,02:39,215.8,2.5,3.3,3.7,0.0
2026,9,21,2,41,02:41,214.6,3.0,3.6,3.9,0.0
2026,9,21,2,43,02:43,219.2,2.5,3.2,3.7,0.0
2026,9,21,2,44,02:44,220.6,2.5,3.1,3.5,0.0
2026,9,21,2,46,02:46,217.8,2.7,3.1,3.4,0.0
2026,9,21,2,48,02:48,218.4,2.7,3.0,3.4,0.0
2026,9,21,2,49,02:49,216.7,2.7,3.2,3.6,0.0
2026,9,21,2,51,02:51,213.8,2.3,3.1,4.0,0.0
2026,9,21,2,53,02:53,218.9,2.6,3.0,3.4,0.0
2026,9,21,2,54,02:54,213.1,2.4,2.9,3.6,0.0
2026,9,21,2,56,02:56,203.8,3.2,3.7,4.2,0.0
2026,9,21,2,58,02:58,204.9,3.2,3.8,4.3,0.0
2026,9,21,2,59,02:59,203.7,3.2,3.7,4.3,0.0
2026,9,21,3,1,03:01,197.8,3.5,3.9,4.2,0.0
2026,9,21,3,3,03:03,205.2,3.1,3.5,3.9,0.0
2026,9,21,3,4,03:04,191.0,3.0,3.9,4.4,0.0
2026,9,21,3,7,03:07,182.4,4.2,4.6,4.9,0.0
2026,9,21,3,8,03:08,195.1,4.2,4.5,4.9,0.0
2026,9,21,3,9,03:09,198.3,3.5,3.9,4.5,0.0
2026,9,21,3,12,03:11,201.7,3.7,4.1,4.3,0.0
2026,9,21,3,13,03:13,203.0,3.8,4.1,4.6,0.0
2026,9,21,3,14,03:14,206.3,3.4,3.9,4.5,0.0
2026,9,21,3,16,03:16,207.5,3.2,3.7,4.1,0.0
2026,9,21,3,18,03:18,206.3,3.6,3.9,4.3,0.0
2026,9,21,3,19,03:19,206.2,3.6,4.0,4.5,0.0
2026,9,21,3,21,03:21,205.2,3.7,4.3,5.0,0.0
2026,9,21,3,23,03:23,197.6,5.0,5.5,5.9,0.0
2026,9,21,3,24,03:24,193.7,4.7,5.7,8.0,0.0
2026,9,21,3,26,03:26,192.9,5.8,6.5,7.5,0.0
2026,9,21,3,28,03:28,191.2,6.5,7.3,8.6,0.0
2026,9,21,3,29,03:29,189.4,4.4,5.9,7.5,0.0
2026,9,21,3,31,03:31,186.5,6.3,7.8,9.0,0.0
2026,9,21,3,33,03:33,181.6,4.7,6.7,7.9,0.0
2026,9,21,3,34,03:34,181.6,6.0,7.0,8.0,0.0
2026,9,21,3,36,03:36,180.4,6.4,7.5,8.5,0.0
2026,9,21,3,38,03:38,179.9,6.4,7.3,8.1,0.0
2026,9,21,3,39,03:39,184.5,6.2,7.8,9.1,0.0
2026,9,21,3,41,03:41,177.9,6.3,7.7,8.8,0.0
2026,9,21,3,43,03:43,183.5,6.4,7.7,9.0,0.0
2026,9,21,3,44,03:44,179.8,7.3,8.3,9.6,0.0
2026,9,21,3,47,03:46,186.0,6.8,8.2,9.1,0.0
2026,9,21,3,48,03:48,175.5,6.8,7.5,8.3,0.0
2026,9,21,3,49,03:49,175.2,6.7,7.9,8.7,0.0
2026,9,21,3,51,03:51,182.2,5.8,6.6,7.4,0.0
2026,9,21,3,53,03:53,187.8,4.8,5.3,5.8,0.0
2026,9,21,3,54,03:54,195.6,4.7,5.2,6.2,0.0
2026,9,21,3,56,03:56,193.4,3.8,4.5,5.8,0.0
2026,9,21,3,58,03:58,184.8,4.0,4.9,5.7,0.0
2026,9,21,3,59,03:59,182.0,5.3,5.9,6.7,0.0
2026,9,21,4,2,04:01,170.7,4.8,6.2,7.4,0.0
2026,9,21,4,3,04:03,157.2,4.6,6.1,7.6,0.0
2026,9,21,4,4,04:04,162.2,3.2,5.2,7.5,0.0
2026,9,21,4,6,04:06,158.1,3.5,5.6,7.7,0.0
2026,9,21,4,8,04:08,155.1,4.0,6.3,7.8,0.0
2026,9,21,4,9,04:09,157.7,3.5,5.4,6.7,0.0
2026,9,21,4,11,04:11,155.3,4.8,6.3,7.4,0.0
2026,9,21,4,13,04:13,164.7,3.9,5.7,6.8,0.0
2026,9,21,4,14,04:14,165.1,5.7,6.5,7.3,0.0
2026,9,21,4,17,04:16,170.9,3.9,5.2,6.1,0.0
2026,9,21,4,18,04:18,172.7,4.7,5.5,6.7,0.0
2026,9,21,4,19,04:19,185.4,5.4,6.4,7.2,0.0
2026,9,21,4,21,04:21,183.5,5.2,6.0,6.8,0.0
2026,9,21,4,23,04:23,183.2,5.7,6.3,7.0,0.0
2026,9,21,4,24,04:24,182.4,5.6,6.2,6.9,0.0
2026,9,21,4,26,04:26,179.8,5.3,6.1,6.8,0.0
2026,9,21,4,28,04:28,176.8,5.1,6.0,6.5,0.0
2026,9,21,4,29,04:29,179.5,4.6,5.6,6.1,0.0
2026,9,21,4,32,04:31,178.0,4.9,5.5,6.0,0.0
2026,9,21,4,33,04:33,170.5,4.4,4.9,5.7,0.0
2026,9,21,4,34,04:34,172.8,4.2,4.9,5.4,0.0
2026,9,21,4,37,04:36,172.4,4.1,4.5,5.1,0.0
2026,9,21,4,38,04:38,179.6,3.5,3.9,4.3,0.0
2026,9,21,4,39,04:39,175.5,3.2,3.7,4.3,0.0
2026,9,21,4,42,04:41,178.1,3.2,3.5,3.7,0.0
2026,9,21,4,43,04:43,180.1,3.0,3.4,3.8,0.0
2026,9,21,4,44,04:44,172.5,2.8,3.3,3.7,0.0
2026,9,21,4,46,04:46,159.2,2.5,3.1,3.7,0.0
2026,9,21,4,48,04:48,151.4,1.7,2.5,3.8,0.0
2026,9,21,4,49,04:49,148.2,1.2,1.9,2.5,0.0
2026,9,21,4,51,04:51,157.6,0.9,2.4,4.2,0.0
2026,9,21,4,53,04:53,154.4,1.9,3.2,4.2,0.0
2026,9,21,4,54,04:54,151.9,2.5,3.2,4.3,0.0
2026,9,21,4,56,04:56,162.8,1.6,2.7,3.6,0.0
2026,9,21,4,58,04:58,161.0,2.6,3.2,4.1,0.0
2026,9,21,4,59,04:59,161.3,2.5,3.6,4.5,0.0
2026,9,21,5,1,05:01,157.0,3.0,3.8,4.6,0.0
2026,9,21,5,3,05:03,154.3,2.8,3.6,4.7,0.0
2026,9,21,5,4,05:04,159.9,2.3,3.1,4.0,0.0
2026,9,21,5,6,05:06,163.5,2.2,3.2,4.1,0.0
2026,9,21,5,8,05:08,172.6,3.3,4.1,4.7,0.0
2026,9,21,5,9,05:09,180.5,3.5,3.8,4.2,0.0
2026,9,21,5,12,05:11,187.6,3.3,4.1,4.9,0.0
2026,9,21,5,13,05:13,186.9,3.9,4.3,4.7,0.0
2026,9,21,5,14,05:14,201.5,3.4,3.9,4.5,0.0
2026,9,21,5,16,05:16,198.3,3.9,4.4,5.0,0.0
2026,9,21,5,18,05:18,196.4,3.5,4.3,5.3,0.0
2026,9,21,5,19,05:19,206.8,3.4,4.3,4.9,0.0
2026,9,21,5,21,05:21,201.9,3.8,4.6,5.4,0.0
2026,9,21,5,23,05:23,204.0,4.0,4.6,5.1,0.0
2026,9,21,5,24,05:24,207.2,4.2,4.6,5.2,0.0
2026,9,21,5,26,05:26,214.1,3.9,4.4,4.8,0.0
2026,9,21,5,28,05:28,217.9,3.2,3.9,4.8,0.0
2026,9,21,5,29,05:29,225.2,3.3,3.7,4.1,0.0
2026,9,21,5,32,05:31,222.4,3.0,3.6,4.2,0.0
2026,9,21,5,33,05:33,229.0,2.2,2.8,3.2,0.0
2026,9,21,5,34,05:34,238.2,2.2,2.7,3.5,0.0
2026,9,21,5,36,05:36,230.0,1.9,2.4,2.8,0.0
2026,9,21,5,38,05:38,239.4,1.6,2.0,2.7,0.0
2026,9,21,5,39,05:39,238.8,2.3,2.6,2.9,0.0
2026,9,21,5,42,05:41,232.9,1.9,2.4,2.7,0.0
2026,9,21,5,43,05:43,228.7,2.1,2.5,2.8,0.0
2026,9,21,5,44,05:44,229.1,1.8,2.4,2.9,0.0
2026,9,21,5,46,05:46,237.1,1.6,2.2,2.7,0.0
2026,9,21,5,48,05:48,243.4,1.3,1.8,2.4,0.0
2026,9,21,5,49,05:49,238.8,1.3,1.9,2.5,0.0
2026,9,21,5,51,05:51,233.4,0.9,1.4,1.8,0.0
2026,9,21,5,53,05:53,236.1,0.9,1.4,1.8,0.0
2026,9,21,5,54,05:54,236.6,0.7,1.3,1.8,0.0
2026,9,21,5,56,05:56,224.3,1.1,1.4,1.8,0.0
2026,9,21,5,58,05:58,230.8,1.1,1.8,2.3,0.0
2026,9,21,5,59,05:59,237.2,0.9,1.4,1.7,0.0
2026,9,21,6,2,06:02,209.9,1.7,2.1,2.4,0.0
2026,9,21,6,3,06:03,209.4,1.6,1.9,2.1,0.0
2026,9,21,6,4,06:04,207.1,1.6,1.8,2.0,0.0
2026,9,21,6,7,06:06,192.9,1.8,2.1,2.5,0.0
2026,9,21,6,8,06:08,194.0,2.1,2.7,3.6,0.0
2026,9,21,6,9,06:09,199.0,2.6,3.0,3.4,0.0
2026,9,21,6,11,06:11,201.4,2.2,2.4,2.7,0.0
2026,9,21,6,13,06:13,186.3,2.8,3.3,4.0,0.0
2026,9,21,6,14,06:14,191.2,3.0,3.5,3.9,0.0
2026,9,21,6,16,06:16,173.8,3.5,4.2,4.7,0.0
2026,9,21,6,18,06:18,183.2,3.2,3.6,4.3,0.0
2026,9,21,6,19,06:19,185.7,2.8,3.3,3.6,0.0
2026,9,21,6,22,06:21,196.0,2.6,3.0,3.5,0.0
2026,9,21,6,23,06:23,203.5,3.3,3.7,4.2,0.0
2026,9,21,6,24,06:24,211.8,3.0,3.8,4.5,0.0
2026,9,21,6,27,06:27,212.3,3.0,3.4,3.6,0.0
2026,9,21,6,28,06:28,220.6,2.8,3.4,4.2,0.0
2026,9,21,6,29,06:29,222.0,2.8,3.6,4.5,0.0
2026,9,21,6,32,06:31,227.0,2.9,3.6,4.3,0.0
2026,9,21,6,33,06:33,223.6,2.7,3.3,4.1,0.0
2026,9,21,6,34,06:34,223.3,2.9,3.6,4.3,0.0
2026,9,21,6,37,06:36,224.9,2.0,3.0,3.7,0.0
2026,9,21,6,38,06:38,219.0,2.2,3.0,3.6,0.0
2026,9,21,6,39,06:39,222.0,2.5,3.0,3.4,0.0
2026,9,21,6,41,06:41,220.3,2.7,3.1,3.7,0.0
2026,9,21,6,43,06:43,226.6,2.0,2.4,3.2,0.0
2026,9,21,6,44,06:44,230.5,1.5,2.2,2.7,0.0
2026,9,21,6,46,06:46,227.2,1.7,2.2,2.9,0.0
2026,9,21,6,48,06:48,222.7,1.7,1.9,2.2,0.0
2026,9,21,6,49,06:49,225.5,1.5,1.7,2.2,0.0
2026,9,21,6,51,06:51,222.2,1.3,2.0,2.3,0.0
2026,9,21,6,53,06:53,225.8,1.3,1.7,2.4,0.0
2026,9,21,6,54,06:54,226.8,1.2,1.7,2.2,0.0
2026,9,21,6,57,06:56,238.2,0.9,1.3,2.0,0.0
2026,9,21,6,58,06:58,237.9,1.0,1.4,2.2,0.0
2026,9,21,6,59,06:59,236.2,1.2,1.8,2.4,0.0
2026,9,21,7,1,07:01,231.8,1.1,1.5,1.9,0.0
2026,9,21,7,3,07:03,232.7,1.5,1.8,2.2,0.0
2026,9,21,7,4,07:04,229.4,1.8,2.2,2.5,0.0
2026,9,21,7,6,07:06,239.4,1.6,2.0,2.2,0.0
2026,9,21,7,8,07:08,233.8,1.3,1.8,2.3,0.0
2026,9,21,7,9,07:09,232.3,1.9,2.3,2.7,0.0
2026,9,21,7,12,07:11,236.7,1.7,1.9,2.2,0.0
2026,9,21,7,13,07:13,271.4,0.9,1.2,1.8,0.0
2026,9,21,7,14,07:14,273.9,0.9,1.3,2.1,0.0
2026,9,21,7,17,07:17,263.5,1.4,1.6,1.9,0.0
2026,9,21,7,18,07:18,260.4,1.3,1.7,2.1,0.0
2026,9,21,7,19,07:19,254.7,1.0,1.4,2.0,0.0
2026,9,21,7,21,07:21,243.1,0.0,1.5,1.9,0.0
2026,9,21,7,23,07:23,264.6,1.0,1.6,1.9,0.0
2026,9,21,7,24,07:24,259.8,1.5,1.7,2.1,0.0
2026,9,21,7,27,07:26,272.3,1.1,1.4,1.7,0.0
2026,9,21,7,28,07:28,278.4,1.0,1.3,1.8,0.0
2026,9,21,7,29,07:29,292.6,0.8,1.0,1.2,0.0
2026,9,21,7,31,07:31,280.0,0.6,0.9,1.1,0.0
2026,9,21,7,33,07:33,277.0,0.0,0.7,1.0,0.0
2026,9,21,7,34,07:34,272.7,0.5,0.6,0.7,0.0
2026,9,21,7,37,07:36,280.0,0.5,0.6,0.7,0.0
2026,9,21,7,38,07:38,276.5,0.5,0.9,1.3,0.0
2026,9,21,7,39,07:39,275.8,0.0,0.6,0.8,0.0
2026,9,21,7,42,07:41,275.8,0.0,0.7,1.0,0.0
2026,9,21,7,43,07:43,275.9,0.5,0.8,1.0,0.0
2026,9,21,7,44,07:44,295.5,1.0,1.2,1.4,0.0
2026,9,21,7,46,07:46,292.9,0.8,1.1,1.4,0.0
2026,9,21,7,48,07:48,280.0,0.8,1.0,1.1,0.0
2026,9,21,7,49,07:49,280.0,0.8,1.0,1.5,0.0
2026,9,21,7,51,07:51,259.1,0.9,1.1,1.5,0.0
2026,9,21,7,53,07:53,248.3,0.8,1.1,1.4,0.0
2026,9,21,7,54,07:54,248.3,1.2,1.3,1.6,0.0
2026,9,21,7,56,07:56,248.3,0.6,1.0,1.5,0.0
2026,9,21,7,58,07:58,254.1,1.0,1.2,1.5,0.0
2026,9,21,7,59,07:59,240.5,0.8,1.2,1.8,0.0
2026,9,21,8,2,08:01,240.5,0.7,1.2,1.7,0.0
2026,9,21,8,3,08:03,254.1,0.9,1.3,2.1,0.0
2026,9,21,8,4,08:04,255.9,1.1,1.6,2.1,0.0
2026,9,21,8,7,08:06,265.5,0.9,1.2,1.6,0.0
2026,9,21,8,8,08:08,259.9,0.9,1.3,1.7,0.0
2026,9,21,8,9,08:09,241.1,1.0,1.2,1.5,0.0
2026,9,21,8,12,08:11,241.1,1.1,1.3,1.6,0.0
2026,9,21,8,13,08:13,267.5,1.3,1.9,2.2,0.0
2026,9,21,8,14,08:14,265.5,1.2,1.5,2.0,0.0
2026,9,21,8,16,08:16,262.4,1.4,1.8,2.1,0.0
2026,9,21,8,18,08:18,267.1,2.0,2.2,2.6,0.0
2026,9,21,8,19,08:19,267.2,1.6,1.9,2.2,0.0
2026,9,21,8,21,08:21,273.5,1.1,1.4,1.8,0.0
2026,9,21,8,23,08:23,282.2,1.4,1.7,2.1,0.0
2026,9,21,8,24,08:24,287.3,1.5,1.8,2.2,0.0
2026,9,21,8,27,08:26,267.4,1.1,1.5,2.1,0.0
2026,9,21,8,28,08:28,256.3,1.0,1.3,1.7,0.0
2026,9,21,8,29,08:29,249.4,1.2,1.4,1.7,0.0
2026,9,21,8,32,08:32,251.8,1.0,1.3,1.8,0.0
2026,9,21,8,33,08:33,254.8,1.3,1.5,1.7,0.0
2026,9,21,8,34,08:34,259.2,0.9,1.2,1.5,0.0
2026,9,21,8,36,08:36,253.1,1.0,1.2,1.5,0.0
2026,9,21,8,38,08:38,243.8,1.0,1.6,2.2,0.0
2026,9,21,8,39,08:39,251.6,1.2,1.5,1.8,0.0
2026,9,21,8,42,08:41,254.3,1.1,1.4,1.7,0.0
2026,9,21,8,43,08:43,251.1,0.5,1.2,1.8,0.0
2026,9,21,8,44,08:44,259.2,1.0,1.4,1.7,0.0
2026,9,21,8,46,08:46,239.9,0.5,0.9,1.7,0.0
2026,9,21,8,48,08:48,265.4,1.0,1.3,1.6,0.0
2026,9,21,8,49,08:49,268.6,1.1,1.2,1.3,0.0
2026,9,21,8,52,08:51,280.0,1.3,1.6,1.8,0.0
2026,9,21,8,53,08:53,283.8,1.1,1.4,1.8,0.0
2026,9,21,8,54,08:54,285.6,1.1,1.3,1.6,0.0
2026,9,21,8,56,08:56,297.4,1.1,1.7,2.2,0.0
2026,9,21,8,58,08:58,290.2,1.3,1.6,1.9,0.0
2026,9,21,8,59,08:59,284.5,1.1,1.3,1.6,0.0
2026,9,21,9,1,09:01,280.1,0.8,1.0,1.2,0.0
2026,9,21,9,3,09:03,306.4,1.2,1.4,1.7,0.0
2026,9,21,9,4,09:04,306.4,1.2,1.4,1.7,0.0
2026,9,21,9,6,09:06,303.5,1.2,1.4,1.8,0.0
2026,9,21,9,8,09:08,298.6,1.4,2.0,2.5,0.0
2026,9,21,9,9,09:09,292.3,1.7,1.9,2.0,0.0
2026,9,21,9,12,09:11,289.7,0.9,1.6,2.1,0.0
2026,9,21,9,13,09:13,293.2,1.0,1.3,1.8,0.0
2026,9,21,9,14,09:14,295.3,0.7,0.9,1.4,0.0
2026,9,21,9,17,09:16,289.8,0.9,1.1,1.3,0.0
2026,9,21,9,18,09:18,301.1,0.9,1.1,1.4,0.0
2026,9,21,9,19,09:19,311.1,1.0,1.4,2.0,0.0
2026,9,21,9,21,09:21,326.0,1.4,1.7,2.1,0.0
2026,9,21,9,23,09:23,319.9,1.4,1.7,2.1,0.0
2026,9,21,9,24,09:24,320.3,1.7,2.0,2.3,0.0
2026,9,21,9,26,09:26,307.6,2.4,2.8,3.1,0.0
2026,9,21,9,28,09:28,309.8,2.1,2.5,2.9,0.0
2026,9,21,9,29,09:29,308.8,1.7,2.3,2.7,0.0
2026,9,21,9,31,09:31,308.6,1.8,2.1,2.4,0.0
2026,9,21,9,33,09:33,305.7,1.5,2.1,2.4,0.0
2026,9,21,9,34,09:34,308.1,1.5,1.8,2.1,0.0
2026,9,21,9,37,09:36,324.5,1.2,1.7,2.0,0.0
2026,9,21,9,38,09:38,324.5,1.6,1.8,1.9,0.0
2026,9,21,9,39,09:39,324.5,1.4,1.7,2.0,0.0
2026,9,21,9,41,09:41,309.5,1.0,1.3,1.6,0.0
2026,9,21,9,43,09:43,342.8,1.2,1.5,2.1,0.0
2026,9,21,9,44,09:44,349.1,0.5,1.0,2.1,0.0
2026,9,21,9,46,09:46,7.8,0.0,1.0,2.0,0.0
2026,9,21,9,48,09:48,319.1,1.9,2.2,2.4,0.0
2026,9,21,9,49,09:49,316.9,1.8,2.0,2.3,0.0
2026,9,21,9,51,09:51,311.2,0.8,1.2,1.8,0.0
2026,9,21,9,53,09:53,311.2,0.8,0.9,1.3,0.0
2026,9,21,9,54,09:54,311.2,0.8,1.0,1.1,0.0
2026,9,21,9,57,09:56,311.2,0.0,0.2,0.3,0.0
2026,9,21,9,58,09:58,311.2,0.0,0.0,0.0,0.0
2026,9,21,9,59,09:58,311.2,0.0,0.0,0.0,0.0
2026,9,21,10,2,10:02,311.2,0.0,0.0,0.0,0.0
2026,9,21,10,3,10:03,311.2,0.0,0.0,0.0,0.0
2026,9,21,10,4,10:04,311.2,0.0,0.8,1.0,0.0
2026,9,21,10,7,10:06,311.2,0.0,0.0,0.0,0.0
2026,9,21,10,8,10:08,311.2,0.0,0.6,1.1,0.0
2026,9,21,10,9,10:09,311.2,0.0,0.2,0.6,0.0
2026,9,21,10,11,10:11,311.2,0.0,0.0,0.0,0.0
2026,9,21,10,13,10:13,311.2,0.0,0.0,0.0,0.0
2026,9,21,10,14,10:14,320.5,0.0,0.7,1.5,0.0
2026,9,21,10,17,10:16,339.3,0.0,0.0,0.0,0.0
2026,9,21,10,18,10:18,339.3,0.0,0.1,0.2,0.0
2026,9,21,10,19,10:19,15.2,0.0,0.5,1.0,0.0
2026,9,21,10,21,10:21,2.2,0.0,0.3,0.7,0.0
2026,9,21,10,23,10:23,14.7,0.0,0.7,1.5,0.0
2026,9,21,10,24,10:24,31.0,0.0,0.2,0.3,0.0
2026,9,21,10,27,10:25,31.0,0.0,0.1,0.2,0.0
2026,9,21,10,28,10:28,28.7,0.0,0.2,1.0,0.0
2026,9,21,10,29,10:29,4.6,0.0,0.5,1.3,0.0
2026,9,21,10,31,10:31,352.3,0.0,0.3,0.7,0.0
2026,9,21,10,33,10:33,352.3,0.0,0.5,1.0,0.0
2026,9,21,10,34,10:34,352.3,0.0,0.3,1.0,0.0
2026,9,21,10,36,10:36,352.3,0.0,0.2,0.6,0.0
2026,9,21,10,38,10:38,352.3,0.0,0.1,0.1,0.0
2026,9,21,10,39,10:39,352.3,0.0,0.2,0.3,0.0
2026,9,21,10,42,10:41,352.3,0.0,0.1,0.2,0.0
2026,9,21,10,43,10:43,352.3,0.0,0.1,0.3,0.0
2026,9,21,10,44,10:44,352.3,0.0,0.0,0.0,0.0
2026,9,21,10,47,10:46,352.3,0.0,0.2,0.3,0.0
2026,9,21,10,48,10:48,352.3,0.0,0.0,0.0,0.0
2026,9,21,10,49,10:49,352.3,0.0,0.3,0.9,0.0
2026,9,21,10,51,10:51,352.3,0.0,0.2,0.8,0.0
2026,9,21,10,53,10:53,352.3,0.0,0.1,0.2,0.0
2026,9,21,10,54,10:54,352.3,0.0,0.2,1.0,0.0
2026,9,21,10,56,10:56,352.3,0.0,0.5,1.3,0.0
2026,9,21,10,58,10:58,352.3,0.0,0.3,1.1,0.0
2026,9,21,10,59,10:59,352.3,0.0,0.1,0.2,0.0
2026,9,21,11,1,11:01,352.3,0.0,0.3,0.7,0.0
2026,9,21,11,3,11:03,352.3,0.5,0.7,1.1,0.0
2026,9,21,11,4,11:04,352.3,0.7,0.9,1.2,0.0
2026,9,21,11,6,11:06,352.3,0.0,0.8,1.1,0.0
2026,9,21,11,8,11:08,352.3,0.4,1.1,1.5,0.0
2026,9,21,11,9,11:09,352.3,0.6,0.9,1.5,0.0
2026,9,21,11,12,11:11,322.8,0.9,1.2,1.7,0.0
2026,9,21,11,13,11:13,317.1,0.0,0.3,0.6,0.0
2026,9,21,11,14,11:14,317.1,0.0,0.7,1.1,0.0
2026,9,21,11,16,11:16,317.1,0.0,0.2,0.7,0.0
2026,9,21,11,18,11:18,321.7,0.4,0.9,1.9,0.0
2026,9,21,11,19,11:19,347.8,0.7,1.1,1.8,0.0
2026,9,21,11,21,11:21,347.8,0.0,0.0,0.0,0.0
2026,9,21,11,23,11:23,347.8,0.8,1.7,2.4,0.0
2026,9,21,11,24,11:24,347.4,0.6,1.3,1.9,0.0
2026,9,21,11,27,11:26,354.8,0.0,0.4,1.4,0.0
2026,9,21,11,28,11:28,354.8,0.0,0.3,1.0,0.0
2026,9,21,11,29,11:29,354.8,0.0,0.0,0.0,0.0
2026,9,21,11,31,11:31,354.8,0.0,0.5,0.6,0.0
2026,9,21,11,33,11:33,354.8,0.0,0.0,0.0,0.0
2026,9,21,11,34,11:34,354.8,0.0,0.2,0.6,0.0
2026,9,21,11,36,11:36,354.8,0.0,0.4,0.8,0.0
2026,9,21,11,38,11:38,354.8,0.0,0.7,1.2,0.0
2026,9,21,11,39,11:39,354.8,0.0,0.6,1.0,0.0
2026,9,21,11,42,11:41,354.8,0.0,0.0,0.0,0.0
2026,9,21,11,43,11:43,344.2,0.5,0.7,1.0,0.0
2026,9,21,11,44,11:44,230.6,0.7,0.8,1.0,0.0
2026,9,21,11,47,11:46,230.6,0.9,1.1,1.3,0.0
2026,9,21,11,48,11:48,230.6,1.0,1.1,1.3,0.0
2026,9,21,11,49,11:49,230.6,0.9,1.0,1.1,0.0
2026,9,21,11,51,11:51,230.6,1.2,1.3,1.4,0.0
2026,9,21,11,53,11:53,230.6,1.1,1.3,1.5,0.0
2026,9,21,11,54,11:54,230.6,1.2,1.3,1.5,0.0
2026,9,21,11,56,11:56,230.6,1.2,1.3,1.5,0.0
2026,9,21,11,58,11:58,230.6,1.1,1.2,1.3,0.0
2026,9,21,11,59,11:59,230.6,1.1,1.3,1.4,0.0
2026,9,21,12,2,12:01,230.6,1.2,1.5,1.8,0.0
2026,9,21,12,3,12:03,218.8,1.6,1.8,2.1,0.0
2026,9,21,12,4,12:04,228.1,0.9,1.5,1.9,0.0
2026,9,21,12,6,12:06,212.4,1.4,1.6,1.7,0.0
2026,9,21,12,8,12:08,212.4,1.3,1.5,1.8,0.0
2026,9,21,12,9,12:09,212.6,1.2,1.3,1.5,0.0
2026,9,21,12,11,12:11,212.4,0.5,0.7,1.1,0.0
2026,9,21,12,13,12:13,212.4,0.0,0.3,0.7,0.0
2026,9,21,12,14,12:14,212.4,0.0,0.3,0.9,0.0
2026,9,21,12,17,12:16,212.4,0.7,1.0,1.3,0.0
2026,9,21,12,18,12:18,212.4,1.0,1.1,1.3,0.0
2026,9,21,12,19,12:19,221.6,0.8,1.2,1.7,0.0
2026,9,21,12,21,12:21,214.8,1.1,1.2,1.5,0.0
2026,9,21,12,23,12:23,214.8,0.9,1.0,1.1,0.0
2026,9,21,12,24,12:24,214.8,1.0,1.2,1.4,0.0
2026,9,21,12,26,12:26,219.0,0.9,1.2,1.8,0.0
2026,9,21,12,28,12:28,226.0,1.1,1.3,1.7,0.0
2026,9,21,12,29,12:29,227.0,1.0,1.3,1.5,0.0
2026,9,21,12,32,12:31,223.9,1.3,1.6,1.8,0.0
2026,9,21,12,33,12:33,220.9,1.0,1.2,1.4,0.0
2026,9,21,12,34,12:34,244.9,0.7,0.9,1.4,0.0
2026,9,21,12,37,12:36,231.8,1.2,1.4,1.7,0.0
2026,9,21,12,38,12:38,262.3,1.1,1.6,2.5,0.0
2026,9,21,12,39,12:39,253.2,1.1,1.3,1.6,0.0
2026,9,21,12,42,12:41,246.0,0.9,1.3,1.8,0.0
2026,9,21,12,43,12:43,228.4,0.3,0.8,1.2,0.0
2026,9,21,12,44,12:44,248.3,0.8,1.2,1.8,0.0
2026,9,21,12,47,12:46,276.7,0.9,1.2,1.8,0.0
2026,9,21,12,48,12:48,316.9,2.0,2.5,3.3,0.0
2026,9,21,12,49,12:49,313.4,1.4,2.3,3.2,0.0
2026,9,21,12,52,12:52,331.9,2.0,3.2,4.6,0.0
2026,9,21,12,53,12:53,297.8,1.2,2.2,3.3,0.0
2026,9,21,12,54,12:54,276.0,1.7,2.3,3.2,0.0
2026,9,21,12,56,12:56,300.3,1.8,2.3,3.0,0.0
2026,9,21,12,58,12:58,327.6,1.3,1.9,2.6,0.0
2026,9,21,12,59,12:59,336.1,2.1,2.4,3.1,0.0
2026,9,21,13,1,13:01,296.5,1.7,2.1,2.8,0.0
2026,9,21,13,3,13:03,288.2,2.0,2.4,3.0,0.0
2026,9,21,13,4,13:04,275.9,0.5,1.2,2.0,0.0
2026,9,21,13,7,13:06,300.5,1.3,2.0,2.7,0.0
2026,9,21,13,8,13:08,330.4,1.3,1.8,2.4,0.0
2026,9,21,13,9,13:09,321.0,1.4,1.7,2.4,0.0
2026,9,21,13,12,13:11,322.7,0.7,1.5,2.6,0.0
2026,9,21,13,13,13:13,347.0,0.0,2.3,3.5,0.0
2026,9,21,13,14,13:14,349.6,1.7,2.2,3.0,0.0
2026,9,21,13,17,13:16,355.0,0.3,1.5,4.2,0.0
2026,9,21,13,18,13:18,358.4,0.0,0.6,1.2,0.0
2026,9,21,13,19,13:19,359.2,0.0,0.5,1.1,0.0
2026,9,21,13,22,13:21,349.7,1.5,2.2,3.1,0.0
2026,9,21,13,23,13:23,327.5,1.4,2.3,3.2,0.0
2026,9,21,13,24,13:24,335.6,0.8,1.5,2.1,0.0
2026,9,21,13,26,13:26,6.7,0.5,1.5,2.8,0.0
2026,9,21,13,28,13:28,351.1,1.5,2.6,4.3,0.0
2026,9,21,13,29,13:29,354.8,1.4,2.5,3.6,0.0
2026,9,21,13,31,13:31,348.0,1.2,2.7,4.3,0.0
2026,9,21,13,33,13:33,356.8,0.0,0.4,0.8,0.0
2026,9,21,13,34,13:34,4.8,0.0,0.5,1.7,0.0
2026,9,21,13,36,13:36,349.2,1.0,2.9,4.1,0.0
2026,9,21,13,38,13:38,5.5,0.9,1.9,3.7,0.0
2026,9,21,13,39,13:39,1.1,1.3,2.6,3.9,0.0
2026,9,21,13,41,13:41,353.3,0.9,2.4,4.6,0.0
2026,9,21,13,43,13:43,3.9,0.5,1.6,3.1,0.0
2026,9,21,13,44,13:44,23.5,0.0,1.1,1.9,0.0
2026,9,21,13,46,13:46,342.3,1.4,2.4,3.2,0.0
2026,9,21,13,48,13:48,342.7,2.7,3.2,3.7,0.0
2026,9,21,13,49,13:49,334.5,2.3,2.9,3.7,0.0
2026,9,21,13,51,13:51,327.8,2.1,2.9,3.6,0.0
2026,9,21,13,53,13:53,318.2,1.6,1.9,2.2,0.0
2026,9,21,13,54,13:54,332.2,1.1,1.4,1.8,0.0
2026,9,21,13,56,13:56,356.9,0.7,2.1,3.1,0.0
2026,9,21,13,58,13:58,340.5,0.7,1.3,1.8,0.0
2026,9,21,13,59,13:59,332.4,1.0,1.5,2.4,0.0
2026,9,21,14,2,14:01,330.0,2.1,2.8,3.4,0.0
2026,9,21,14,3,14:03,346.3,1.8,2.4,2.9,0.0
2026,9,21,14,4,14:04,339.6,1.4,1.8,2.3,0.0
2026,9,21,14,6,14:06,47.0,0.8,1.9,2.8,0.0
2026,9,21,14,8,14:08,104.3,0.0,0.0,0.0,0.0
2026,9,21,14,9,14:09,111.2,0.0,0.1,1.0,0.0
2026,9,21,14,12,14:11,142.7,0.0,0.3,1.0,0.0
2026,9,21,14,13,14:13,153.7,0.0,1.0,1.9,0.0
2026,9,21,14,14,14:14,170.0,0.3,0.9,1.6,0.0
2026,9,21,14,16,14:16,149.9,0.5,1.4,2.8,0.0
2026,9,21,14,18,14:18,157.2,0.5,1.1,1.9,0.0
2026,9,21,14,19,14:19,158.4,0.0,1.2,2.0,0.0
2026,9,21,14,21,14:21,156.1,1.8,2.2,2.7,0.0
2026,9,21,14,23,14:23,157.1,0.0,0.3,0.7,0.0
2026,9,21,14,24,14:24,157.1,0.0,0.3,0.4,0.0
2026,9,21,14,26,14:26,78.3,0.0,0.5,1.4,0.0
2026,9,21,14,28,14:28,161.3,1.4,1.7,2.2,0.0
2026,9,21,14,29,14:29,157.5,1.4,2.0,2.5,0.0
2026,9,21,14,32,14:32,161.9,1.4,1.8,2.2,0.0
2026,9,21,14,33,14:33,161.9,1.0,0.6,1.8,0.0
2026,9,21,14,34,14:34,148.7,0.0,0.2,0.5,0.0
2026,9,21,14,37,14:36,146.1,0.0,0.2,0.4,0.0
2026,9,21,14,38,14:38,162.1,0.0,0.2,1.1,0.0
2026,9,21,14,39,14:39,160.7,0.0,0.1,1.3,0.0
2026,9,21,14,41,14:41,158.8,0.0,0.6,1.6,0.0
2026,9,21,14,43,14:43,157.5,0.5,1.0,2.1,0.0
2026,9,21,14,44,14:44,184.3,0.0,0.6,1.0,0.0
2026,9,21,14,46,14:46,156.6,0.0,0.3,0.4,0.0
2026,9,21,14,48,14:48,156.5,0.0,0.2,0.3,0.0
2026,9,21,14,49,14:49,154.8,0.0,0.5,2.2,0.0
2026,9,21,14,51,14:51,162.0,1.7,2.0,2.4,0.0
2026,9,21,14,53,14:53,179.9,2.7,3.7,4.1,0.0
2026,9,21,14,54,14:54,177.9,3.2,3.7,4.1,0.0
2026,9,21,14,57,14:56,175.9,2.8,3.0,3.3,0.0
2026,9,21,14,58,14:58,179.1,2.1,2.2,2.4,0.0
2026,9,21,14,59,14:59,179.1,2.2,2.4,2.6,0.0
2026,9,21,15,1,15:01,171.4,2.1,2.4,2.6,0.0
2026,9,21,15,3,15:03,161.9,1.6,2.0,2.6,0.0
2026,9,21,15,4,15:04,161.3,1.2,1.7,2.1,0.0
2026,9,21,15,6,15:06,161.3,0.0,0.0,0.0,0.0
2026,9,21,15,8,15:08,161.3,0.0,0.1,0.1,0.0
2026,9,21,15,9,15:09,312.9,0.0,1.0,2.5,0.0
2026,9,21,15,12,15:12,236.8,2.0,2.7,3.4,0.0
2026,9,21,15,13,15:13,215.6,2.2,2.6,3.0,0.0
2026,9,21,15,14,15:14,199.5,3.0,3.6,4.0,0.0
2026,9,21,15,16,15:16,186.3,3.5,4.0,4.3,0.0
2026,9,21,15,18,15:18,166.2,3.6,4.9,5.7,0.0
2026,9,21,15,19,15:19,170.2,2.8,4.0,4.7,0.0
2026,9,21,15,22,15:21,153.1,2.1,3.0,3.6,0.0
2026,9,21,15,23,15:23,158.5,1.9,2.4,2.9,0.0
2026,9,21,15,24,15:24,161.5,1.2,2.1,2.6,0.0
2026,9,21,15,27,15:26,145.5,0.0,0.1,0.4,0.0
2026,9,21,15,28,15:28,158.0,0.7,1.2,1.6,0.0
2026,9,21,15,29,15:29,158.0,1.1,1.3,1.5,0.0
2026,9,21,15,32,15:31,168.2,1.7,2.0,2.1,0.0
2026,9,21,15,33,15:33,173.5,2.1,2.2,2.3,0.0
2026,9,21,15,34,15:34,174.6,2.1,2.4,2.6,0.0
2026,9,21,15,36,15:36,162.3,1.6,1.9,2.4,0.0
2026,9,21,15,38,15:38,158.4,1.0,1.4,1.7,0.0
2026,9,21,15,39,15:39,162.7,1.1,1.4,1.6,0.0
2026,9,21,15,41,15:41,162.7,1.2,1.5,1.9,0.0
2026,9,21,15,43,15:43,189.2,1.6,1.8,2.1,0.0
2026,9,21,15,44,15:44,188.2,1.3,1.6,1.8,0.0
2026,9,21,15,46,15:46,174.9,1.1,1.6,1.9,0.0
2026,9,21,15,48,15:48,168.2,2.0,2.4,2.7,0.0
2026,9,21,15,49,15:49,164.7,1.9,2.2,2.8,0.0
2026,9,21,15,51,15:51,166.2,1.1,1.4,1.5,0.0
2026,9,21,15,53,15:53,166.2,0.9,1.3,1.6,0.0
2026,9,21,15,54,15:54,166.2,1.0,1.3,1.5,0.0
2026,9,21,15,56,15:56,175.0,1.5,2.1,2.7,0.0
2026,9,21,15,58,15:58,174.8,2.2,2.4,2.6,0.0
2026,9,21,15,59,15:59,186.3,2.2,2.4,2.6,0.0
2026,9,21,16,1,16:01,274.4,2.1,2.3,2.8,0.0
2026,9,21,16,3,16:03,274.4,1.7,1.8,2.1,0.0
2026,9,21,16,4,16:04,274.4,1.6,2.1,2.4,0.0
2026,9,21,16,7,16:06,179.7,0.4,1.4,2.3,0.0
2026,9,21,16,8,16:08,163.8,0.0,0.3,1.7,0.0
2026,9,21,16,9,16:09,163.9,0.0,0.0,0.0,0.0
2026,9,21,16,12,16:11,153.2,0.7,1.5,2.0,0.0
2026,9,21,16,13,16:13,154.9,1.3,1.7,1.9,0.0
2026,9,21,16,14,16:14,159.7,1.4,1.6,1.7,0.0
2026,9,21,16,16,16:16,178.2,2.0,2.2,2.5,0.0
2026,9,21,16,18,16:18,177.3,2.1,2.4,2.6,0.0
2026,9,21,16,19,16:19,174.5,2.2,2.5,2.7,0.0
2026,9,21,16,22,16:22,180.8,2.5,2.8,3.0,0.0
2026,9,21,16,23,16:23,180.9,2.4,2.5,2.6,0.0
2026,9,21,16,24,16:24,175.5,2.3,2.6,2.8,0.0
2026,9,21,16,27,16:26,167.7,2.0,2.3,2.6,0.0
2026,9,21,16,28,16:28,162.6,1.6,2.1,2.5,0.0
2026,9,21,16,29,16:29,156.6,0.5,1.3,2.2,0.0
2026,9,21,16,31,16:31,153.4,0.0,0.9,1.6,0.0
2026,9,21,16,33,16:33,148.1,0.0,1.0,1.5,0.0
2026,9,21,16,34,16:34,148.1,0.4,1.1,1.7,0.0
2026,9,21,16,36,16:36,148.1,0.8,1.2,1.5,0.0
2026,9,21,16,38,16:38,156.3,0.5,0.6,1.5,0.0
2026,9,21,16,39,16:39,156.5,0.0,0.3,0.8,0.0
2026,9,21,16,41,16:41,154.7,0.0,0.7,1.4,0.0
2026,9,21,16,43,16:43,154.7,0.0,0.4,0.9,0.0
2026,9,21,16,44,16:44,154.7,0.0,0.3,0.4,0.0
2026,9,21,16,46,16:46,154.6,0.0,0.0,0.0,0.0
2026,9,21,16,48,16:48,154.6,0.0,0.0,0.0,0.0
2026,9,21,16,49,16:49,154.6,0.0,0.0,0.0,0.0
2026,9,21,16,52,16:52,154.6,0.0,0.0,0.0,0.0
2026,9,21,16,53,16:53,154.6,0.0,0.0,0.0,0.0
2026,9,21,16,54,16:54,154.6,0.0,0.0,0.0,0.0
2026,9,21,16,57,16:56,154.6,0.0,0.0,0.0,0.0
2026,9,21,16,58,16:58,154.6,0.0,0.0,0.0,0.0
2026,9,21,16,59,16:59,154.6,0.0,0.0,0.0,0.0
2026,9,21,17,1,17:01,154.6,0.0,0.4,0.5,0.0
2026,9,21,17,3,17:03,154.6,0.4,0.5,0.6,0.0
2026,9,21,17,4,17:04,154.6,0.0,0.4,0.4,0.0
2026,9,21,17,6,17:06,154.6,0.3,0.3,0.5,0.0
2026,9,21,17,8,17:08,154.6,0.0,0.7,0.8,0.0
2026,9,21,17,9,17:09,154.6,0.6,0.7,0.8,0.0
2026,9,21,17,11,17:11,154.6,0.8,0.9,1.0,0.0
2026,9,21,17,13,17:13,154.6,0.9,1.1,1.1,0.0
2026,9,21,17,14,17:14,154.6,1.0,1.1,1.3,0.0
2026,9,21,17,17,17:16,212.2,1.2,1.4,1.5,0.0
2026,9,21,17,18,17:18,212.3,1.8,2.0,2.3,0.0
2026,9,21,17,19,17:19,212.2,2.2,2.4,2.6,0.0
2026,9,21,17,21,17:21,217.1,2.3,2.6,3.0,0.0
2026,9,21,17,23,17:23,233.2,2.2,2.5,2.9,0.0
2026,9,21,17,24,17:24,230.2,1.8,2.3,2.8,0.0
2026,9,21,17,26,17:26,237.0,1.2,1.8,2.3,0.0
2026,9,21,17,28,17:28,230.2,1.4,1.9,2.2,0.0
2026,9,21,17,29,17:29,216.3,1.4,1.7,2.0,0.0
2026,9,21,17,31,17:31,216.3,1.4,1.7,1.9,0.0
2026,9,21,17,33,17:33,216.3,1.2,1.3,1.5,0.0
2026,9,21,17,34,17:34,216.3,1.1,1.3,1.6,0.0
2026,9,21,17,37,17:36,216.3,1.5,1.6,1.8,0.0
2026,9,21,17,38,17:38,216.3,1.2,1.5,1.9,0.0
2026,9,21,17,39,17:39,216.3,1.3,1.6,1.9,0.0
2026,9,21,17,41,17:41,216.3,1.2,1.5,1.9,0.0
2026,9,21,17,43,17:43,216.3,0.8,1.1,1.7,0.0
2026,9,21,17,44,17:44,216.3,0.6,0.7,1.3,0.0
2026,9,21,17,47,17:46,216.3,0.0,0.0,0.0,0.0
2026,9,21,17,48,17:48,216.3,0.0,0.0,0.0,0.0
2026,9,21,17,49,17:49,216.3,0.0,0.0,0.0,0.0
2026,9,21,17,52,17:51,216.3,0.0,0.0,0.0,0.0
2026,9,21,17,53,17:52,216.3,0.0,0.0,0.0,0.0
2026,9,21,17,54,17:52,216.3,0.0,0.0,0.0,0.0
2026,9,21,17,57,17:56,216.3,0.0,0.0,0.0,0.0
2026,9,21,17,58,17:58,216.3,0.0,0.0,0.0,0.0
2026,9,21,17,59,17:59,216.3,0.0,0.0,0.0,0.0
2026,9,21,18,2,18:01,216.3,0.0,0.3,0.6,0.0
2026,9,21,18,3,18:03,216.3,0.0,0.4,0.6,0.0
2026,9,21,18,4,18:04,216.4,0.0,0.4,0.5,0.0
2026,9,21,18,7,18:06,216.3,0.0,0.0,0.0,0.0
2026,9,21,18,8,18:08,216.3,0.0,0.0,0.0,0.0
2026,9,21,18,9,18:09,216.3,0.0,0.5,1.1,0.0
2026,9,21,18,11,18:11,216.3,1.3,1.4,1.5,0.0
2026,9,21,18,13,18:13,216.3,1.1,1.2,1.4,0.0
2026,9,21,18,14,18:14,216.3,1.1,1.2,1.3,0.0
2026,9,21,18,17,18:16,216.3,0.9,1.0,1.1,0.0
2026,9,21,18,18,18:18,216.3,0.7,0.8,0.9,0.0
2026,9,21,18,19,18:19,216.3,0.8,0.9,1.0,0.0
2026,9,21,18,22,18:22,216.3,0.9,1.1,1.1,0.0
2026,9,21,18,23,18:23,216.3,1.0,1.1,1.2,0.0
2026,9,21,18,24,18:24,216.3,1.0,1.3,1.5,0.0
2026,9,21,18,27,18:26,216.3,1.2,1.4,1.6,0.0
2026,9,21,18,28,18:28,216.3,1.4,1.6,1.9,0.0
2026,9,21,18,29,18:29,216.3,1.3,1.5,1.6,0.0
2026,9,21,18,31,18:31,216.3,1.4,1.6,1.7,0.0
2026,9,21,18,33,18:33,216.3,1.0,1.2,1.4,0.0
2026,9,21,18,34,18:34,216.3,0.8,1.1,1.3,0.0
2026,9,21,18,37,18:36,216.3,0.8,0.9,1.1,0.0
2026,9,21,18,38,18:38,216.3,0.8,1.1,1.3,0.0
2026,9,21,18,39,18:39,216.3,0.8,1.1,1.4,0.0
2026,9,21,18,41,18:41,216.3,0.6,0.9,1.2,0.0
2026,9,21,18,43,18:43,216.3,0.7,1.0,1.3,0.0
2026,9,21,18,44,18:44,216.3,0.8,1.0,1.1,0.0
2026,9,21,18,46,18:46,216.3,0.6,0.8,1.1,0.0
2026,9,21,18,48,18:48,216.3,0.0,0.6,0.9,0.0
2026,9,21,18,49,18:49,216.3,0.5,0.8,1.0,0.0
2026,9,21,18,51,18:51,216.3,0.7,0.8,0.9,0.0
2026,9,21,18,53,18:53,216.3,0.6,0.7,0.8,0.0
2026,9,21,18,54,18:54,216.3,0.4,0.7,0.9,0.0
2026,9,21,18,56,18:56,216.3,0.7,0.9,1.0,0.0
2026,9,21,18,58,18:58,216.3,0.9,1.1,1.3,0.0
2026,9,21,18,59,18:58,216.3,0.9,1.1,1.3,0.0
2026,9,21,19,2,19:01,216.3,1.1,1.3,1.6,0.0
2026,9,21,19,3,19:03,216.3,1.3,1.4,1.6,0.0
2026,9,21,19,4,19:04,216.3,0.8,1.1,1.3,0.0
2026,9,21,19,7,19:06,216.3,0.8,1.0,1.3,0.0
2026,9,21,19,8,19:08,216.3,0.7,0.9,1.4,0.0
2026,9,21,19,9,19:09,216.3,0.5,0.8,0.9,0.0
2026,9,21,19,11,19:11,216.3,0.0,0.6,0.9,0.0
2026,9,21,19,13,19:13,216.3,0.5,0.6,0.7,0.0
2026,9,21,19,14,19:14,216.3,0.7,0.9,1.3,0.0
2026,9,21,19,16,19:16,216.3,0.9,1.2,1.4,0.0
2026,9,21,19,18,19:18,216.3,1.1,1.2,1.3,0.0
2026,9,21,19,19,19:19,216.3,0.6,1.0,1.3,0.0
2026,9,21,19,21,19:21,216.3,0.5,0.8,1.0,0.0
2026,9,21,19,23,19:23,216.3,0.0,0.2,0.6,0.0
2026,9,21,19,24,19:24,216.3,0.0,0.1,0.5,0.0
2026,9,21,19,26,19:25,216.3,0.0,0.3,0.4,0.0
2026,9,21,19,28,19:28,216.3,0.0,0.2,0.7,0.0
2026,9,21,19,29,19:29,216.3,0.0,0.3,0.5,0.0
2026,9,21,19,31,19:31,216.3,0.0,0.9,1.3,0.0
2026,9,21,19,33,19:33,216.3,0.0,0.3,0.5,0.0
2026,9,21,19,34,19:34,216.3,0.0,0.5,0.6,0.0
2026,9,21,19,37,19:37,216.3,0.7,1.0,1.3,0.0
2026,9,21,19,38,19:38,216.3,1.0,1.1,1.2,0.0
2026,9,21,19,39,19:39,216.3,0.9,1.1,1.4,0.0
2026,9,21,19,41,19:41,216.3,0.7,1.2,1.7,0.0
2026,9,21,19,43,19:43,216.3,1.0,1.1,1.3,0.0
2026,9,21,19,44,19:44,215.9,0.9,1.1,1.3,0.0
2026,9,21,19,46,19:46,216.3,0.5,0.7,0.8,0.0
2026,9,21,19,48,19:48,216.3,0.5,0.9,1.3,0.0
2026,9,21,19,49,19:49,216.3,1.2,1.4,1.6,0.0
2026,9,21,19,51,19:51,216.3,1.0,1.2,1.4,0.0
2026,9,21,19,53,19:53,216.3,1.0,1.3,1.6,0.0
2026,9,21,19,54,19:54,216.3,1.2,1.4,1.6,0.0
2026,9,21,19,56,19:56,216.3,1.2,1.3,1.5,0.0
2026,9,21,19,58,19:58,216.3,1.3,1.3,1.4,0.0
2026,9,21,19,59,19:59,248.2,1.4,1.7,2.0,0.0
2026,9,21,20,1,20:01,280.0,1.4,1.6,1.9,0.0
2026,9,21,20,3,20:03,280.0,1.5,1.7,1.8,0.0
2026,9,21,20,4,20:04,280.0,1.6,1.8,2.2,0.0
2026,9,21,20,6,20:06,280.0,1.2,1.3,1.4,0.0
2026,9,21,20,8,20:08,280.0,1.0,1.1,1.3,0.0
2026,9,21,20,9,20:09,280.0,0.8,1.3,1.8,0.0
2026,9,21,20,11,20:11,280.0,0.9,1.0,1.3,0.0
2026,9,21,20,13,20:13,280.0,0.9,1.4,1.8,0.0
2026,9,21,20,14,20:14,280.0,0.7,1.0,1.2,0.0
2026,9,21,20,16,20:16,280.0,0.9,1.2,1.4,0.0
2026,9,21,20,18,20:18,280.0,1.1,1.2,1.4,0.0
2026,9,21,20,19,20:19,333.7,1.1,1.5,1.7,0.0
2026,9,21,20,22,20:21,345.2,1.0,1.2,1.4,0.0
2026,9,21,20,23,20:23,344.0,0.7,0.9,1.2,0.0
2026,9,21,20,24,20:24,345.0,0.0,0.6,1.1,0.0
2026,9,21,20,26,20:26,343.6,1.1,1.4,2.0,0.0
2026,9,21,20,28,20:28,346.5,1.1,1.5,2.1,0.0
2026,9,21,20,29,20:29,351.2,1.3,1.6,1.9,0.0
2026,9,21,20,31,20:31,349.6,1.3,1.5,1.7,0.0
2026,9,21,20,33,20:33,346.1,1.1,1.7,2.3,0.0
2026,9,21,20,34,20:34,351.5,0.9,1.6,2.1,0.0
2026,9,21,20,36,20:36,348.4,1.7,2.0,2.4,0.0
2026,9,21,20,38,20:38,343.0,1.8,2.1,2.4,0.0
2026,9,21,20,41,20:41,334.8,1.7,2.0,2.5,0.0
2026,9,21,20,43,20:43,337.3,1.3,1.9,2.4,0.0
2026,9,21,20,44,20:44,339.3,1.7,2.3,2.9,0.0
2026,9,21,20,46,20:46,344.0,1.5,2.1,2.6,0.0
2026,9,21,20,48,20:48,347.5,1.7,2.1,2.3,0.0
2026,9,21,20,49,20:49,341.4,1.9,2.4,2.9,0.0
2026,9,21,20,52,20:51,339.4,1.9,2.2,2.6,0.0
2026,9,21,20,53,20:53,345.0,1.9,2.2,2.7,0.0
2026,9,21,20,54,20:54,351.7,1.4,2.2,2.8,0.0
2026,9,21,20,56,20:56,355.0,1.0,1.8,2.6,0.0
2026,9,21,20,58,20:58,349.9,1.3,2.0,2.7,0.0
2026,9,21,20,59,20:59,353.5,0.5,1.2,2.0,0.0
2026,9,21,21,1,21:01,355.2,0.0,1.3,2.5,0.0
2026,9,21,21,3,21:03,359.7,0.7,1.8,3.1,0.0
2026,9,21,21,4,21:04,356.7,0.8,1.4,2.6,0.0
2026,9,21,21,7,21:06,355.8,0.9,1.8,3.1,0.0
2026,9,21,21,8,21:08,349.3,0.8,1.8,2.5,0.0
2026,9,21,21,9,21:09,352.8,1.2,2.0,2.6,0.0
2026,9,21,21,12,21:11,355.7,0.9,1.6,2.5,0.0
2026,9,21,21,13,21:13,353.1,1.5,2.0,2.4,0.0
2026,9,21,21,14,21:14,345.9,1.5,2.3,2.9,0.0
2026,9,21,21,16,21:16,348.8,1.7,2.0,2.2,0.0
2026,9,21,21,18,21:18,349.6,0.9,1.8,2.7,0.0
2026,9,21,21,19,21:19,347.1,1.1,1.7,2.0,0.0
2026,9,21,21,21,21:21,350.5,0.5,1.5,2.3,0.0
2026,9,21,21,23,21:23,352.8,0.6,1.4,2.4,0.0
2026,9,21,21,24,21:24,349.8,0.7,1.2,2.2,0.0
2026,9,21,21,27,21:26,349.8,0.0,1.8,2.9,0.0
2026,9,21,21,28,21:28,354.8,0.9,1.4,2.2,0.0
2026,9,21,21,29,21:29,357.8,0.8,1.6,2.8,0.0
2026,9,21,21,31,21:31,358.1,0.0,0.5,1.1,0.0
2026,9,21,21,33,21:33,354.4,0.0,0.4,0.8,0.0
2026,9,21,21,34,21:34,352.0,0.0,0.2,0.5,0.0
2026,9,21,21,36,21:36,359.0,0.6,1.5,2.8,0.0
2026,9,21,21,38,21:38,351.0,1.4,2.9,4.2,0.0
2026,9,21,21,39,21:39,356.9,1.3,2.6,3.6,0.0
2026,9,21,21,41,21:41,353.3,1.0,2.7,4.1,0.0
2026,9,21,21,43,21:43,357.8,0.9,2.0,3.1,0.0
2026,9,21,21,44,21:44,355.3,0.5,0.9,1.7,0.0
2026,9,21,21,46,21:46,347.2,2.0,2.8,3.3,0.0
2026,9,21,21,48,21:48,356.4,0.5,1.0,2.3,0.0
2026,9,21,21,49,21:49,354.5,1.1,1.8,2.5,0.0
2026,9,21,21,51,21:51,353.7,0.5,1.6,2.9,0.0
2026,9,21,21,53,21:53,354.9,0.5,2.1,3.1,0.0
2026,9,21,21,54,21:54,353.3,1.1,2.4,3.7,0.0
2026,9,21,21,56,21:56,2.0,0.9,1.5,2.9,0.0
2026,9,21,21,58,21:58,343.5,2.0,2.6,3.2,0.0
2026,9,21,21,59,21:59,354.6,0.9,2.1,3.0,0.0
2026,9,21,22,2,22:01,351.8,1.9,2.6,3.1,0.0
2026,9,21,22,3,22:03,355.4,0.8,1.7,2.3,0.0
2026,9,21,22,4,22:04,357.8,0.0,0.4,0.9,0.0
2026,9,21,22,6,22:06,350.4,0.3,1.1,2.2,0.0
2026,9,21,22,8,22:08,359.8,0.0,1.2,1.8,0.0
2026,9,21,22,9,22:09,352.6,0.7,1.3,2.3,0.0
2026,9,21,22,12,22:11,352.3,0.7,1.4,2.4,0.0
2026,9,21,22,13,22:13,349.5,0.5,0.9,1.4,0.0
2026,9,21,22,14,22:14,3.4,0.0,0.8,1.7,0.0
2026,9,21,22,17,22:16,355.5,0.7,1.3,2.1,0.0
2026,9,21,22,18,22:18,350.6,0.0,1.5,2.6,0.0
2026,9,21,22,19,22:19,349.3,0.4,0.7,1.9,0.0
2026,9,21,22,22,22:21,347.8,0.0,0.3,0.7,0.0
2026,9,21,22,23,22:23,353.9,0.0,0.4,1.7,0.0
2026,9,21,22,24,22:24,350.8,0.4,0.9,1.9,0.0
2026,9,21,22,26,22:26,354.2,0.8,1.6,2.4,0.0
2026,9,21,22,28,22:28,353.9,1.2,2.0,2.7,0.0
2026,9,21,22,29,22:29,350.6,1.7,2.3,2.8,0.0
2026,9,21,22,32,22:31,352.2,0.8,1.4,2.4,0.0
2026,9,21,22,33,22:33,353.0,0.0,0.7,1.6,0.0
2026,9,21,22,34,22:34,353.7,0.0,0.9,1.8,0.0
2026,9,21,22,37,22:37,345.7,0.0,1.4,2.5,0.0
2026,9,21,22,38,22:38,350.6,0.0,0.7,1.4,0.0
2026,9,21,22,39,22:39,350.7,0.8,1.3,2.2,0.0
2026,9,21,22,41,22:41,353.7,0.0,0.6,1.8,0.0
2026,9,21,22,43,22:43,355.9,0.8,1.4,3.0,0.0
2026,9,21,22,44,22:44,351.8,0.3,1.0,3.0,0.0
2026,9,21,22,46,22:46,356.8,0.0,1.1,2.2,0.0
2026,9,21,22,48,22:48,350.4,0.6,1.4,2.5,0.0
2026,9,21,22,49,22:49,356.8,0.8,1.4,2.2,0.0
2026,9,21,22,52,22:51,352.8,0.8,1.8,2.7,0.0
2026,9,21,22,53,22:53,6.0,0.6,1.3,2.5,0.0
2026,9,21,22,54,22:54,353.3,0.0,0.9,2.1,0.0
2026,9,21,22,56,22:56,351.6,0.3,0.7,1.1,0.0
2026,9,21,22,58,22:58,354.9,0.0,0.9,1.9,0.0
2026,9,21,22,59,22:59,351.1,0.8,1.6,2.3,0.0
2026,9,21,23,1,23:01,351.6,1.0,1.7,2.3,0.0
2026,9,21,23,3,23:03,347.7,0.3,1.1,2.0,0.0
2026,9,21,23,4,23:04,347.7,0.0,0.5,1.2,0.0
2026,9,21,23,6,23:06,347.7,0.5,0.8,2.0,0.0
2026,9,21,23,8,23:08,347.7,0.0,0.4,0.7,0.0
2026,9,21,23,9,23:09,347.7,0.4,0.9,1.7,0.0
2026,9,21,23,11,23:11,0.9,0.5,1.4,2.7,0.0
2026,9,21,23,13,23:13,359.4,0.0,0.8,2.1,0.0
2026,9,21,23,14,23:14,353.6,0.3,0.8,1.9,0.0
2026,9,21,23,17,23:16,353.2,0.0,0.6,1.6,0.0
2026,9,21,23,18,23:18,354.4,0.0,0.7,1.1,0.0
2026,9,21,23,19,23:19,346.7,0.5,1.5,3.5,0.0
2026,9,21,23,22,23:21,3.6,0.4,1.2,2.4,0.0
2026,9,21,23,23,23:23,354.0,0.0,1.7,2.6,0.0
2026,9,21,23,24,23:24,355.7,1.4,2.2,3.0,0.0
2026,9,21,23,26,23:26,356.1,0.9,1.4,2.4,0.0
2026,9,21,23,28,23:28,346.5,2.0,2.5,2.9,0.0
2026,9,21,23,29,23:29,347.8,0.8,1.6,2.8,0.0
2026,9,21,23,31,23:31,348.8,0.8,2.0,3.1,0.0
2026,9,21,23,33,23:33,349.7,1.7,2.3,2.9,0.0
2026,9,21,23,34,23:34,347.6,2.0,2.6,3.1,0.0
2026,9,21,23,37,23:36,348.3,1.2,2.2,3.0,0.0
2026,9,21,23,38,23:38,358.4,1.1,1.8,3.2,0.0
2026,9,21,23,39,23:39,340.7,1.1,2.1,3.0,0.0
2026,9,21,23,41,23:41,338.6,1.9,2.2,2.7,0.0
2026,9,21,23,43,23:43,345.1,2.0,2.2,2.4,0.0
2026,9,21,23,44,23:44,349.8,0.7,1.7,2.6,0.0
2026,9,21,23,46,23:46,347.8,1.5,2.0,2.4,0.0
2026,9,21,23,48,23:48,342.3,0.8,1.9,2.6,0.0
2026,9,21,23,49,23:49,348.6,1.7,2.2,2.7,0.0
2026,9,21,23,51,23:51,345.2,2.1,2.5,3.0,0.0
2026,9,21,23,53,23:53,338.5,2.3,3.0,3.7,0.0
2026,9,21,23,54,23:54,343.3,2.0,2.4,3.2,0.0
2026,9,21,23,56,23:56,340.7,2.3,2.7,3.1,0.0
2026,9,21,23,58,23:58,343.0,2.1,2.4,2.8,0.0
2026,9,21,23,59,23:59,345.6,2.1,2.4,3.2,0.0
