# Helsinki Laru (dlarah.org Lauttasaari) 2026-10-03 Suomen aikaa — lähteen Laru_2026-276.txt sellaisenaan
# vuosi kk pv kirjoitus-h kirjoitus-min hh:mm suunta min ka max lämpötila (asemalla ei mittaria)
2026,10,3,0,2,00:01,154.8,1.0,0.6,1.2,0.0
2026,10,3,0,3,00:02,154.8,0.0,0.8,1.5,0.0
2026,10,3,0,4,00:03,154.9,0.0,0.3,0.7,0.0
2026,10,3,0,7,00:06,154.3,0.7,1.8,2.7,0.0
2026,10,3,0,8,00:08,162.3,1.3,2.1,2.9,0.0
2026,10,3,0,9,00:09,158.0,1.1,1.8,2.5,0.0
2026,10,3,0,11,00:11,156.2,0.0,0.6,0.9,0.0
2026,10,3,0,13,00:13,156.1,0.9,1.3,1.7,0.0
2026,10,3,0,14,00:14,152.3,0.4,0.7,1.3,0.0
2026,10,3,0,16,00:16,152.3,0.0,0.1,0.5,0.0
2026,10,3,0,18,00:17,155.1,0.0,0.6,1.9,0.0
2026,10,3,0,19,00:18,155.1,0.0,0.4,0.9,0.0
2026,10,3,0,22,00:21,155.1,0.0,0.6,1.1,0.0
2026,10,3,0,23,00:23,155.1,0.0,0.0,0.0,0.0
2026,10,3,0,24,00:24,155.1,0.0,0.6,1.2,0.0
2026,10,3,0,26,00:26,155.1,0.0,0.1,0.3,0.0
2026,10,3,0,28,00:28,155.1,0.0,0.3,0.8,0.0
2026,10,3,0,29,00:29,158.7,0.0,0.7,1.7,0.0
2026,10,3,0,32,00:32,155.2,0.5,0.8,1.4,0.0
2026,10,3,0,33,00:33,157.5,0.0,0.5,1.1,0.0
2026,10,3,0,34,00:34,159.1,0.0,0.4,0.9,0.0
2026,10,3,0,37,00:36,155.2,0.8,1.3,2.2,0.0
2026,10,3,0,38,00:38,146.7,0.0,1.1,2.0,0.0
2026,10,3,0,39,00:39,166.3,0.7,1.3,2.1,0.0
2026,10,3,0,41,00:41,148.0,0.0,0.5,0.7,0.0
2026,10,3,0,43,00:43,149.4,0.0,1.0,1.6,0.0
2026,10,3,0,44,00:44,155.1,0.4,1.0,1.6,0.0
2026,10,3,0,47,00:46,155.1,0.0,0.6,1.3,0.0
2026,10,3,0,48,00:48,155.1,0.0,0.6,0.9,0.0
2026,10,3,0,49,00:49,155.1,0.4,0.7,1.1,0.0
2026,10,3,0,52,00:51,166.7,1.6,2.4,2.9,0.0
2026,10,3,0,53,00:52,155.3,0.8,2.3,3.6,0.0
2026,10,3,0,54,00:54,169.4,1.9,2.6,3.3,0.0
2026,10,3,0,57,00:57,180.5,3.1,3.7,4.4,0.0
2026,10,3,0,58,00:58,176.9,2.9,3.3,3.9,0.0
2026,10,3,0,59,00:59,170.6,2.8,3.2,3.9,0.0
2026,10,3,1,1,01:01,178.3,2.6,2.9,3.2,0.0
2026,10,3,1,3,01:03,177.4,2.6,3.2,3.7,0.0
2026,10,3,1,4,01:04,173.5,2.4,2.8,3.2,0.0
2026,10,3,1,7,01:07,157.9,1.8,2.7,3.5,0.0
2026,10,3,1,8,01:07,161.0,2.6,3.1,3.5,0.0
2026,10,3,1,9,01:08,168.2,2.3,3.2,3.6,0.0
2026,10,3,1,12,01:12,163.2,1.9,2.4,3.0,0.0
2026,10,3,1,13,01:13,165.2,1.8,2.4,2.7,0.0
2026,10,3,1,14,01:14,160.8,1.8,2.3,2.8,0.0
2026,10,3,1,16,01:16,157.4,1.4,2.2,2.7,0.0
2026,10,3,1,18,01:18,160.2,1.9,2.4,2.9,0.0
2026,10,3,1,19,01:19,156.6,1.8,2.6,3.3,0.0
2026,10,3,1,22,01:22,158.6,2.0,2.6,3.4,0.0
2026,10,3,1,23,01:23,162.2,2.6,3.1,3.7,0.0
2026,10,3,1,24,01:24,160.4,2.0,2.8,3.4,0.0
2026,10,3,1,27,01:27,162.4,1.3,1.6,2.0,0.0
2026,10,3,1,28,01:28,167.7,2.2,2.9,3.4,0.0
2026,10,3,1,29,01:29,170.7,2.9,3.2,3.6,0.0
2026,10,3,1,32,01:32,162.5,3.0,3.4,4.0,0.0
2026,10,3,1,33,01:33,164.3,1.9,2.8,3.6,0.0
2026,10,3,1,34,01:34,163.9,2.5,3.0,3.7,0.0
2026,10,3,1,37,01:36,160.6,2.2,2.8,3.6,0.0
2026,10,3,1,38,01:38,160.0,1.9,2.5,3.2,0.0
2026,10,3,1,39,01:39,154.7,1.7,2.1,2.6,0.0
2026,10,3,1,42,01:40,158.7,1.7,2.4,3.0,0.0
2026,10,3,1,43,01:43,159.9,1.6,2.0,2.4,0.0
2026,10,3,1,44,01:44,153.1,1.5,2.0,2.5,0.0
2026,10,3,1,47,01:46,163.0,2.1,2.5,2.9,0.0
2026,10,3,1,48,01:48,129.6,0.0,0.4,1.7,0.0
2026,10,3,1,49,01:49,152.9,1.3,2.1,3.1,0.0
2026,10,3,1,51,01:51,149.9,1.9,2.7,3.3,0.0
2026,10,3,1,53,01:53,165.4,2.4,3.1,3.5,0.0
2026,10,3,1,54,01:54,156.6,1.4,2.1,2.8,0.0
2026,10,3,1,56,01:56,158.2,1.0,2.1,3.3,0.0
2026,10,3,1,58,01:57,168.5,2.8,3.3,3.6,0.0
2026,10,3,1,59,01:59,167.8,2.5,3.2,3.8,0.0
2026,10,3,2,1,02:01,174.8,2.9,3.5,4.3,0.0
2026,10,3,2,3,02:03,177.4,3.1,3.7,4.1,0.0
2026,10,3,2,4,02:04,175.0,2.8,3.0,3.2,0.0
2026,10,3,2,6,02:06,198.7,3.0,3.6,4.2,0.0
2026,10,3,2,8,02:08,193.1,1.9,2.3,2.5,0.0
2026,10,3,2,9,02:09,194.6,1.9,2.2,2.4,0.0
2026,10,3,2,11,02:11,187.7,2.0,2.4,2.9,0.0
2026,10,3,2,13,02:13,174.2,2.2,2.5,2.9,0.0
2026,10,3,2,14,02:14,180.2,2.2,2.5,2.9,0.0
2026,10,3,2,16,02:16,170.4,2.7,3.2,3.4,0.0
2026,10,3,2,18,02:18,169.2,2.4,3.0,3.6,0.0
2026,10,3,2,19,02:19,172.0,2.6,3.0,3.5,0.0
2026,10,3,2,22,02:21,181.8,2.4,2.7,3.0,0.0
2026,10,3,2,23,02:23,189.5,2.6,3.1,3.8,0.0
2026,10,3,2,24,02:24,181.6,2.6,2.9,3.5,0.0
2026,10,3,2,26,02:26,176.3,2.8,3.3,3.7,0.0
2026,10,3,2,28,02:28,174.9,3.2,3.6,4.3,0.0
2026,10,3,2,29,02:29,172.7,3.1,3.7,4.2,0.0
2026,10,3,2,32,02:32,160.9,2.9,3.6,4.3,0.0
2026,10,3,2,33,02:33,150.7,2.7,3.3,3.9,0.0
2026,10,3,2,34,02:34,160.9,1.1,2.4,3.9,0.0
2026,10,3,2,37,02:36,178.5,3.7,4.4,4.9,0.0
2026,10,3,2,38,02:38,185.6,1.9,2.4,3.0,0.0
2026,10,3,2,39,02:39,165.8,1.4,2.3,3.2,0.0
2026,10,3,2,41,02:41,160.3,1.1,1.6,1.9,0.0
2026,10,3,2,43,02:43,169.0,1.1,1.9,2.6,0.0
2026,10,3,2,44,02:44,169.6,1.6,2.2,3.0,0.0
2026,10,3,2,46,02:46,175.9,2.5,3.3,3.9,0.0
2026,10,3,2,48,02:48,168.9,1.9,2.8,3.5,0.0
2026,10,3,2,49,02:49,166.0,3.4,3.9,4.2,0.0
2026,10,3,2,51,02:51,169.2,3.1,3.7,4.0,0.0
2026,10,3,2,53,02:53,172.7,3.0,4.0,4.5,0.0
2026,10,3,2,54,02:54,162.1,3.4,4.2,4.7,0.0
2026,10,3,2,56,02:56,168.8,3.3,4.1,4.6,0.0
2026,10,3,2,58,02:58,173.1,3.1,3.5,3.9,0.0
2026,10,3,2,59,02:59,172.8,3.1,3.8,4.4,0.0
2026,10,3,3,1,03:01,163.8,2.5,3.8,4.2,0.0
2026,10,3,3,3,03:03,157.7,1.7,2.2,2.7,0.0
2026,10,3,3,4,03:04,159.2,1.2,1.6,2.3,0.0
2026,10,3,3,7,03:06,158.1,1.6,2.0,2.2,0.0
2026,10,3,3,8,03:08,159.9,2.3,2.6,2.8,0.0
2026,10,3,3,9,03:09,162.2,1.6,2.1,2.5,0.0
2026,10,3,3,11,03:11,167.8,3.2,3.8,4.2,0.0
2026,10,3,3,13,03:13,183.1,3.0,3.6,4.3,0.0
2026,10,3,3,14,03:14,173.0,3.1,3.3,3.6,0.0
2026,10,3,3,17,03:16,166.7,2.4,2.7,3.0,0.0
2026,10,3,3,18,03:18,162.5,1.9,2.6,3.1,0.0
2026,10,3,3,19,03:19,164.8,2.6,2.8,3.1,0.0
2026,10,3,3,22,03:22,164.0,1.9,2.6,3.2,0.0
2026,10,3,3,23,03:23,166.2,2.4,2.8,3.3,0.0
2026,10,3,3,24,03:24,159.1,2.1,2.7,3.2,0.0
2026,10,3,3,26,03:26,178.9,2.9,3.3,4.4,0.0
2026,10,3,3,28,03:28,172.9,2.4,3.1,3.5,0.0
2026,10,3,3,31,03:31,171.3,2.7,3.0,3.4,0.0
2026,10,3,3,33,03:33,171.8,2.9,3.2,3.4,0.0
2026,10,3,3,34,03:34,165.8,1.7,2.5,3.2,0.0
2026,10,3,3,36,03:36,167.2,0.7,2.3,3.4,0.0
2026,10,3,3,38,03:38,166.9,0.0,0.4,0.7,0.0
2026,10,3,3,39,03:39,160.5,0.5,1.4,2.3,0.0
2026,10,3,3,42,03:42,149.3,0.4,1.2,2.1,0.0
2026,10,3,3,43,03:43,146.9,0.0,0.7,1.8,0.0
2026,10,3,3,44,03:44,151.6,0.0,0.9,2.1,0.0
2026,10,3,3,47,03:47,150.4,1.7,2.8,3.7,0.0
2026,10,3,3,48,03:48,144.8,1.4,2.5,3.2,0.0
2026,10,3,3,49,03:49,158.2,2.1,2.5,2.9,0.0
2026,10,3,3,51,03:51,156.7,2.3,3.0,3.7,0.0
2026,10,3,3,53,03:53,153.2,0.7,2.0,2.9,0.0
2026,10,3,3,54,03:54,164.3,2.1,2.7,3.1,0.0
2026,10,3,3,57,03:56,156.5,2.2,3.1,4.0,0.0
2026,10,3,3,58,03:58,158.7,2.6,3.5,4.4,0.0
2026,10,3,3,59,03:59,165.1,2.2,3.1,3.8,0.0
2026,10,3,4,1,04:01,158.3,1.9,3.0,3.6,0.0
2026,10,3,4,3,04:03,152.7,1.3,1.8,2.4,0.0
2026,10,3,4,4,04:04,156.3,0.5,1.2,1.9,0.0
2026,10,3,4,7,04:07,138.7,0.0,0.0,0.0,0.0
2026,10,3,4,8,04:08,138.7,0.0,0.1,0.4,0.0
2026,10,3,4,9,04:09,139.9,0.0,0.5,1.5,0.0
2026,10,3,4,11,04:11,132.9,0.0,0.2,0.5,0.0
2026,10,3,4,13,04:13,163.2,0.0,0.7,1.4,0.0
2026,10,3,4,14,04:14,163.2,0.0,0.2,0.5,0.0
2026,10,3,4,16,04:16,165.3,1.7,2.2,2.4,0.0
2026,10,3,4,18,04:18,155.7,0.5,1.0,2.1,0.0
2026,10,3,4,19,04:19,157.3,1.0,2.0,3.0,0.0
2026,10,3,4,21,04:21,164.3,0.0,0.4,0.9,0.0
2026,10,3,4,23,04:23,156.2,0.0,1.3,2.1,0.0
2026,10,3,4,24,04:24,161.6,0.4,0.9,1.8,0.0
2026,10,3,4,26,04:26,164.3,0.8,1.2,1.7,0.0
2026,10,3,4,28,04:28,165.6,0.5,0.7,1.5,0.0
2026,10,3,4,29,04:29,165.6,0.0,0.4,1.0,0.0
2026,10,3,4,32,04:32,165.6,0.0,0.0,0.0,0.0
2026,10,3,4,33,04:33,155.7,0.0,1.0,2.0,0.0
2026,10,3,4,34,04:34,150.1,0.6,1.2,2.0,0.0
2026,10,3,4,36,04:36,155.4,0.0,0.7,1.6,0.0
2026,10,3,4,38,04:38,154.2,0.0,0.3,0.5,0.0
2026,10,3,4,39,04:39,169.2,0.0,0.7,1.5,0.0
2026,10,3,4,42,04:42,138.6,0.0,0.2,1.4,0.0
2026,10,3,4,43,04:43,158.7,0.9,1.4,2.1,0.0
2026,10,3,4,44,04:44,166.6,0.0,1.0,2.0,0.0
2026,10,3,4,47,04:46,158.1,0.2,0.8,1.7,0.0
2026,10,3,4,48,04:48,156.3,1.6,2.1,2.6,0.0
2026,10,3,4,51,04:51,163.9,1.5,2.1,2.6,0.0
2026,10,3,4,53,04:53,154.6,0.7,1.4,2.5,0.0
2026,10,3,4,54,04:54,130.3,0.7,0.9,1.9,0.0
2026,10,3,4,56,04:56,144.3,0.7,1.6,2.8,0.0
2026,10,3,4,58,04:58,150.4,0.8,1.7,2.8,0.0
2026,10,3,4,59,04:59,155.7,0.9,1.6,2.2,0.0
2026,10,3,5,1,05:01,150.2,1.0,1.7,2.6,0.0
2026,10,3,5,3,05:03,158.9,0.0,0.9,1.5,0.0
2026,10,3,5,4,05:04,161.4,0.5,1.3,2.1,0.0
2026,10,3,5,6,05:06,143.5,0.0,0.5,1.0,0.0
2026,10,3,5,8,05:08,158.6,0.0,1.5,3.1,0.0
2026,10,3,5,9,05:09,152.7,0.5,1.3,2.1,0.0
2026,10,3,5,11,05:11,156.0,0.5,1.2,2.3,0.0
2026,10,3,5,13,05:13,158.0,0.0,0.6,1.0,0.0
2026,10,3,5,14,05:14,158.0,0.0,0.2,0.8,0.0
2026,10,3,5,16,05:16,167.5,0.0,0.3,0.6,0.0
2026,10,3,5,18,05:18,148.1,0.0,0.9,1.8,0.0
2026,10,3,5,19,05:19,172.2,0.5,1.2,2.4,0.0
2026,10,3,5,22,05:21,146.8,0.5,0.9,1.6,0.0
2026,10,3,5,23,05:23,138.7,0.9,1.7,2.7,0.0
2026,10,3,5,24,05:24,163.1,0.0,0.9,1.9,0.0
2026,10,3,5,27,05:27,149.8,0.0,1.2,2.4,0.0
2026,10,3,5,28,05:28,169.0,0.9,1.9,3.1,0.0
2026,10,3,5,29,05:29,144.2,0.6,1.1,2.2,0.0
2026,10,3,5,31,05:31,144.2,0.5,1.0,2.0,0.0
2026,10,3,5,33,05:33,150.8,0.0,0.3,0.6,0.0
2026,10,3,5,34,05:34,150.8,0.0,0.4,0.6,0.0
2026,10,3,5,37,05:37,176.6,0.0,0.4,0.8,0.0
2026,10,3,5,38,05:38,159.3,0.0,0.4,0.9,0.0
2026,10,3,5,39,05:39,135.0,0.0,0.3,0.7,0.0
2026,10,3,5,42,05:42,162.6,1.5,2.2,2.8,0.0
2026,10,3,5,43,05:43,151.4,1.4,2.1,2.7,0.0
2026,10,3,5,44,05:44,112.7,1.0,0.8,1.9,0.0
2026,10,3,5,46,05:46,168.2,0.0,0.8,1.9,0.0
2026,10,3,5,48,05:48,167.8,0.0,0.8,1.6,0.0
2026,10,3,5,49,05:49,164.9,0.0,0.7,2.2,0.0
2026,10,3,5,51,05:51,137.6,0.0,1.0,2.2,0.0
2026,10,3,5,53,05:53,151.9,0.0,1.6,3.5,0.0
2026,10,3,5,54,05:54,155.0,0.3,0.8,1.8,0.0
2026,10,3,5,56,05:56,143.9,0.0,1.1,2.9,0.0
2026,10,3,5,58,05:58,163.4,0.9,1.3,2.0,0.0
2026,10,3,5,59,05:59,149.4,0.5,1.8,4.2,0.0
2026,10,3,6,2,06:02,149.8,0.7,1.5,2.6,0.0
2026,10,3,6,3,06:03,160.9,0.7,2.1,3.8,0.0
2026,10,3,6,4,06:04,140.0,1.2,2.0,3.1,0.0
2026,10,3,6,7,06:06,164.6,0.0,0.3,0.4,0.0
2026,10,3,6,8,06:08,165.6,0.5,1.5,3.0,0.0
2026,10,3,6,9,06:09,154.7,1.2,2.1,3.6,0.0
2026,10,3,6,11,06:11,146.0,0.5,1.2,2.4,0.0
2026,10,3,6,13,06:13,142.9,0.7,1.7,2.9,0.0
2026,10,3,6,14,06:14,157.7,1.3,1.9,2.9,0.0
2026,10,3,6,16,06:16,162.9,0.6,0.8,1.5,0.0
2026,10,3,6,18,06:18,157.9,1.2,2.4,3.8,0.0
2026,10,3,6,19,06:19,136.8,1.0,1.9,2.9,0.0
2026,10,3,6,22,06:21,156.9,1.1,2.8,4.2,0.0
2026,10,3,6,23,06:23,154.2,1.1,2.8,4.9,0.0
2026,10,3,6,24,06:24,149.0,1.5,2.3,3.8,0.0
2026,10,3,6,26,06:26,131.7,0.0,1.2,2.4,0.0
2026,10,3,6,28,06:28,148.4,0.5,1.5,2.5,0.0
2026,10,3,6,29,06:29,143.7,0.5,1.3,2.8,0.0
2026,10,3,6,32,06:32,137.6,0.5,1.3,2.5,0.0
2026,10,3,6,33,06:33,146.4,0.0,0.3,0.8,0.0
2026,10,3,6,34,06:34,168.3,0.0,0.5,0.7,0.0
2026,10,3,6,37,06:37,134.6,0.0,1.3,3.0,0.0
2026,10,3,6,38,06:38,132.3,0.0,0.5,0.9,0.0
2026,10,3,6,39,06:39,157.2,0.0,0.6,1.3,0.0
2026,10,3,6,41,06:41,150.1,0.7,1.8,2.7,0.0
2026,10,3,6,43,06:43,148.2,0.6,1.4,4.3,0.0
2026,10,3,6,44,06:44,146.3,1.0,1.6,2.7,0.0
2026,10,3,6,46,06:46,131.2,0.5,1.1,2.3,0.0
2026,10,3,6,48,06:48,90.0,0.0,0.6,0.9,0.0
2026,10,3,6,49,06:49,113.8,0.0,0.9,3.3,0.0
2026,10,3,6,52,06:52,135.8,0.0,1.3,2.4,0.0
2026,10,3,6,53,06:53,144.2,0.0,1.4,3.1,0.0
2026,10,3,6,54,06:54,150.2,0.7,1.8,3.8,0.0
2026,10,3,6,57,06:56,147.7,0.5,1.6,2.4,0.0
2026,10,3,6,58,06:58,136.1,0.8,2.2,3.9,0.0
2026,10,3,6,59,06:59,147.6,0.5,1.8,3.3,0.0
2026,10,3,7,2,07:02,136.1,0.0,0.2,0.4,0.0
2026,10,3,7,3,07:03,130.8,0.0,0.6,1.8,0.0
2026,10,3,7,4,07:04,140.1,0.0,0.8,1.9,0.0
2026,10,3,7,6,07:06,157.7,0.4,0.8,1.2,0.0
2026,10,3,7,8,07:08,165.7,0.5,2.1,3.8,0.0
2026,10,3,7,9,07:09,148.9,1.7,2.8,3.9,0.0
2026,10,3,7,11,07:11,149.5,0.6,1.4,2.6,0.0
2026,10,3,7,13,07:13,135.2,0.9,1.6,3.2,0.0
2026,10,3,7,14,07:14,147.1,0.8,1.6,2.4,0.0
2026,10,3,7,16,07:16,152.3,0.4,1.1,2.4,0.0
2026,10,3,7,18,07:18,144.7,0.9,2.0,3.5,0.0
2026,10,3,7,19,07:19,156.1,1.5,2.3,3.5,0.0
2026,10,3,7,21,07:21,144.1,1.1,2.1,3.7,0.0
2026,10,3,7,23,07:23,132.4,0.6,1.6,2.6,0.0
2026,10,3,7,24,07:24,147.8,0.9,1.6,2.9,0.0
2026,10,3,7,26,07:26,172.8,0.5,0.5,1.3,0.0
2026,10,3,7,28,07:28,154.2,0.0,0.7,2.1,0.0
2026,10,3,7,29,07:29,101.0,0.0,0.5,0.9,0.0
2026,10,3,7,32,07:31,157.9,0.5,0.7,2.2,0.0
2026,10,3,7,33,07:33,151.6,0.0,0.0,0.0,0.0
2026,10,3,7,34,07:34,151.6,0.0,0.4,1.1,0.0
2026,10,3,7,36,07:36,160.2,1.1,2.5,3.6,0.0
2026,10,3,7,38,07:38,165.7,1.0,2.1,3.2,0.0
2026,10,3,7,39,07:39,145.4,0.8,2.3,3.3,0.0
2026,10,3,7,41,07:41,150.4,0.0,1.2,2.4,0.0
2026,10,3,7,43,07:43,137.8,0.3,1.2,3.7,0.0
2026,10,3,7,44,07:44,142.2,0.0,1.1,2.8,0.0
2026,10,3,7,46,07:46,168.5,0.0,0.8,2.2,0.0
2026,10,3,7,48,07:48,152.9,1.0,2.0,3.0,0.0
2026,10,3,7,49,07:49,164.2,1.0,2.3,3.4,0.0
2026,10,3,7,51,07:51,147.2,1.4,2.2,3.2,0.0
2026,10,3,7,53,07:53,156.4,0.5,1.1,2.1,0.0
2026,10,3,7,54,07:54,157.7,0.8,1.3,2.0,0.0
2026,10,3,7,57,07:55,158.8,0.6,1.2,1.8,0.0
2026,10,3,7,58,07:58,142.6,0.0,0.5,1.0,0.0
2026,10,3,8,1,08:01,125.8,0.6,1.2,2.1,0.0
2026,10,3,8,3,08:03,128.6,0.0,0.3,0.5,0.0
2026,10,3,8,4,08:04,128.6,0.0,0.2,0.4,0.0
2026,10,3,8,6,08:06,128.6,0.0,0.1,0.1,0.0
2026,10,3,8,8,08:08,139.7,0.0,0.8,1.4,0.0
2026,10,3,8,9,08:09,139.1,0.5,1.8,3.7,0.0
2026,10,3,8,12,08:12,167.3,0.0,0.4,1.0,0.0
2026,10,3,8,13,08:13,154.1,0.7,1.3,2.2,0.0
2026,10,3,8,14,08:14,154.9,0.8,1.7,2.8,0.0
2026,10,3,8,16,08:16,120.5,0.0,0.0,0.0,0.0
2026,10,3,8,18,08:18,182.5,0.0,0.5,0.9,0.0
2026,10,3,8,19,08:19,112.3,0.5,0.7,1.4,0.0
2026,10,3,8,21,08:21,133.6,0.0,0.4,0.6,0.0
2026,10,3,8,23,08:23,144.6,0.0,0.9,2.3,0.0
2026,10,3,8,24,08:24,161.7,0.6,1.3,2.5,0.0
2026,10,3,8,26,08:26,166.8,2.0,2.6,3.7,0.0
2026,10,3,8,28,08:28,142.4,0.0,0.4,1.1,0.0
2026,10,3,8,29,08:29,142.8,0.0,0.9,2.0,0.0
2026,10,3,8,32,08:32,140.4,1.1,1.9,2.8,0.0
2026,10,3,8,33,08:33,137.8,0.8,0.6,1.7,0.0
2026,10,3,8,34,08:34,139.0,0.0,0.2,0.3,0.0
2026,10,3,8,37,08:36,156.4,0.0,1.2,2.9,0.0
2026,10,3,8,38,08:38,151.2,1.1,2.6,3.9,0.0
2026,10,3,8,39,08:39,143.1,1.5,2.1,3.1,0.0
2026,10,3,8,41,08:41,160.1,1.0,0.8,1.8,0.0
2026,10,3,8,43,08:43,154.3,0.9,1.3,1.8,0.0
2026,10,3,8,44,08:44,152.2,1.3,1.6,2.0,0.0
2026,10,3,8,47,08:46,159.8,2.5,3.0,3.6,0.0
2026,10,3,8,48,08:48,157.8,1.7,2.8,3.7,0.0
2026,10,3,8,49,08:49,163.8,2.6,3.4,4.4,0.0
2026,10,3,8,51,08:51,147.3,0.5,2.0,3.2,0.0
2026,10,3,8,53,08:53,156.1,1.3,2.1,3.4,0.0
2026,10,3,8,54,08:54,160.4,0.0,0.5,1.8,0.0
2026,10,3,8,56,08:56,150.7,0.0,0.8,1.7,0.0
2026,10,3,8,58,08:58,162.3,0.4,1.2,2.7,0.0
2026,10,3,9,1,09:01,146.9,0.7,1.3,2.2,0.0
2026,10,3,9,3,09:03,146.4,0.0,0.0,0.0,0.0
2026,10,3,9,4,09:04,110.4,0.0,0.7,2.0,0.0
2026,10,3,9,7,09:07,156.4,0.0,1.0,2.5,0.0
2026,10,3,9,8,09:08,154.1,0.4,0.7,1.2,0.0
2026,10,3,9,9,09:09,161.3,0.3,1.4,2.7,0.0
2026,10,3,9,12,09:12,147.8,0.5,1.1,1.8,0.0
2026,10,3,9,13,09:13,152.7,0.9,1.6,2.5,0.0
2026,10,3,9,14,09:14,162.1,0.4,1.0,2.3,0.0
2026,10,3,9,16,09:16,159.5,0.4,0.6,1.0,0.0
2026,10,3,9,18,09:18,156.0,0.0,1.5,3.1,0.0
2026,10,3,9,19,09:19,166.3,0.5,1.2,2.4,0.0
2026,10,3,9,22,09:22,156.9,1.2,2.0,3.0,0.0
2026,10,3,9,23,09:23,164.3,1.0,2.5,3.1,0.0
2026,10,3,9,24,09:24,157.0,1.8,2.8,3.6,0.0
2026,10,3,9,26,09:26,137.8,0.4,1.6,2.5,0.0
2026,10,3,9,28,09:28,159.0,0.4,1.0,3.0,0.0
2026,10,3,9,32,09:32,156.5,1.8,2.6,3.4,0.0
2026,10,3,9,33,09:33,157.6,1.9,2.5,3.7,0.0
2026,10,3,9,34,09:34,164.0,1.4,2.4,3.5,0.0
2026,10,3,9,37,09:36,163.6,0.8,1.5,2.3,0.0
2026,10,3,9,38,09:38,166.7,3.1,3.7,4.6,0.0
2026,10,3,9,41,09:41,151.7,0.0,2.1,3.7,0.0
2026,10,3,9,43,09:43,158.1,0.0,1.3,2.4,0.0
2026,10,3,9,44,09:44,158.8,0.5,1.6,2.3,0.0
2026,10,3,9,46,09:46,170.8,1.1,1.9,2.8,0.0
2026,10,3,9,48,09:48,158.4,1.7,2.1,2.5,0.0
2026,10,3,9,49,09:49,162.9,1.8,2.4,2.8,0.0
2026,10,3,9,51,09:51,163.9,1.4,2.2,2.7,0.0
2026,10,3,9,53,09:53,146.4,0.4,1.2,2.3,0.0
2026,10,3,9,54,09:54,166.5,1.4,2.3,3.2,0.0
2026,10,3,9,56,09:56,159.2,1.0,2.2,3.1,0.0
2026,10,3,9,58,09:58,167.3,1.7,3.0,4.1,0.0
2026,10,3,9,59,09:59,159.0,1.5,2.2,2.8,0.0
2026,10,3,10,2,10:02,169.2,1.8,2.6,3.0,0.0
2026,10,3,10,3,10:03,162.1,1.5,2.4,3.2,0.0
2026,10,3,10,4,10:04,156.0,0.9,2.1,3.1,0.0
2026,10,3,10,7,10:07,147.6,1.6,2.4,3.3,0.0
2026,10,3,10,8,10:08,150.2,1.1,1.7,2.9,0.0
2026,10,3,10,9,10:09,153.3,0.9,2.1,3.1,0.0
2026,10,3,10,11,10:11,132.4,0.0,0.8,1.5,0.0
2026,10,3,10,13,10:13,153.3,1.3,2.0,2.6,0.0
2026,10,3,10,14,10:14,163.6,1.5,3.1,4.1,0.0
2026,10,3,10,17,10:17,181.1,3.2,3.7,4.2,0.0
2026,10,3,10,18,10:18,169.6,2.4,3.7,4.6,0.0
2026,10,3,10,19,10:19,155.2,2.1,2.8,3.9,0.0
2026,10,3,10,22,10:21,156.0,0.0,1.6,2.3,0.0
2026,10,3,10,23,10:23,151.3,1.6,2.6,3.5,0.0
2026,10,3,10,24,10:24,159.1,1.7,2.3,2.8,0.0
2026,10,3,10,26,10:26,160.0,0.7,1.1,1.4,0.0
2026,10,3,10,28,10:28,155.9,0.6,0.8,1.9,0.0
2026,10,3,10,29,10:29,156.0,0.0,0.5,1.2,0.0
2026,10,3,10,31,10:31,166.9,0.9,1.7,2.7,0.0
2026,10,3,10,33,10:33,152.5,2.5,3.8,4.9,0.0
2026,10,3,10,34,10:34,156.6,2.3,3.2,3.9,0.0
2026,10,3,10,36,10:36,151.2,0.9,2.0,3.0,0.0
2026,10,3,10,38,10:38,145.0,0.0,0.5,2.4,0.0
2026,10,3,10,39,10:39,146.1,0.4,1.2,2.4,0.0
2026,10,3,10,42,10:42,146.9,0.5,1.1,1.7,0.0
2026,10,3,10,43,10:43,141.4,0.0,0.9,2.3,0.0
2026,10,3,10,44,10:44,153.8,0.6,1.1,1.5,0.0
2026,10,3,10,47,10:46,126.1,0.0,0.7,1.3,0.0
2026,10,3,10,48,10:48,146.0,0.0,0.5,1.1,0.0
2026,10,3,10,49,10:49,133.0,0.0,0.6,1.1,0.0
2026,10,3,10,51,10:51,154.5,0.8,1.5,2.4,0.0
2026,10,3,10,53,10:53,156.1,2.2,3.6,4.3,0.0
2026,10,3,10,54,10:54,156.8,1.2,2.9,4.5,0.0
2026,10,3,10,56,10:56,163.5,2.2,3.3,4.4,0.0
2026,10,3,10,58,10:58,166.1,2.7,3.6,4.5,0.0
2026,10,3,10,59,10:59,160.4,1.8,2.8,4.1,0.0
2026,10,3,11,2,11:02,147.0,0.5,1.4,2.5,0.0
2026,10,3,11,3,11:03,154.2,0.7,1.7,2.5,0.0
2026,10,3,11,4,11:04,156.8,1.0,1.7,2.4,0.0
2026,10,3,11,7,11:07,157.5,1.2,2.2,3.2,0.0
2026,10,3,11,8,11:08,177.8,2.1,2.9,4.1,0.0
2026,10,3,11,9,11:09,175.4,2.3,2.9,3.6,0.0
2026,10,3,11,11,11:11,166.5,1.9,2.9,3.3,0.0
2026,10,3,11,13,11:13,152.2,1.5,2.4,3.2,0.0
2026,10,3,11,14,11:14,160.2,1.7,2.4,3.1,0.0
2026,10,3,11,16,11:16,167.4,2.8,3.6,4.2,0.0
2026,10,3,11,18,11:18,179.0,2.4,2.7,3.1,0.0
2026,10,3,11,19,11:19,186.8,2.7,3.0,3.3,0.0
2026,10,3,11,22,11:21,192.5,2.1,2.4,2.8,0.0
2026,10,3,11,23,11:23,155.0,2.2,2.7,3.6,0.0
2026,10,3,11,24,11:24,161.0,1.4,2.0,2.6,0.0
2026,10,3,11,26,11:26,180.7,2.4,3.1,3.7,0.0
2026,10,3,11,28,11:28,174.4,2.8,3.3,3.9,0.0
2026,10,3,11,29,11:29,171.5,3.1,4.0,4.6,0.0
2026,10,3,11,31,11:31,179.7,3.6,4.2,4.8,0.0
2026,10,3,11,33,11:33,198.5,2.6,3.3,3.9,0.0
2026,10,3,11,34,11:34,196.1,2.6,2.9,3.4,0.0
2026,10,3,11,36,11:36,196.5,2.3,2.8,3.2,0.0
2026,10,3,11,38,11:38,187.5,2.6,2.8,3.1,0.0
2026,10,3,11,41,11:41,168.7,2.0,3.1,3.6,0.0
2026,10,3,11,43,11:43,168.3,3.1,3.7,4.2,0.0
2026,10,3,11,44,11:44,160.7,2.8,3.5,4.2,0.0
2026,10,3,11,47,11:46,165.9,2.2,2.9,3.6,0.0
2026,10,3,11,48,11:48,175.3,2.4,3.0,3.9,0.0
2026,10,3,11,49,11:49,175.1,2.2,2.5,2.8,0.0
2026,10,3,11,51,11:51,163.5,1.4,1.8,2.1,0.0
2026,10,3,11,53,11:53,163.9,1.0,1.5,1.7,0.0
2026,10,3,11,54,11:54,163.9,1.3,1.5,1.7,0.0
2026,10,3,11,56,11:56,176.3,1.5,1.9,2.4,0.0
2026,10,3,11,58,11:58,187.7,1.2,1.6,2.3,0.0
2026,10,3,11,59,11:59,180.4,1.6,2.4,3.0,0.0
2026,10,3,12,2,12:02,172.4,2.0,2.9,3.2,0.0
2026,10,3,12,3,12:03,158.7,2.2,2.8,3.3,0.0
2026,10,3,12,4,12:04,154.7,2.1,2.5,2.9,0.0
2026,10,3,12,7,12:07,162.4,1.4,2.2,2.7,0.0
2026,10,3,12,8,12:08,159.4,1.4,2.1,2.6,0.0
2026,10,3,12,9,12:09,157.0,2.1,2.5,2.9,0.0
2026,10,3,12,12,12:12,168.4,1.5,2.1,2.5,0.0
2026,10,3,12,13,12:13,179.5,1.7,2.1,2.3,0.0
2026,10,3,12,14,12:14,177.8,1.7,1.8,1.9,0.0
2026,10,3,12,17,12:17,177.8,1.4,1.5,1.6,0.0
2026,10,3,12,18,12:18,171.0,1.4,1.7,2.1,0.0
2026,10,3,12,19,12:19,158.1,1.5,1.8,2.1,0.0
2026,10,3,12,21,12:21,160.4,1.4,1.8,2.2,0.0
2026,10,3,12,23,12:23,160.4,1.3,1.7,2.0,0.0
2026,10,3,12,24,12:24,160.4,1.0,1.6,1.8,0.0
2026,10,3,12,27,12:26,160.4,0.9,1.2,1.4,0.0
2026,10,3,12,28,12:28,160.3,0.6,1.1,1.4,0.0
2026,10,3,12,31,12:31,217.5,1.3,1.7,1.9,0.0
2026,10,3,12,33,12:33,201.2,1.2,1.5,1.7,0.0
2026,10,3,12,34,12:34,168.6,1.5,2.0,2.4,0.0
2026,10,3,12,37,12:37,182.5,1.9,2.2,2.8,0.0
2026,10,3,12,38,12:38,167.3,1.8,2.6,3.1,0.0
2026,10,3,12,41,12:41,187.9,2.1,2.3,2.7,0.0
2026,10,3,12,43,12:43,185.4,1.8,2.2,2.5,0.0
2026,10,3,12,44,12:44,186.2,1.9,2.0,2.3,0.0
2026,10,3,12,47,12:47,174.0,1.2,1.5,1.8,0.0
2026,10,3,12,48,12:48,174.0,1.3,1.6,1.7,0.0
2026,10,3,12,52,12:51,166.8,1.8,2.0,2.4,0.0
2026,10,3,12,53,12:53,166.8,1.6,1.9,2.1,0.0
2026,10,3,12,54,12:54,177.3,1.8,2.2,2.4,0.0
2026,10,3,12,57,12:57,153.3,1.7,1.9,2.2,0.0
2026,10,3,12,58,12:58,167.3,1.6,1.9,2.0,0.0
2026,10,3,13,1,13:01,170.2,2.0,2.4,2.8,0.0
2026,10,3,13,3,13:03,164.6,2.2,2.4,2.6,0.0
2026,10,3,13,4,13:04,162.5,1.7,2.2,2.6,0.0
2026,10,3,13,6,13:06,157.8,2.2,2.6,2.9,0.0
2026,10,3,13,8,13:08,160.4,1.7,2.0,2.4,0.0
2026,10,3,13,9,13:09,165.4,1.5,2.3,3.1,0.0
2026,10,3,13,12,13:11,162.0,1.7,2.4,3.4,0.0
2026,10,3,13,13,13:13,199.7,2.9,3.3,3.8,0.0
2026,10,3,13,14,13:14,200.6,3.2,3.8,4.5,0.0
2026,10,3,13,16,13:16,193.7,2.9,3.6,4.3,0.0
2026,10,3,13,18,13:18,183.2,3.0,3.5,3.8,0.0
2026,10,3,13,19,13:19,186.2,2.8,3.1,3.4,0.0
2026,10,3,13,21,13:21,194.1,2.8,3.2,3.8,0.0
2026,10,3,13,23,13:23,197.6,2.6,3.0,3.2,0.0
2026,10,3,13,24,13:24,201.8,2.6,2.9,3.3,0.0
2026,10,3,13,26,13:26,178.5,2.7,3.1,4.0,0.0
2026,10,3,13,28,13:28,168.8,3.3,3.6,3.9,0.0
2026,10,3,13,29,13:29,167.3,3.2,4.0,4.4,0.0
2026,10,3,13,32,13:32,162.9,2.4,2.8,3.2,0.0
2026,10,3,13,33,13:33,162.0,2.1,2.8,3.3,0.0
2026,10,3,13,34,13:34,158.6,2.4,2.9,3.5,0.0
2026,10,3,13,37,13:37,157.8,2.5,3.2,4.5,0.0
2026,10,3,13,38,13:38,164.8,2.6,3.3,4.2,0.0
2026,10,3,13,39,13:39,170.8,2.8,3.7,4.3,0.0
2026,10,3,13,41,13:41,168.1,3.1,3.5,3.9,0.0
2026,10,3,13,43,13:43,176.8,2.8,3.4,3.9,0.0
2026,10,3,13,44,13:44,170.6,3.3,3.7,4.0,0.0
2026,10,3,13,47,13:46,165.4,3.5,4.0,4.4,0.0
2026,10,3,13,48,13:48,169.0,3.2,3.5,3.8,0.0
2026,10,3,13,49,13:49,173.5,2.8,3.2,3.5,0.0
2026,10,3,13,51,13:51,167.8,2.4,2.9,3.3,0.0
2026,10,3,13,53,13:53,165.9,2.2,2.8,3.3,0.0
2026,10,3,13,54,13:54,161.9,2.7,3.0,3.3,0.0
2026,10,3,13,56,13:56,160.9,2.8,3.2,3.7,0.0
2026,10,3,13,58,13:58,166.6,3.3,3.7,4.0,0.0
2026,10,3,13,59,13:59,169.5,3.3,3.8,4.3,0.0
2026,10,3,14,1,14:01,164.5,2.9,3.5,3.9,0.0
2026,10,3,14,3,14:03,160.4,2.5,3.2,3.6,0.0
2026,10,3,14,4,14:04,166.6,2.3,3.2,3.7,0.0
2026,10,3,14,6,14:06,158.4,2.2,3.2,3.9,0.0
2026,10,3,14,8,14:08,168.9,3.5,3.8,4.0,0.0
2026,10,3,14,9,14:09,168.0,2.6,3.5,3.9,0.0
2026,10,3,14,11,14:11,164.0,1.8,3.1,4.0,0.0
2026,10,3,14,13,14:13,167.4,3.4,3.9,4.5,0.0
2026,10,3,14,14,14:14,163.3,2.3,3.5,4.4,0.0
2026,10,3,14,16,14:16,161.9,2.7,3.5,4.1,0.0
2026,10,3,14,18,14:18,173.0,3.5,4.1,4.6,0.0
2026,10,3,14,19,14:19,177.5,3.4,3.8,4.1,0.0
2026,10,3,14,21,14:21,166.9,3.7,4.0,4.2,0.0
2026,10,3,14,23,14:23,169.0,3.4,4.1,5.1,0.0
2026,10,3,14,24,14:24,179.4,3.4,3.7,4.3,0.0
2026,10,3,14,27,14:26,177.3,3.7,4.3,4.9,0.0
2026,10,3,14,28,14:28,178.8,3.2,3.7,4.0,0.0
2026,10,3,14,29,14:29,183.8,3.0,3.3,3.6,0.0
2026,10,3,14,31,14:31,169.3,3.2,3.6,3.9,0.0
2026,10,3,14,33,14:33,168.3,3.8,4.3,4.6,0.0
2026,10,3,14,34,14:34,167.8,2.7,3.8,4.2,0.0
2026,10,3,14,37,14:37,170.7,3.1,3.4,3.9,0.0
2026,10,3,14,38,14:38,168.6,3.1,3.9,4.9,0.0
2026,10,3,14,39,14:39,174.9,3.1,3.7,4.2,0.0
2026,10,3,14,41,14:41,172.0,3.6,4.0,4.6,0.0
2026,10,3,14,43,14:43,179.6,3.3,3.8,4.1,0.0
2026,10,3,14,44,14:44,172.0,2.7,3.2,3.7,0.0
2026,10,3,14,47,14:46,183.6,3.1,3.5,4.2,0.0
2026,10,3,14,48,14:48,168.0,3.3,4.0,4.7,0.0
2026,10,3,14,49,14:49,166.1,2.9,3.6,4.1,0.0
2026,10,3,14,51,14:51,174.9,3.2,3.7,4.0,0.0
2026,10,3,14,53,14:53,180.7,3.2,3.9,4.6,0.0
2026,10,3,14,54,14:54,184.8,3.7,4.1,4.4,0.0
2026,10,3,14,56,14:56,179.0,4.0,4.3,4.9,0.0
2026,10,3,14,58,14:58,175.7,3.8,4.2,4.7,0.0
2026,10,3,14,59,14:59,171.5,3.3,4.1,4.7,0.0
2026,10,3,15,2,15:02,195.7,4.2,4.7,5.1,0.0
2026,10,3,15,3,15:03,198.2,4.1,4.6,5.1,0.0
2026,10,3,15,4,15:04,194.2,4.2,4.8,5.3,0.0
2026,10,3,15,6,15:06,200.2,4.3,4.8,5.4,0.0
2026,10,3,15,8,15:08,200.0,3.5,4.2,4.7,0.0
2026,10,3,15,11,15:11,186.1,3.6,4.1,4.6,0.0
2026,10,3,15,13,15:13,183.7,3.6,4.1,4.5,0.0
2026,10,3,15,14,15:14,179.9,3.7,4.1,4.6,0.0
2026,10,3,15,16,15:16,185.0,3.8,4.4,4.8,0.0
2026,10,3,15,18,15:18,178.9,4.3,4.6,4.9,0.0
2026,10,3,15,19,15:19,175.9,4.1,4.6,5.1,0.0
2026,10,3,15,21,15:21,184.9,3.3,3.9,4.5,0.0
2026,10,3,15,23,15:23,186.3,3.0,3.7,4.5,0.0
2026,10,3,15,24,15:24,178.1,3.8,4.3,4.8,0.0
2026,10,3,15,26,15:26,174.4,3.8,4.3,4.8,0.0
2026,10,3,15,28,15:28,183.1,3.4,3.8,4.1,0.0
2026,10,3,15,31,15:31,178.0,2.9,3.8,4.7,0.0
2026,10,3,15,33,15:33,175.0,3.8,4.1,4.7,0.0
2026,10,3,15,34,15:34,187.0,3.3,3.8,4.2,0.0
2026,10,3,15,37,15:37,174.8,3.6,4.6,5.7,0.0
2026,10,3,15,38,15:38,174.7,3.8,4.4,5.1,0.0
2026,10,3,15,41,15:41,176.0,4.0,4.6,5.1,0.0
2026,10,3,15,43,15:43,175.2,4.6,5.1,5.7,0.0
2026,10,3,15,44,15:44,169.1,4.1,4.9,5.4,0.0
2026,10,3,15,46,15:46,177.5,3.3,3.9,4.4,0.0
2026,10,3,15,48,15:48,180.8,3.8,4.2,4.8,0.0
2026,10,3,15,49,15:49,175.8,3.4,4.0,4.9,0.0
2026,10,3,15,52,15:51,169.7,3.6,4.3,5.0,0.0
2026,10,3,15,53,15:53,163.4,2.4,3.4,4.0,0.0
2026,10,3,15,54,15:54,169.0,3.1,3.7,4.1,0.0
2026,10,3,15,57,15:57,173.4,2.8,3.3,3.6,0.0
2026,10,3,15,58,15:58,168.9,3.0,3.7,4.4,0.0
2026,10,3,16,1,16:01,174.7,3.8,4.1,4.4,0.0
2026,10,3,16,3,16:03,175.1,3.2,3.5,3.8,0.0
2026,10,3,16,4,16:04,173.0,3.2,3.9,4.3,0.0
2026,10,3,16,6,16:06,177.5,3.4,3.7,4.4,0.0
2026,10,3,16,8,16:08,175.6,3.3,3.7,4.2,0.0
2026,10,3,16,11,16:11,174.7,3.6,4.0,4.3,0.0
2026,10,3,16,13,16:13,181.8,3.4,3.7,4.1,0.0
2026,10,3,16,14,16:14,174.6,3.0,3.6,4.1,0.0
2026,10,3,16,16,16:16,187.4,3.4,3.8,4.3,0.0
2026,10,3,16,18,16:18,179.9,3.1,3.5,4.0,0.0
2026,10,3,16,19,16:19,185.5,2.8,3.3,3.9,0.0
2026,10,3,16,21,16:21,177.7,3.1,3.5,3.8,0.0
2026,10,3,16,23,16:23,185.4,3.6,3.9,4.3,0.0
2026,10,3,16,24,16:24,183.9,3.3,3.7,4.2,0.0
2026,10,3,16,26,16:26,181.9,3.7,4.2,4.7,0.0
2026,10,3,16,28,16:28,184.1,3.4,4.3,4.7,0.0
2026,10,3,16,29,16:29,184.6,3.6,4.1,4.5,0.0
2026,10,3,16,32,16:31,183.7,3.7,4.2,4.8,0.0
2026,10,3,16,33,16:33,187.3,3.6,4.3,5.2,0.0
2026,10,3,16,34,16:34,186.8,3.7,4.1,4.6,0.0
2026,10,3,16,36,16:36,182.9,3.2,4.5,5.6,0.0
2026,10,3,16,38,16:38,194.2,4.3,4.9,5.3,0.0
2026,10,3,16,39,16:39,196.2,3.8,4.5,5.0,0.0
2026,10,3,16,42,16:41,190.9,3.5,4.1,4.7,0.0
2026,10,3,16,43,16:43,192.2,4.2,4.6,5.1,0.0
2026,10,3,16,44,16:44,189.5,4.0,4.6,5.0,0.0
2026,10,3,16,46,16:46,193.0,3.9,4.6,5.2,0.0
2026,10,3,16,48,16:48,191.4,3.5,4.0,4.4,0.0
2026,10,3,16,49,16:49,178.1,3.6,4.2,4.7,0.0
2026,10,3,16,52,16:52,184.1,3.8,4.3,4.8,0.0
2026,10,3,16,53,16:53,187.9,4.1,4.7,5.3,0.0
2026,10,3,16,54,16:54,187.9,4.0,4.8,5.4,0.0
2026,10,3,16,57,16:57,181.7,4.3,5.0,5.9,0.0
2026,10,3,16,58,16:58,185.2,4.1,4.6,5.2,0.0
2026,10,3,16,59,16:59,180.9,3.9,4.3,4.8,0.0
2026,10,3,17,2,17:02,186.6,3.7,4.1,4.5,0.0
2026,10,3,17,3,17:03,190.8,3.6,4.0,4.5,0.0
2026,10,3,17,4,17:04,186.8,3.2,3.7,4.2,0.0
2026,10,3,17,7,17:07,193.3,3.4,4.1,4.7,0.0
2026,10,3,17,8,17:08,197.3,3.3,3.8,4.2,0.0
2026,10,3,17,11,17:11,196.5,3.2,3.8,4.1,0.0
2026,10,3,17,13,17:13,192.5,3.7,4.1,4.6,0.0
2026,10,3,17,14,17:14,192.9,3.5,4.1,4.6,0.0
2026,10,3,17,16,17:16,194.1,3.4,3.8,4.3,0.0
2026,10,3,17,18,17:18,192.7,3.7,4.2,4.5,0.0
2026,10,3,17,22,17:21,192.7,3.2,3.7,4.3,0.0
2026,10,3,17,23,17:23,199.4,3.1,3.6,4.8,0.0
2026,10,3,17,24,17:24,193.7,3.4,3.8,4.2,0.0
2026,10,3,17,27,17:27,196.6,3.3,3.7,4.4,0.0
2026,10,3,17,28,17:28,205.4,2.8,3.2,3.6,0.0
2026,10,3,17,29,17:29,209.6,2.7,3.1,3.5,0.0
2026,10,3,17,31,17:31,209.6,2.2,2.7,3.3,0.0
2026,10,3,17,33,17:33,211.7,2.4,2.8,3.2,0.0
2026,10,3,17,34,17:34,210.7,2.4,3.0,3.5,0.0
2026,10,3,17,37,17:37,208.0,2.7,3.1,3.4,0.0
2026,10,3,17,38,17:38,202.7,2.7,3.0,3.2,0.0
2026,10,3,17,39,17:39,207.7,2.3,2.7,3.1,0.0
2026,10,3,17,42,17:41,211.7,2.1,2.4,3.1,0.0
2026,10,3,17,43,17:43,201.1,2.0,2.3,2.6,0.0
2026,10,3,17,44,17:44,201.1,2.1,2.3,2.5,0.0
2026,10,3,17,46,17:46,201.1,1.8,2.1,2.3,0.0
2026,10,3,17,48,17:48,201.1,1.8,2.1,2.3,0.0
2026,10,3,17,49,17:49,194.8,2.2,2.4,2.8,0.0
2026,10,3,17,51,17:51,191.8,2.6,2.7,2.9,0.0
2026,10,3,17,53,17:53,191.8,2.3,2.5,2.7,0.0
2026,10,3,17,54,17:54,194.3,2.3,2.5,2.9,0.0
2026,10,3,17,56,17:56,195.9,2.4,2.6,2.8,0.0
2026,10,3,17,58,17:58,193.2,2.7,3.0,3.1,0.0
2026,10,3,17,59,17:59,194.3,2.5,2.9,3.2,0.0
2026,10,3,18,1,18:01,197.8,2.9,3.1,3.3,0.0
2026,10,3,18,3,18:03,199.7,2.7,3.0,3.3,0.0
2026,10,3,18,4,18:04,201.0,2.5,2.8,3.1,0.0
2026,10,3,18,6,18:06,204.8,2.2,2.5,2.9,0.0
2026,10,3,18,8,18:08,205.2,2.4,2.9,3.4,0.0
2026,10,3,18,11,18:11,202.7,2.1,2.2,2.5,0.0
2026,10,3,18,13,18:13,201.7,2.5,2.8,3.2,0.0
2026,10,3,18,14,18:14,201.8,2.6,2.9,3.1,0.0
2026,10,3,18,16,18:16,197.6,2.0,2.3,2.6,0.0
2026,10,3,18,18,18:18,193.7,2.0,2.3,2.5,0.0
2026,10,3,18,21,18:21,190.2,1.9,2.2,2.6,0.0
2026,10,3,18,23,18:23,191.0,2.2,2.4,2.7,0.0
2026,10,3,18,24,18:24,190.0,2.1,2.3,2.4,0.0
2026,10,3,18,26,18:26,192.2,2.2,2.7,3.3,0.0
2026,10,3,18,28,18:28,196.0,3.0,3.3,3.6,0.0
2026,10,3,18,29,18:29,196.1,2.7,3.0,3.2,0.0
2026,10,3,18,31,18:31,196.3,2.9,3.5,3.9,0.0
2026,10,3,18,33,18:33,199.0,3.1,3.4,3.7,0.0
2026,10,3,18,34,18:34,194.9,2.8,3.2,3.7,0.0
2026,10,3,18,36,18:36,197.3,2.2,2.7,3.0,0.0
2026,10,3,18,38,18:38,198.2,2.7,3.0,3.3,0.0
2026,10,3,18,42,18:42,198.3,1.9,2.1,2.4,0.0
2026,10,3,18,43,18:43,194.9,2.1,2.4,2.6,0.0
2026,10,3,18,44,18:44,191.3,2.0,2.4,2.7,0.0
2026,10,3,18,46,18:46,191.4,2.3,3.0,3.4,0.0
2026,10,3,18,48,18:48,195.5,2.9,3.2,3.8,0.0
2026,10,3,18,49,18:49,196.6,2.2,2.8,3.4,0.0
2026,10,3,18,51,18:51,203.7,2.2,2.5,2.9,0.0
2026,10,3,18,53,18:53,201.8,2.4,2.6,2.9,0.0
2026,10,3,18,54,18:54,201.5,2.3,3.0,3.3,0.0
2026,10,3,18,57,18:56,206.0,2.4,2.7,3.1,0.0
2026,10,3,18,58,18:58,209.0,2.6,3.0,3.5,0.0
2026,10,3,18,59,18:59,207.8,2.7,3.1,3.7,0.0
2026,10,3,19,2,19:01,208.7,2.6,3.1,3.3,0.0
2026,10,3,19,3,19:03,209.7,2.2,2.5,2.9,0.0
2026,10,3,19,4,19:03,209.7,2.2,2.5,2.9,0.0
2026,10,3,19,7,19:07,215.1,2.2,2.4,2.6,0.0
2026,10,3,19,8,19:08,213.3,2.0,2.2,2.5,0.0
2026,10,3,19,9,19:09,213.4,2.0,2.2,2.4,0.0
2026,10,3,19,11,19:11,212.9,1.9,2.2,2.5,0.0
2026,10,3,19,13,19:13,224.5,1.6,1.9,2.4,0.0
2026,10,3,19,14,19:14,222.2,1.8,2.3,2.9,0.0
2026,10,3,19,16,19:16,223.1,2.1,2.7,3.3,0.0
2026,10,3,19,18,19:18,215.7,2.3,2.8,3.4,0.0
2026,10,3,19,19,19:19,219.2,2.4,3.1,3.7,0.0
2026,10,3,19,22,19:22,216.9,2.6,3.4,4.0,0.0
2026,10,3,19,23,19:23,217.1,2.9,3.5,3.9,0.0
2026,10,3,19,24,19:24,211.6,3.0,3.4,4.1,0.0
2026,10,3,19,27,19:26,211.5,3.2,3.7,4.3,0.0
2026,10,3,19,28,19:28,214.1,2.9,3.5,3.9,0.0
2026,10,3,19,29,19:29,219.1,3.0,3.7,4.2,0.0
2026,10,3,19,31,19:31,217.2,3.0,3.6,4.2,0.0
2026,10,3,19,33,19:33,220.8,3.3,4.0,4.7,0.0
2026,10,3,19,34,19:34,223.9,3.4,3.9,4.4,0.0
2026,10,3,19,36,19:36,220.4,3.3,4.0,4.5,0.0
2026,10,3,19,38,19:38,225.1,2.9,3.4,4.4,0.0
2026,10,3,19,39,19:39,227.6,3.1,4.0,4.9,0.0
2026,10,3,19,41,19:41,226.2,3.2,3.9,4.7,0.0
2026,10,3,19,43,19:43,221.9,2.8,3.6,4.4,0.0
2026,10,3,19,44,19:44,233.6,2.9,3.8,4.8,0.0
2026,10,3,19,46,19:46,232.0,2.5,3.5,4.5,0.0
2026,10,3,19,48,19:48,228.4,2.3,3.1,3.8,0.0
2026,10,3,19,49,19:49,227.0,2.5,3.5,4.6,0.0
2026,10,3,19,51,19:51,226.7,2.1,3.1,4.3,0.0
2026,10,3,19,53,19:53,235.8,2.6,3.3,3.9,0.0
2026,10,3,19,54,19:54,235.0,2.3,3.0,3.9,0.0
2026,10,3,19,56,19:56,229.1,2.6,3.0,3.6,0.0
2026,10,3,19,58,19:58,237.7,2.5,3.2,3.8,0.0
2026,10,3,19,59,19:59,234.6,1.8,2.6,3.5,0.0
2026,10,3,20,1,20:01,232.1,2.0,2.7,3.6,0.0
2026,10,3,20,3,20:03,232.9,2.6,3.0,3.3,0.0
2026,10,3,20,4,20:04,233.8,2.2,2.6,3.0,0.0
2026,10,3,20,6,20:06,237.6,1.9,2.6,3.4,0.0
2026,10,3,20,8,20:08,232.2,2.1,2.6,3.3,0.0
2026,10,3,20,9,20:09,232.5,2.3,2.8,3.3,0.0
2026,10,3,20,12,20:11,237.7,1.7,2.4,2.8,0.0
2026,10,3,20,13,20:13,235.5,1.6,2.1,2.6,0.0
2026,10,3,20,14,20:14,239.0,1.4,1.9,2.3,0.0
2026,10,3,20,17,20:16,245.9,1.4,1.6,1.9,0.0
2026,10,3,20,18,20:18,244.1,1.1,1.5,2.1,0.0
2026,10,3,20,19,20:19,231.3,1.5,1.9,2.2,0.0
2026,10,3,20,21,20:21,246.6,1.2,1.8,2.6,0.0
2026,10,3,20,23,20:23,238.9,1.7,2.0,2.6,0.0
2026,10,3,20,24,20:24,235.9,1.6,2.2,2.9,0.0
2026,10,3,20,26,20:26,242.3,2.4,2.9,3.7,0.0
2026,10,3,20,28,20:28,243.1,2.0,2.4,3.1,0.0
2026,10,3,20,29,20:29,234.4,1.6,2.3,3.2,0.0
2026,10,3,20,31,20:31,244.0,1.6,2.7,3.4,0.0
2026,10,3,20,33,20:33,243.7,1.9,2.6,3.4,0.0
2026,10,3,20,34,20:34,240.6,2.5,3.3,4.1,0.0
2026,10,3,20,36,20:36,236.8,1.5,2.3,3.3,0.0
2026,10,3,20,38,20:38,235.5,2.0,2.7,3.4,0.0
2026,10,3,20,39,20:39,242.0,1.9,2.8,3.3,0.0
2026,10,3,20,41,20:41,235.3,2.1,2.9,4.0,0.0
2026,10,3,20,43,20:43,239.2,1.6,2.7,3.6,0.0
2026,10,3,20,44,20:44,232.2,1.4,2.2,3.7,0.0
2026,10,3,20,46,20:46,238.7,1.4,1.9,3.0,0.0
2026,10,3,20,48,20:48,251.7,1.5,2.0,2.6,0.0
2026,10,3,20,49,20:49,248.2,1.4,2.0,2.4,0.0
2026,10,3,20,52,20:52,246.1,1.1,1.9,2.7,0.0
2026,10,3,20,53,20:53,238.9,1.8,2.4,3.3,0.0
2026,10,3,20,54,20:54,245.8,1.7,2.7,3.5,0.0
2026,10,3,20,57,20:56,240.8,1.8,2.7,3.9,0.0
2026,10,3,20,58,20:58,237.9,2.0,2.5,3.1,0.0
2026,10,3,20,59,20:59,244.3,1.5,2.3,3.1,0.0
2026,10,3,21,2,21:01,245.8,1.4,2.2,2.9,0.0
2026,10,3,21,3,21:03,248.1,1.4,2.0,2.7,0.0
2026,10,3,21,4,21:04,239.7,1.4,2.2,3.7,0.0
2026,10,3,21,7,21:07,245.4,1.7,2.1,2.8,0.0
2026,10,3,21,8,21:08,246.3,1.8,2.2,2.5,0.0
2026,10,3,21,9,21:09,239.5,1.3,1.8,2.4,0.0
2026,10,3,21,11,21:11,239.3,1.3,1.7,2.1,0.0
2026,10,3,21,13,21:13,241.3,1.8,2.1,2.7,0.0
2026,10,3,21,14,21:14,236.2,1.9,2.3,2.9,0.0
2026,10,3,21,17,21:17,241.2,1.5,1.9,2.4,0.0
2026,10,3,21,18,21:18,251.4,1.2,1.5,2.1,0.0
2026,10,3,21,19,21:19,240.9,1.4,1.8,2.4,0.0
2026,10,3,21,22,21:22,243.9,1.5,2.0,2.4,0.0
2026,10,3,21,23,21:23,242.4,1.8,2.4,3.3,0.0
2026,10,3,21,24,21:24,246.6,1.9,2.7,3.5,0.0
2026,10,3,21,26,21:26,235.5,1.9,2.8,3.8,0.0
2026,10,3,21,28,21:28,241.2,1.8,2.9,4.0,0.0
2026,10,3,21,29,21:29,242.8,2.2,3.0,3.9,0.0
2026,10,3,21,31,21:31,238.6,1.4,2.7,4.2,0.0
2026,10,3,21,33,21:33,241.2,2.3,3.3,4.4,0.0
2026,10,3,21,34,21:34,240.7,2.7,3.7,4.7,0.0
2026,10,3,21,37,21:36,246.1,1.6,2.5,3.2,0.0
2026,10,3,21,38,21:38,250.8,2.0,2.8,3.9,0.0
2026,10,3,21,39,21:39,244.1,2.1,2.9,4.8,0.0
2026,10,3,21,41,21:41,243.6,1.5,2.7,3.8,0.0
2026,10,3,21,43,21:43,252.7,1.8,2.8,3.7,0.0
2026,10,3,21,44,21:44,246.4,2.0,2.9,4.0,0.0
2026,10,3,21,46,21:46,242.7,1.5,2.2,2.6,0.0
2026,10,3,21,48,21:48,253.5,0.8,1.5,2.4,0.0
2026,10,3,21,49,21:49,249.8,1.4,2.3,3.4,0.0
2026,10,3,21,51,21:51,261.2,1.6,2.0,2.5,0.0
2026,10,3,21,53,21:53,246.9,1.9,2.6,3.3,0.0
2026,10,3,21,54,21:54,252.9,2.0,3.0,4.0,0.0
2026,10,3,21,56,21:56,242.0,1.9,2.4,3.3,0.0
2026,10,3,21,58,21:58,242.9,2.0,3.1,3.9,0.0
2026,10,3,21,59,21:59,241.0,1.4,3.1,4.0,0.0
2026,10,3,22,1,22:01,246.9,1.2,2.6,3.4,0.0
2026,10,3,22,3,22:03,233.0,2.1,2.9,4.0,0.0
2026,10,3,22,4,22:04,244.7,1.5,2.7,4.0,0.0
2026,10,3,22,6,22:06,240.1,1.9,2.8,3.6,0.0
2026,10,3,22,8,22:08,246.5,1.8,2.9,3.8,0.0
2026,10,3,22,9,22:09,250.7,1.9,2.9,3.7,0.0
2026,10,3,22,11,22:11,246.5,1.3,3.0,4.2,0.0
2026,10,3,22,13,22:13,250.9,2.3,3.2,4.1,0.0
2026,10,3,22,14,22:14,254.2,1.5,2.6,3.6,0.0
2026,10,3,22,16,22:16,252.8,2.6,3.6,5.0,0.0
2026,10,3,22,18,22:18,268.2,3.7,4.4,5.7,0.0
2026,10,3,22,19,22:19,257.6,2.2,4.0,5.4,0.0
2026,10,3,22,21,22:21,263.8,3.0,4.1,5.1,0.0
2026,10,3,22,23,22:23,242.6,2.6,4.4,6.8,0.0
2026,10,3,22,24,22:24,245.5,1.8,3.8,5.7,0.0
2026,10,3,22,26,22:26,262.3,2.0,3.5,4.5,0.0
2026,10,3,22,28,22:28,259.0,2.7,4.2,5.8,0.0
2026,10,3,22,29,22:29,260.8,2.6,4.4,6.4,0.0
2026,10,3,22,31,22:31,263.0,2.8,4.5,6.4,0.0
2026,10,3,22,33,22:33,263.9,2.8,4.2,5.0,0.0
2026,10,3,22,34,22:34,257.9,2.5,3.3,4.2,0.0
2026,10,3,22,36,22:36,258.2,2.9,4.1,5.3,0.0
2026,10,3,22,38,22:38,261.8,2.3,4.5,7.0,0.0
2026,10,3,22,39,22:39,268.7,2.7,3.9,4.5,0.0
2026,10,3,22,41,22:41,250.6,3.6,4.7,6.4,0.0
2026,10,3,22,43,22:43,268.0,3.4,4.5,5.7,0.0
2026,10,3,22,44,22:44,269.3,3.7,5.2,6.5,0.0
2026,10,3,22,46,22:46,264.8,3.0,3.9,5.4,0.0
2026,10,3,22,48,22:48,267.4,2.5,3.7,4.7,0.0
2026,10,3,22,49,22:49,274.6,3.6,4.3,6.2,0.0
2026,10,3,22,52,22:52,272.1,2.7,4.2,5.4,0.0
2026,10,3,22,53,22:53,270.4,2.8,4.0,5.3,0.0
2026,10,3,22,54,22:54,261.3,2.6,3.9,4.9,0.0
2026,10,3,22,57,22:57,246.8,2.7,4.2,6.1,0.0
2026,10,3,22,58,22:58,257.4,2.2,4.2,6.6,0.0
2026,10,3,22,59,22:59,254.5,2.0,4.0,5.4,0.0
2026,10,3,23,1,23:01,271.3,3.3,4.6,5.8,0.0
2026,10,3,23,3,23:03,270.2,2.9,4.2,5.3,0.0
2026,10,3,23,4,23:04,273.2,3.2,4.1,4.7,0.0
2026,10,3,23,7,23:07,269.9,2.5,3.0,3.8,0.0
2026,10,3,23,8,23:08,264.9,2.4,3.2,4.4,0.0
2026,10,3,23,9,23:09,271.0,2.4,3.4,4.7,0.0
2026,10,3,23,11,23:11,268.4,2.6,3.0,4.0,0.0
2026,10,3,23,13,23:13,263.7,2.8,3.4,4.2,0.0
2026,10,3,23,14,23:14,266.6,2.4,3.2,4.1,0.0
2026,10,3,23,16,23:16,270.3,2.4,3.3,4.3,0.0
2026,10,3,23,18,23:18,273.1,2.2,2.9,4.5,0.0
2026,10,3,23,19,23:19,275.7,2.0,3.0,3.8,0.0
2026,10,3,23,21,23:21,263.7,2.1,3.3,4.4,0.0
2026,10,3,23,23,23:23,270.9,2.4,3.3,4.0,0.0
2026,10,3,23,24,23:24,269.3,2.8,3.2,3.6,0.0
2026,10,3,23,26,23:26,270.7,1.8,2.6,3.2,0.0
2026,10,3,23,28,23:28,258.3,1.3,3.0,3.9,0.0
2026,10,3,23,29,23:29,258.6,1.6,3.3,4.6,0.0
2026,10,3,23,31,23:31,262.5,2.6,3.5,4.4,0.0
2026,10,3,23,33,23:33,262.5,2.6,3.5,4.0,0.0
2026,10,3,23,34,23:34,255.5,2.0,3.2,4.0,0.0
2026,10,3,23,36,23:36,269.8,2.7,3.2,3.8,0.0
2026,10,3,23,38,23:38,259.4,2.0,3.0,3.6,0.0
2026,10,3,23,39,23:39,271.2,2.5,3.4,4.3,0.0
2026,10,3,23,41,23:41,262.0,2.1,3.3,3.9,0.0
2026,10,3,23,43,23:43,265.9,1.9,2.6,3.5,0.0
2026,10,3,23,44,23:44,261.6,1.6,2.9,3.7,0.0
2026,10,3,23,46,23:46,262.2,1.6,2.5,3.9,0.0
2026,10,3,23,48,23:48,254.6,1.7,2.5,3.3,0.0
2026,10,3,23,49,23:49,249.5,1.1,2.6,3.7,0.0
2026,10,3,23,51,23:51,257.0,1.6,2.5,3.6,0.0
2026,10,3,23,53,23:53,246.3,1.1,2.0,3.4,0.0
2026,10,3,23,54,23:54,259.7,1.6,2.5,3.3,0.0
2026,10,3,23,56,23:56,269.1,2.0,2.7,3.6,0.0
2026,10,3,23,58,23:58,263.1,2.2,2.8,3.4,0.0
2026,10,3,23,59,23:59,265.4,1.7,2.4,3.0,0.0
