# Helsinki Laru (dlarah.org Lauttasaari) 2026-10-07 Suomen aikaa — lähteen Laru_2026-280.txt sellaisenaan
# vuosi kk pv kirjoitus-h kirjoitus-min hh:mm suunta min ka max lämpötila (asemalla ei mittaria)
2026,10,7,0,1,00:01,238.3,2.4,4.3,5.6,0.0
2026,10,7,0,3,00:03,250.8,2.4,3.8,5.5,0.0
2026,10,7,0,4,00:04,246.5,2.5,3.9,5.2,0.0
2026,10,7,0,7,00:06,248.8,2.3,3.7,5.5,0.0
2026,10,7,0,8,00:08,242.1,3.0,4.2,5.3,0.0
2026,10,7,0,9,00:09,252.8,3.6,5.1,6.9,0.0
2026,10,7,0,11,00:11,234.6,2.9,4.3,5.8,0.0
2026,10,7,0,13,00:13,251.1,3.2,4.0,5.8,0.0
2026,10,7,0,14,00:14,242.0,2.6,4.1,5.4,0.0
2026,10,7,0,16,00:16,254.6,2.8,3.7,4.9,0.0
2026,10,7,0,18,00:18,249.1,3.1,4.0,5.4,0.0
2026,10,7,0,19,00:19,250.9,2.6,3.9,5.1,0.0
2026,10,7,0,21,00:21,247.8,2.8,3.8,4.7,0.0
2026,10,7,0,23,00:23,242.4,2.5,3.5,4.8,0.0
2026,10,7,0,24,00:24,255.1,2.5,3.7,4.9,0.0
2026,10,7,0,26,00:26,252.2,2.3,3.5,5.0,0.0
2026,10,7,0,28,00:28,254.1,1.8,3.8,6.0,0.0
2026,10,7,0,29,00:29,252.9,2.7,4.3,6.8,0.0
2026,10,7,0,31,00:31,249.0,2.5,3.8,5.3,0.0
2026,10,7,0,33,00:33,253.6,2.4,3.7,5.4,0.0
2026,10,7,0,34,00:34,245.3,2.3,4.2,6.2,0.0
2026,10,7,0,37,00:36,253.5,2.7,4.7,6.7,0.0
2026,10,7,0,38,00:38,238.2,2.1,3.7,5.3,0.0
2026,10,7,0,39,00:39,255.3,3.5,5.4,7.0,0.0
2026,10,7,0,41,00:41,260.6,2.2,4.4,6.3,0.0
2026,10,7,0,43,00:43,251.5,3.0,4.3,7.1,0.0
2026,10,7,0,44,00:44,238.3,2.6,4.0,6.2,0.0
2026,10,7,0,46,00:46,258.2,3.9,5.0,6.5,0.0
2026,10,7,0,48,00:48,250.4,2.2,3.2,4.3,0.0
2026,10,7,0,49,00:49,248.4,2.9,3.9,5.0,0.0
2026,10,7,0,51,00:51,261.2,2.9,4.3,5.8,0.0
2026,10,7,0,53,00:53,241.3,1.4,3.1,4.7,0.0
2026,10,7,0,54,00:54,242.0,2.3,4.0,5.3,0.0
2026,10,7,0,56,00:56,255.3,2.4,4.0,5.6,0.0
2026,10,7,0,58,00:58,255.3,2.3,4.3,5.7,0.0
2026,10,7,0,59,00:59,259.9,2.9,4.2,6.3,0.0
2026,10,7,1,1,01:01,261.4,2.4,4.0,5.7,0.0
2026,10,7,1,3,01:03,267.2,4.2,5.0,6.3,0.0
2026,10,7,1,4,01:04,256.0,3.0,4.6,6.2,0.0
2026,10,7,1,6,01:06,250.2,2.8,4.1,5.4,0.0
2026,10,7,1,8,01:08,247.6,2.9,4.2,6.7,0.0
2026,10,7,1,9,01:09,258.6,3.0,4.0,5.5,0.0
2026,10,7,1,11,01:11,252.7,2.4,3.7,5.1,0.0
2026,10,7,1,13,01:13,236.8,2.1,3.6,4.5,0.0
2026,10,7,1,14,01:14,257.2,3.0,4.3,6.0,0.0
2026,10,7,1,16,01:16,254.7,2.2,4.0,5.3,0.0
2026,10,7,1,18,01:18,254.0,2.2,3.8,5.6,0.0
2026,10,7,1,19,01:19,255.0,3.6,5.2,7.0,0.0
2026,10,7,1,21,01:21,257.6,3.4,4.8,6.1,0.0
2026,10,7,1,23,01:23,255.2,2.0,3.7,5.6,0.0
2026,10,7,1,24,01:24,247.0,2.6,4.0,6.7,0.0
2026,10,7,1,26,01:26,255.3,2.7,3.7,4.8,0.0
2026,10,7,1,28,01:28,262.6,2.1,3.5,4.8,0.0
2026,10,7,1,29,01:29,259.9,3.6,5.2,6.9,0.0
2026,10,7,1,31,01:31,255.5,2.2,3.5,5.4,0.0
2026,10,7,1,33,01:33,263.1,2.4,3.3,4.3,0.0
2026,10,7,1,34,01:34,250.9,1.9,3.1,4.4,0.0
2026,10,7,1,36,01:36,253.0,2.0,4.3,6.8,0.0
2026,10,7,1,38,01:38,253.1,1.7,3.7,5.2,0.0
2026,10,7,1,39,01:39,245.7,2.8,4.4,6.1,0.0
2026,10,7,1,41,01:41,255.9,2.5,3.9,5.6,0.0
2026,10,7,1,43,01:43,243.8,3.4,4.7,6.1,0.0
2026,10,7,1,44,01:44,243.0,3.6,4.8,6.2,0.0
2026,10,7,1,46,01:46,245.1,2.3,4.0,5.4,0.0
2026,10,7,1,48,01:48,250.6,2.7,3.5,4.2,0.0
2026,10,7,1,49,01:49,243.7,2.9,3.9,5.0,0.0
2026,10,7,1,51,01:51,236.6,2.5,3.3,5.0,0.0
2026,10,7,1,53,01:53,257.8,1.9,3.6,5.3,0.0
2026,10,7,1,54,01:54,252.0,1.1,2.9,3.8,0.0
2026,10,7,1,57,01:56,228.8,2.5,3.4,5.3,0.0
2026,10,7,1,58,01:58,245.7,2.2,3.6,5.7,0.0
2026,10,7,1,59,01:59,247.7,1.6,3.5,5.4,0.0
2026,10,7,2,1,02:01,244.7,2.2,3.4,4.5,0.0
2026,10,7,2,3,02:03,246.2,3.3,4.4,5.9,0.0
2026,10,7,2,4,02:04,236.6,3.1,4.0,5.1,0.0
2026,10,7,2,6,02:06,241.3,3.0,4.1,4.9,0.0
2026,10,7,2,8,02:08,231.3,2.2,3.2,4.8,0.0
2026,10,7,2,9,02:09,239.4,2.1,3.7,5.4,0.0
2026,10,7,2,11,02:11,247.7,2.3,3.6,5.3,0.0
2026,10,7,2,13,02:13,232.8,3.1,3.9,5.3,0.0
2026,10,7,2,14,02:14,238.9,2.6,3.9,4.9,0.0
2026,10,7,2,17,02:16,239.7,2.9,4.0,5.1,0.0
2026,10,7,2,18,02:18,242.8,3.2,4.6,6.8,0.0
2026,10,7,2,19,02:19,251.3,2.0,3.4,4.9,0.0
2026,10,7,2,21,02:21,245.9,3.1,4.1,5.0,0.0
2026,10,7,2,23,02:23,240.5,1.9,3.2,4.8,0.0
2026,10,7,2,24,02:24,250.5,3.2,4.3,6.1,0.0
2026,10,7,2,26,02:26,239.3,2.9,4.0,4.8,0.0
2026,10,7,2,28,02:28,240.7,1.9,3.0,4.6,0.0
2026,10,7,2,29,02:29,238.2,2.7,4.3,6.3,0.0
2026,10,7,2,31,02:31,240.3,3.1,4.4,5.9,0.0
2026,10,7,2,33,02:33,248.4,3.0,4.2,5.0,0.0
2026,10,7,2,34,02:34,239.9,2.4,4.0,5.8,0.0
2026,10,7,2,36,02:36,252.4,2.0,3.4,4.6,0.0
2026,10,7,2,38,02:38,255.1,1.9,3.4,4.5,0.0
2026,10,7,2,39,02:39,253.2,1.7,3.0,4.4,0.0
2026,10,7,2,41,02:41,246.5,2.5,3.5,4.6,0.0
2026,10,7,2,43,02:43,246.1,2.5,3.5,5.4,0.0
2026,10,7,2,44,02:44,242.4,2.7,3.9,5.6,0.0
2026,10,7,2,47,02:46,242.7,2.9,4.1,5.2,0.0
2026,10,7,2,48,02:48,238.0,2.8,4.2,5.2,0.0
2026,10,7,2,49,02:49,244.2,3.0,4.2,5.5,0.0
2026,10,7,2,51,02:51,240.4,2.8,3.6,4.4,0.0
2026,10,7,2,53,02:53,234.5,3.0,4.3,5.9,0.0
2026,10,7,2,54,02:54,241.0,3.6,4.6,5.6,0.0
2026,10,7,2,56,02:56,239.0,2.6,4.4,5.5,0.0
2026,10,7,2,58,02:58,241.7,3.0,4.8,6.4,0.0
2026,10,7,2,59,02:59,234.0,3.1,4.0,5.2,0.0
2026,10,7,3,1,03:01,247.7,2.2,4.1,5.2,0.0
2026,10,7,3,3,03:03,240.9,3.0,4.4,5.5,0.0
2026,10,7,3,4,03:04,243.9,3.0,4.3,5.9,0.0
2026,10,7,3,6,03:06,245.6,3.0,3.9,4.9,0.0
2026,10,7,3,8,03:08,239.5,3.5,4.3,5.1,0.0
2026,10,7,3,9,03:09,239.9,2.3,4.1,5.4,0.0
2026,10,7,3,12,03:11,241.1,3.5,4.3,5.4,0.0
2026,10,7,3,13,03:13,239.3,3.5,4.4,5.7,0.0
2026,10,7,3,14,03:14,240.8,2.7,4.4,5.9,0.0
2026,10,7,3,16,03:16,247.7,2.9,4.3,5.9,0.0
2026,10,7,3,18,03:18,241.8,3.0,4.2,5.4,0.0
2026,10,7,3,19,03:19,238.9,2.8,4.2,6.4,0.0
2026,10,7,3,21,03:21,244.6,2.3,4.5,6.4,0.0
2026,10,7,3,23,03:23,237.8,3.0,4.4,5.7,0.0
2026,10,7,3,24,03:24,248.1,3.3,4.5,5.8,0.0
2026,10,7,3,26,03:26,255.6,2.4,3.9,5.2,0.0
2026,10,7,3,28,03:28,249.8,2.6,3.9,5.3,0.0
2026,10,7,3,29,03:29,253.4,3.2,4.2,5.7,0.0
2026,10,7,3,32,03:31,261.3,1.7,3.5,4.9,0.0
2026,10,7,3,33,03:33,244.7,2.4,3.3,4.6,0.0
2026,10,7,3,34,03:34,259.5,1.9,3.1,4.6,0.0
2026,10,7,3,36,03:36,253.0,3.3,4.4,5.4,0.0
2026,10,7,3,38,03:38,257.8,2.9,4.1,6.0,0.0
2026,10,7,3,39,03:39,253.4,2.5,3.7,5.1,0.0
2026,10,7,3,41,03:41,248.6,1.7,3.2,4.4,0.0
2026,10,7,3,43,03:43,259.4,3.0,4.0,4.8,0.0
2026,10,7,3,44,03:44,257.0,2.9,4.0,5.4,0.0
2026,10,7,3,46,03:46,247.7,2.6,4.2,5.8,0.0
2026,10,7,3,48,03:48,248.5,2.5,4.2,6.0,0.0
2026,10,7,3,49,03:49,245.5,2.4,3.8,5.7,0.0
2026,10,7,3,51,03:51,237.8,2.8,4.0,5.1,0.0
2026,10,7,3,53,03:53,258.0,2.2,3.9,5.9,0.0
2026,10,7,3,54,03:54,252.2,2.7,3.8,5.4,0.0
2026,10,7,3,57,03:56,262.1,2.2,3.8,6.0,0.0
2026,10,7,3,58,03:58,244.3,2.8,3.3,3.9,0.0
2026,10,7,3,59,03:59,249.6,2.6,3.4,4.5,0.0
2026,10,7,4,1,04:01,252.3,2.9,4.1,5.0,0.0
2026,10,7,4,3,04:03,243.2,2.0,2.7,3.9,0.0
2026,10,7,4,4,04:04,238.7,1.6,2.8,4.8,0.0
2026,10,7,4,6,04:06,247.8,2.6,3.5,4.8,0.0
2026,10,7,4,8,04:08,244.7,2.5,3.3,5.2,0.0
2026,10,7,4,9,04:09,251.0,1.4,3.0,4.9,0.0
2026,10,7,4,11,04:11,249.8,1.0,2.1,3.5,0.0
2026,10,7,4,13,04:13,246.2,1.8,2.6,3.2,0.0
2026,10,7,4,14,04:14,250.2,2.1,2.8,3.4,0.0
2026,10,7,4,16,04:16,251.4,1.7,2.9,4.4,0.0
2026,10,7,4,18,04:18,244.9,2.7,3.4,4.3,0.0
2026,10,7,4,19,04:19,249.4,2.5,3.7,4.6,0.0
2026,10,7,4,21,04:21,241.1,2.3,3.3,4.9,0.0
2026,10,7,4,23,04:23,256.9,1.4,2.5,3.2,0.0
2026,10,7,4,24,04:24,248.7,1.6,2.8,4.7,0.0
2026,10,7,4,26,04:26,253.1,1.7,2.7,3.6,0.0
2026,10,7,4,28,04:28,246.3,2.3,3.8,5.5,0.0
2026,10,7,4,29,04:29,248.1,2.1,3.4,4.6,0.0
2026,10,7,4,32,04:31,244.5,2.1,3.1,4.4,0.0
2026,10,7,4,33,04:33,254.1,2.3,3.4,4.9,0.0
2026,10,7,4,34,04:34,256.7,2.6,3.6,5.2,0.0
2026,10,7,4,37,04:36,258.6,2.5,3.4,4.1,0.0
2026,10,7,4,38,04:38,244.4,2.6,3.6,5.5,0.0
2026,10,7,4,39,04:39,241.9,1.9,3.0,4.1,0.0
2026,10,7,4,41,04:41,240.1,2.2,3.0,4.2,0.0
2026,10,7,4,43,04:43,247.6,2.3,3.4,4.7,0.0
2026,10,7,4,44,04:44,241.0,1.9,2.7,3.6,0.0
2026,10,7,4,46,04:46,252.6,1.4,2.7,4.1,0.0
2026,10,7,4,48,04:48,241.2,1.5,2.5,3.5,0.0
2026,10,7,4,49,04:49,252.7,1.2,2.6,3.9,0.0
2026,10,7,4,51,04:51,242.3,2.3,3.1,4.3,0.0
2026,10,7,4,53,04:53,242.8,1.9,2.8,4.1,0.0
2026,10,7,4,54,04:54,247.5,1.8,2.8,3.8,0.0
2026,10,7,4,57,04:56,241.3,2.4,3.2,4.1,0.0
2026,10,7,4,58,04:58,234.2,1.5,3.0,3.8,0.0
2026,10,7,4,59,04:59,241.0,1.5,2.9,3.8,0.0
2026,10,7,5,2,05:01,241.7,1.8,2.6,3.6,0.0
2026,10,7,5,3,05:03,242.5,2.5,3.4,4.4,0.0
2026,10,7,5,4,05:04,251.8,2.5,3.3,3.9,0.0
2026,10,7,5,6,05:06,244.4,1.2,3.1,4.5,0.0
2026,10,7,5,8,05:08,247.5,2.1,3.1,4.1,0.0
2026,10,7,5,9,05:09,253.3,2.7,3.9,5.1,0.0
2026,10,7,5,11,05:11,240.8,2.5,3.3,4.8,0.0
2026,10,7,5,13,05:13,258.8,1.5,2.5,3.7,0.0
2026,10,7,5,14,05:14,256.9,1.8,2.7,3.3,0.0
2026,10,7,5,17,05:16,257.3,2.2,3.4,4.8,0.0
2026,10,7,5,18,05:18,245.7,1.6,3.5,4.8,0.0
2026,10,7,5,19,05:19,254.4,2.4,3.0,3.7,0.0
2026,10,7,5,21,05:21,241.0,1.8,3.1,4.8,0.0
2026,10,7,5,23,05:23,241.8,2.5,3.6,4.8,0.0
2026,10,7,5,24,05:24,242.8,1.6,2.7,3.7,0.0
2026,10,7,5,26,05:26,239.5,1.3,2.7,3.9,0.0
2026,10,7,5,28,05:28,255.1,1.9,2.8,4.2,0.0
2026,10,7,5,29,05:29,246.2,1.3,3.1,4.2,0.0
2026,10,7,5,31,05:31,248.9,2.1,3.3,4.6,0.0
2026,10,7,5,33,05:33,242.2,1.7,2.8,5.0,0.0
2026,10,7,5,34,05:34,243.1,1.5,3.0,3.9,0.0
2026,10,7,5,36,05:36,238.4,1.7,2.9,3.8,0.0
2026,10,7,5,38,05:38,258.0,1.7,3.1,4.6,0.0
2026,10,7,5,39,05:39,245.6,1.7,2.8,3.9,0.0
2026,10,7,5,41,05:41,259.5,3.3,3.9,4.6,0.0
2026,10,7,5,43,05:43,261.7,3.2,4.1,5.3,0.0
2026,10,7,5,44,05:44,249.7,1.7,3.9,5.2,0.0
2026,10,7,5,46,05:46,249.9,1.7,3.0,4.4,0.0
2026,10,7,5,48,05:48,249.2,1.7,3.2,4.9,0.0
2026,10,7,5,49,05:49,260.6,2.6,3.4,4.6,0.0
2026,10,7,5,51,05:51,244.1,2.4,3.2,4.2,0.0
2026,10,7,5,53,05:53,263.9,2.0,3.2,4.5,0.0
2026,10,7,5,54,05:54,239.2,2.1,3.1,4.2,0.0
2026,10,7,5,57,05:56,252.3,2.1,3.0,4.3,0.0
2026,10,7,5,58,05:58,249.6,2.2,3.5,4.6,0.0
2026,10,7,5,59,05:59,242.6,2.3,3.7,5.4,0.0
2026,10,7,6,1,06:01,254.1,2.3,3.0,3.8,0.0
2026,10,7,6,3,06:03,255.8,2.2,3.2,5.0,0.0
2026,10,7,6,4,06:04,261.9,1.8,3.1,4.8,0.0
2026,10,7,6,7,06:06,235.4,2.1,3.1,3.9,0.0
2026,10,7,6,8,06:08,242.7,1.6,2.5,3.6,0.0
2026,10,7,6,9,06:09,261.2,1.9,2.7,3.8,0.0
2026,10,7,6,11,06:11,251.9,2.0,2.9,3.7,0.0
2026,10,7,6,13,06:13,248.2,2.8,3.6,4.6,0.0
2026,10,7,6,14,06:14,251.5,2.2,3.0,3.7,0.0
2026,10,7,6,17,06:16,242.6,2.4,3.1,3.8,0.0
2026,10,7,6,18,06:18,244.3,2.7,3.6,4.7,0.0
2026,10,7,6,19,06:19,239.8,2.3,3.2,4.1,0.0
2026,10,7,6,21,06:21,251.8,1.6,2.5,4.0,0.0
2026,10,7,6,23,06:23,250.1,2.3,3.6,4.9,0.0
2026,10,7,6,24,06:24,241.3,1.8,2.9,3.8,0.0
2026,10,7,6,27,06:26,243.4,1.7,3.0,4.1,0.0
2026,10,7,6,28,06:28,237.3,2.0,3.0,4.1,0.0
2026,10,7,6,29,06:29,246.8,2.3,3.6,4.8,0.0
2026,10,7,6,31,06:31,240.5,2.6,3.8,4.8,0.0
2026,10,7,6,33,06:33,243.3,2.8,3.8,4.7,0.0
2026,10,7,6,34,06:34,253.6,2.2,3.6,5.7,0.0
2026,10,7,6,36,06:36,257.0,2.0,3.4,4.6,0.0
2026,10,7,6,38,06:38,252.8,2.2,3.4,4.5,0.0
2026,10,7,6,39,06:39,255.9,1.8,3.4,5.5,0.0
2026,10,7,6,41,06:41,263.4,2.6,3.2,3.6,0.0
2026,10,7,6,43,06:43,269.0,2.4,3.4,4.8,0.0
2026,10,7,6,44,06:44,263.7,2.4,3.3,4.1,0.0
2026,10,7,6,46,06:46,258.7,2.6,3.7,5.0,0.0
2026,10,7,6,48,06:48,270.6,2.7,3.4,4.3,0.0
2026,10,7,6,49,06:49,262.4,2.2,3.8,4.9,0.0
2026,10,7,6,52,06:51,262.8,2.8,3.5,4.4,0.0
2026,10,7,6,53,06:53,266.0,2.3,3.4,4.4,0.0
2026,10,7,6,54,06:54,263.9,2.1,3.5,4.7,0.0
2026,10,7,6,56,06:56,252.8,2.1,3.1,3.6,0.0
2026,10,7,6,58,06:58,254.0,2.4,2.9,3.9,0.0
2026,10,7,6,59,06:59,257.0,1.4,2.6,4.2,0.0
2026,10,7,7,1,07:01,261.9,2.0,3.0,3.7,0.0
2026,10,7,7,3,07:03,253.4,2.2,3.4,4.3,0.0
2026,10,7,7,4,07:04,261.4,2.2,2.8,3.8,0.0
2026,10,7,7,6,07:06,249.1,1.6,2.5,3.9,0.0
2026,10,7,7,8,07:08,250.0,2.4,3.6,4.9,0.0
2026,10,7,7,9,07:09,247.3,1.9,3.0,4.2,0.0
2026,10,7,7,11,07:11,259.2,2.3,3.0,4.0,0.0
2026,10,7,7,13,07:13,259.5,2.2,2.7,3.7,0.0
2026,10,7,7,14,07:14,258.9,1.4,2.3,3.3,0.0
2026,10,7,7,16,07:16,245.0,1.5,2.5,3.2,0.0
2026,10,7,7,18,07:18,246.5,1.6,2.3,3.2,0.0
2026,10,7,7,19,07:19,244.2,1.1,2.1,3.5,0.0
2026,10,7,7,22,07:21,263.8,2.0,2.5,3.2,0.0
2026,10,7,7,23,07:23,258.0,1.8,2.5,3.3,0.0
2026,10,7,7,24,07:24,265.6,2.1,2.6,3.8,0.0
2026,10,7,7,26,07:26,259.1,2.0,3.2,3.8,0.0
2026,10,7,7,28,07:28,259.4,0.8,2.1,3.0,0.0
2026,10,7,7,29,07:29,266.2,2.2,3.0,3.8,0.0
2026,10,7,7,32,07:31,267.6,2.4,3.3,4.3,0.0
2026,10,7,7,33,07:33,267.5,2.9,3.3,3.8,0.0
2026,10,7,7,34,07:34,252.7,1.4,2.2,3.0,0.0
2026,10,7,7,37,07:36,261.0,2.3,3.1,4.4,0.0
2026,10,7,7,38,07:38,259.6,1.4,2.8,4.0,0.0
2026,10,7,7,39,07:39,261.1,2.3,2.9,3.9,0.0
2026,10,7,7,42,07:41,262.7,2.4,3.1,4.0,0.0
2026,10,7,7,43,07:43,257.8,2.8,3.7,5.1,0.0
2026,10,7,7,44,07:44,259.1,2.1,3.3,4.5,0.0
2026,10,7,7,47,07:46,268.6,1.8,2.8,3.7,0.0
2026,10,7,7,48,07:48,260.2,2.0,2.5,3.1,0.0
2026,10,7,7,49,07:49,266.3,2.0,2.7,3.6,0.0
2026,10,7,7,51,07:51,266.5,2.0,2.7,3.2,0.0
2026,10,7,7,53,07:53,269.5,2.1,2.6,3.3,0.0
2026,10,7,7,54,07:54,262.2,2.1,2.8,3.4,0.0
2026,10,7,7,56,07:56,251.7,1.6,2.3,3.3,0.0
2026,10,7,7,58,07:58,255.4,1.5,3.0,4.4,0.0
2026,10,7,7,59,07:59,261.5,1.7,2.8,3.6,0.0
2026,10,7,8,1,08:01,259.0,2.5,3.2,4.2,0.0
2026,10,7,8,3,08:03,248.1,1.2,2.2,3.1,0.0
2026,10,7,8,4,08:04,267.2,1.5,2.9,3.9,0.0
2026,10,7,8,6,08:06,254.3,1.9,3.1,4.3,0.0
2026,10,7,8,8,08:08,249.4,1.7,2.8,3.9,0.0
2026,10,7,8,9,08:09,266.8,2.4,3.4,4.4,0.0
2026,10,7,8,11,08:11,253.8,2.2,3.2,4.2,0.0
2026,10,7,8,13,08:13,263.4,2.3,3.4,4.3,0.0
2026,10,7,8,14,08:14,265.8,2.1,3.3,4.8,0.0
2026,10,7,8,16,08:16,262.5,2.8,3.8,4.5,0.0
2026,10,7,8,18,08:18,255.3,2.2,3.5,5.0,0.0
2026,10,7,8,19,08:19,256.0,2.3,3.5,4.7,0.0
2026,10,7,8,22,08:21,252.8,1.8,2.9,3.9,0.0
2026,10,7,8,23,08:23,248.3,2.4,3.2,4.3,0.0
2026,10,7,8,24,08:24,263.0,1.8,3.6,5.5,0.0
2026,10,7,8,27,08:26,259.4,1.7,3.0,4.5,0.0
2026,10,7,8,28,08:28,249.0,1.6,3.1,4.1,0.0
2026,10,7,8,29,08:29,253.5,1.3,2.5,3.6,0.0
2026,10,7,8,32,08:31,258.0,2.1,3.2,4.3,0.0
2026,10,7,8,33,08:33,260.7,2.6,3.4,4.1,0.0
2026,10,7,8,34,08:34,258.1,2.0,3.1,4.3,0.0
2026,10,7,8,36,08:36,250.4,2.0,2.9,3.9,0.0
2026,10,7,8,38,08:38,243.5,1.8,2.9,3.8,0.0
2026,10,7,8,39,08:39,253.5,2.9,3.3,4.3,0.0
2026,10,7,8,41,08:41,257.5,2.0,3.0,3.8,0.0
2026,10,7,8,43,08:43,246.1,2.0,3.5,4.7,0.0
2026,10,7,8,44,08:44,247.5,1.2,2.7,3.8,0.0
2026,10,7,8,46,08:46,254.5,2.2,3.1,4.4,0.0
2026,10,7,8,48,08:48,253.9,1.4,2.9,4.2,0.0
2026,10,7,8,49,08:49,249.4,2.2,3.1,4.2,0.0
2026,10,7,8,51,08:51,258.0,2.1,3.1,4.1,0.0
2026,10,7,8,53,08:53,261.3,1.2,2.9,4.1,0.0
2026,10,7,8,54,08:54,261.7,2.3,3.0,4.2,0.0
2026,10,7,8,56,08:56,259.6,2.0,2.9,3.9,0.0
2026,10,7,8,58,08:58,267.3,1.9,2.7,3.7,0.0
2026,10,7,8,59,08:59,270.4,1.6,2.8,3.6,0.0
2026,10,7,9,2,09:01,264.4,2.4,3.5,4.6,0.0
2026,10,7,9,3,09:03,257.0,1.3,2.6,3.7,0.0
2026,10,7,9,4,09:04,268.6,2.3,2.9,3.5,0.0
2026,10,7,9,6,09:06,260.5,1.8,3.1,4.6,0.0
2026,10,7,9,8,09:08,267.6,2.8,4.3,6.0,0.0
2026,10,7,9,9,09:09,263.7,1.9,3.4,4.6,0.0
2026,10,7,9,12,09:11,265.3,2.5,3.4,4.4,0.0
2026,10,7,9,13,09:13,249.5,2.2,3.0,3.8,0.0
2026,10,7,9,14,09:14,259.2,1.5,3.0,4.4,0.0
2026,10,7,9,16,09:16,255.8,1.7,2.5,3.1,0.0
2026,10,7,9,18,09:18,238.8,1.6,2.0,2.5,0.0
2026,10,7,9,19,09:19,242.9,1.7,2.5,4.0,0.0
2026,10,7,9,21,09:21,238.4,2.0,3.4,4.5,0.0
2026,10,7,9,23,09:23,222.0,1.0,2.1,3.2,0.0
2026,10,7,9,24,09:24,256.3,1.0,2.8,4.2,0.0
2026,10,7,9,26,09:26,240.3,2.1,3.0,4.5,0.0
2026,10,7,9,28,09:28,254.3,1.6,2.5,3.8,0.0
2026,10,7,9,29,09:29,246.1,2.2,3.0,4.2,0.0
2026,10,7,9,31,09:31,259.3,1.2,2.3,3.0,0.0
2026,10,7,9,33,09:33,262.3,1.8,2.4,3.2,0.0
2026,10,7,9,34,09:34,247.4,1.6,2.7,3.9,0.0
2026,10,7,9,36,09:36,257.9,1.9,3.0,4.6,0.0
2026,10,7,9,38,09:38,248.7,2.5,3.2,3.9,0.0
2026,10,7,9,39,09:39,261.0,1.4,2.7,4.2,0.0
2026,10,7,9,41,09:41,259.8,1.7,2.6,3.5,0.0
2026,10,7,9,43,09:43,267.5,2.1,3.6,4.6,0.0
2026,10,7,9,44,09:44,255.4,1.9,3.2,4.0,0.0
2026,10,7,9,47,09:46,254.5,2.0,2.8,3.9,0.0
2026,10,7,9,48,09:48,271.6,0.9,2.5,3.8,0.0
2026,10,7,9,49,09:49,264.0,3.0,3.5,4.3,0.0
2026,10,7,9,51,09:51,257.8,2.7,3.5,4.7,0.0
2026,10,7,9,53,09:53,261.2,2.4,3.4,4.6,0.0
2026,10,7,9,54,09:54,257.3,1.5,2.9,3.8,0.0
2026,10,7,9,56,09:56,267.2,2.8,3.5,4.0,0.0
2026,10,7,9,58,09:58,266.6,1.8,3.1,4.3,0.0
2026,10,7,9,59,09:59,256.0,2.5,3.6,5.0,0.0
2026,10,7,10,2,10:01,241.9,1.6,3.3,4.5,0.0
2026,10,7,10,3,10:03,256.7,2.1,3.1,3.8,0.0
2026,10,7,10,4,10:04,264.5,2.0,3.3,4.5,0.0
2026,10,7,10,6,10:06,264.7,2.3,3.2,4.0,0.0
2026,10,7,10,8,10:08,264.1,2.9,3.7,4.6,0.0
2026,10,7,10,9,10:09,261.1,2.5,3.2,4.1,0.0
2026,10,7,10,11,10:11,255.4,2.5,3.6,4.8,0.0
2026,10,7,10,13,10:13,263.8,2.5,4.0,5.5,0.0
2026,10,7,10,14,10:14,266.6,2.6,3.2,3.7,0.0
2026,10,7,10,16,10:16,264.5,2.3,3.3,4.1,0.0
2026,10,7,10,18,10:18,258.3,1.7,2.5,3.3,0.0
2026,10,7,10,19,10:19,263.5,2.0,2.5,3.6,0.0
2026,10,7,10,21,10:21,261.5,2.5,3.1,3.9,0.0
2026,10,7,10,23,10:23,259.5,2.2,3.0,3.8,0.0
2026,10,7,10,24,10:24,271.3,2.1,3.4,4.0,0.0
2026,10,7,10,26,10:26,259.6,3.0,3.8,4.7,0.0
2026,10,7,10,28,10:28,273.7,2.1,3.3,4.4,0.0
2026,10,7,10,29,10:29,282.3,2.6,3.5,4.5,0.0
2026,10,7,10,31,10:31,263.8,2.3,3.3,5.1,0.0
2026,10,7,10,33,10:33,276.7,2.8,3.5,5.2,0.0
2026,10,7,10,34,10:34,286.2,2.9,4.1,5.7,0.0
2026,10,7,10,37,10:36,282.9,3.5,4.6,6.1,0.0
2026,10,7,10,38,10:38,271.5,2.2,3.3,5.0,0.0
2026,10,7,10,39,10:39,277.7,2.8,4.1,5.8,0.0
2026,10,7,10,41,10:41,278.3,4.2,5.3,7.0,0.0
2026,10,7,10,43,10:43,275.7,2.9,4.2,5.4,0.0
2026,10,7,10,44,10:44,269.0,3.0,3.8,4.7,0.0
2026,10,7,10,47,10:46,274.2,3.3,4.0,5.1,0.0
2026,10,7,10,48,10:48,276.7,2.7,4.2,5.9,0.0
2026,10,7,10,49,10:49,274.9,4.2,5.3,6.6,0.0
2026,10,7,10,51,10:51,268.9,3.7,4.9,6.0,0.0
2026,10,7,10,53,10:53,273.8,4.1,5.4,9.1,0.0
2026,10,7,10,54,10:54,281.5,3.5,7.0,8.7,0.0
2026,10,7,10,57,10:56,273.8,3.8,4.9,6.5,0.0
2026,10,7,10,58,10:58,272.9,3.1,3.8,4.9,0.0
2026,10,7,10,59,10:59,266.3,2.3,4.1,4.7,0.0
2026,10,7,11,1,11:01,264.5,3.9,4.9,6.8,0.0
2026,10,7,11,3,11:03,267.2,3.8,5.0,6.0,0.0
2026,10,7,11,4,11:04,270.3,3.3,4.7,6.3,0.0
2026,10,7,11,6,11:06,266.8,2.9,4.5,5.9,0.0
2026,10,7,11,8,11:08,267.6,1.3,4.0,6.8,0.0
2026,10,7,11,9,11:09,261.5,3.0,4.2,6.2,0.0
2026,10,7,11,11,11:11,264.0,3.0,5.1,6.6,0.0
2026,10,7,11,13,11:13,273.3,3.7,5.0,7.7,0.0
2026,10,7,11,14,11:14,278.9,3.5,4.7,5.9,0.0
2026,10,7,11,16,11:16,263.6,3.1,3.9,5.2,0.0
2026,10,7,11,18,11:18,283.1,2.6,4.3,6.8,0.0
2026,10,7,11,19,11:19,282.9,2.8,4.0,5.2,0.0
2026,10,7,11,21,11:20,275.1,2.9,4.6,7.0,0.0
2026,10,7,11,23,11:23,274.3,2.9,4.4,6.2,0.0
2026,10,7,11,24,11:24,272.0,3.6,5.1,7.2,0.0
2026,10,7,11,27,11:26,273.6,4.3,5.3,6.5,0.0
2026,10,7,11,28,11:28,263.8,2.6,3.6,4.7,0.0
2026,10,7,11,29,11:29,285.4,2.5,4.2,5.9,0.0
2026,10,7,11,31,11:31,274.6,2.7,3.4,4.3,0.0
2026,10,7,11,33,11:33,259.4,3.1,3.8,5.5,0.0
2026,10,7,11,34,11:34,259.3,3.7,4.6,6.3,0.0
2026,10,7,11,37,11:36,272.8,3.0,5.6,7.6,0.0
2026,10,7,11,38,11:38,280.8,3.6,4.4,6.0,0.0
2026,10,7,11,39,11:39,294.6,2.1,4.9,7.7,0.0
2026,10,7,11,41,11:41,267.5,3.8,4.8,6.7,0.0
2026,10,7,11,43,11:43,262.5,3.2,4.6,6.2,0.0
2026,10,7,11,44,11:44,267.5,3.0,4.0,5.0,0.0
2026,10,7,11,46,11:45,256.4,3.3,4.4,6.5,0.0
2026,10,7,11,48,11:48,269.7,1.6,3.6,4.7,0.0
2026,10,7,11,49,11:49,268.3,3.3,4.7,5.9,0.0
2026,10,7,11,51,11:51,265.0,3.0,4.4,5.7,0.0
2026,10,7,11,53,11:53,253.6,1.8,3.4,5.8,0.0
2026,10,7,11,54,11:54,263.9,2.6,4.3,5.8,0.0
2026,10,7,11,57,11:56,265.8,4.3,5.5,6.8,0.0
2026,10,7,11,58,11:58,267.8,3.6,4.9,6.3,0.0
2026,10,7,11,59,11:59,259.2,2.8,3.7,4.4,0.0
2026,10,7,12,1,12:01,262.8,2.9,3.9,4.9,0.0
2026,10,7,12,3,12:03,264.8,2.4,4.1,4.7,0.0
2026,10,7,12,4,12:04,264.2,3.2,4.5,6.0,0.0
2026,10,7,12,6,12:06,261.8,2.4,4.3,5.8,0.0
2026,10,7,12,8,12:08,239.9,3.1,4.8,6.3,0.0
2026,10,7,12,9,12:09,255.6,2.6,4.2,6.1,0.0
2026,10,7,12,11,12:11,245.6,2.6,4.3,5.9,0.0
2026,10,7,12,13,12:13,242.4,3.4,5.0,6.5,0.0
2026,10,7,12,14,12:14,245.5,2.7,4.6,6.5,0.0
2026,10,7,12,16,12:16,257.3,2.9,4.2,5.4,0.0
2026,10,7,12,18,12:18,254.4,1.9,4.0,6.7,0.0
2026,10,7,12,19,12:19,241.5,3.4,4.7,6.4,0.0
2026,10,7,12,21,12:21,251.4,3.0,5.0,7.2,0.0
2026,10,7,12,23,12:23,252.1,4.0,5.7,7.1,0.0
2026,10,7,12,24,12:24,246.9,2.3,4.8,6.9,0.0
2026,10,7,12,26,12:26,248.4,3.6,5.2,6.5,0.0
2026,10,7,12,28,12:28,254.8,3.4,5.2,7.8,0.0
2026,10,7,12,29,12:29,258.2,3.4,5.5,7.8,0.0
2026,10,7,12,31,12:31,264.9,4.5,5.9,7.5,0.0
2026,10,7,12,33,12:33,264.8,4.2,5.0,5.6,0.0
2026,10,7,12,34,12:34,265.6,2.8,3.9,4.9,0.0
2026,10,7,12,37,12:36,262.8,3.7,4.9,5.9,0.0
2026,10,7,12,38,12:38,256.7,4.0,5.2,6.5,0.0
2026,10,7,12,39,12:39,266.3,3.7,4.7,7.1,0.0
2026,10,7,12,41,12:41,259.2,3.0,4.7,7.8,0.0
2026,10,7,12,43,12:43,265.8,4.2,6.4,8.7,0.0
2026,10,7,12,44,12:44,253.7,3.8,4.9,6.3,0.0
2026,10,7,12,46,12:46,255.6,3.0,4.4,5.8,0.0
2026,10,7,12,48,12:48,267.0,3.0,5.0,6.7,0.0
2026,10,7,12,49,12:49,264.4,3.9,5.3,7.3,0.0
2026,10,7,12,51,12:51,266.1,4.4,5.7,7.3,0.0
2026,10,7,12,53,12:53,260.6,3.3,5.1,7.4,0.0
2026,10,7,12,54,12:54,273.0,4.3,5.8,7.7,0.0
2026,10,7,12,56,12:56,265.3,4.5,6.3,8.3,0.0
2026,10,7,12,58,12:58,270.8,4.4,6.6,8.4,0.0
2026,10,7,12,59,12:59,267.9,4.1,5.8,8.0,0.0
2026,10,7,13,1,13:01,266.2,4.2,5.7,7.8,0.0
2026,10,7,13,3,13:03,258.0,3.3,5.2,7.4,0.0
2026,10,7,13,4,13:04,273.5,4.0,5.2,6.3,0.0
2026,10,7,13,6,13:06,266.6,3.3,4.9,6.3,0.0
2026,10,7,13,8,13:08,266.3,3.4,4.9,6.7,0.0
2026,10,7,13,9,13:09,261.7,3.1,4.6,6.9,0.0
2026,10,7,13,12,13:11,272.3,3.4,5.3,6.8,0.0
2026,10,7,13,13,13:13,257.4,3.1,5.0,6.9,0.0
2026,10,7,13,14,13:14,249.0,3.6,5.5,7.1,0.0
2026,10,7,13,16,13:16,266.6,2.8,4.6,5.9,0.0
2026,10,7,13,18,13:18,269.8,2.9,4.2,5.2,0.0
2026,10,7,13,19,13:19,248.2,2.4,3.7,5.7,0.0
2026,10,7,13,22,13:21,251.5,4.1,5.4,7.7,0.0
2026,10,7,13,23,13:23,254.3,3.5,5.1,6.9,0.0
2026,10,7,13,24,13:24,243.9,3.1,5.3,6.6,0.0
2026,10,7,13,27,13:26,263.7,4.0,5.2,6.7,0.0
2026,10,7,13,28,13:28,262.7,4.6,5.7,6.5,0.0
2026,10,7,13,29,13:29,259.1,5.0,7.4,10.3,0.0
2026,10,7,13,32,13:31,237.1,3.7,5.7,7.5,0.0
2026,10,7,13,33,13:33,249.4,3.5,5.7,8.5,0.0
2026,10,7,13,34,13:34,256.0,3.9,5.9,8.2,0.0
2026,10,7,13,36,13:36,263.5,3.8,6.3,8.7,0.0
2026,10,7,13,38,13:38,272.6,4.6,6.1,8.3,0.0
2026,10,7,13,39,13:39,265.4,2.4,5.6,7.5,0.0
2026,10,7,13,41,13:41,267.6,3.8,5.5,7.9,0.0
2026,10,7,13,43,13:43,273.5,4.1,5.3,6.5,0.0
2026,10,7,13,44,13:44,267.8,4.3,6.0,8.3,0.0
2026,10,7,13,46,13:46,253.3,3.6,6.2,8.5,0.0
2026,10,7,13,48,13:48,264.7,3.1,5.6,8.6,0.0
2026,10,7,13,49,13:49,264.4,5.2,7.5,9.7,0.0
2026,10,7,13,51,13:51,270.0,4.9,6.8,8.5,0.0
2026,10,7,13,53,13:53,266.0,4.8,6.3,8.1,0.0
2026,10,7,13,54,13:54,261.1,3.9,5.1,7.1,0.0
2026,10,7,13,56,13:56,277.2,4.2,6.2,7.8,0.0
2026,10,7,13,58,13:58,272.0,3.2,4.6,7.0,0.0
2026,10,7,13,59,13:59,281.7,3.5,4.6,6.6,0.0
2026,10,7,14,2,14:01,275.3,3.4,4.7,6.8,0.0
2026,10,7,14,3,14:03,261.2,2.6,4.1,5.8,0.0
2026,10,7,14,4,14:04,271.9,3.9,4.8,6.7,0.0
2026,10,7,14,6,14:06,278.7,3.3,4.7,6.8,0.0
2026,10,7,14,8,14:08,268.6,3.0,5.0,6.7,0.0
2026,10,7,14,9,14:09,279.4,3.8,4.9,6.3,0.0
2026,10,7,14,12,14:11,277.4,3.1,4.7,6.6,0.0
2026,10,7,14,13,14:13,283.3,3.7,4.5,5.3,0.0
2026,10,7,14,14,14:14,285.1,3.0,4.3,6.2,0.0
2026,10,7,14,17,14:16,275.5,2.7,3.2,4.2,0.0
2026,10,7,14,18,14:18,272.3,3.4,5.1,6.2,0.0
2026,10,7,14,19,14:19,268.5,3.0,5.0,6.2,0.0
2026,10,7,14,21,14:21,265.5,3.6,4.6,6.1,0.0
2026,10,7,14,23,14:23,257.0,3.4,4.1,5.6,0.0
2026,10,7,14,24,14:24,239.7,2.5,4.4,5.6,0.0
2026,10,7,14,26,14:26,255.7,2.6,3.8,7.0,0.0
2026,10,7,14,28,14:28,256.9,3.5,5.4,7.2,0.0
2026,10,7,14,29,14:29,257.5,3.5,5.2,7.5,0.0
2026,10,7,14,31,14:31,260.1,3.9,4.9,6.4,0.0
2026,10,7,14,33,14:33,262.8,3.6,4.8,6.1,0.0
2026,10,7,14,34,14:34,259.1,2.9,4.8,5.9,0.0
2026,10,7,14,36,14:36,262.2,3.3,4.9,7.4,0.0
2026,10,7,14,38,14:38,260.4,3.7,4.9,7.9,0.0
2026,10,7,14,39,14:39,256.3,2.9,4.1,5.8,0.0
2026,10,7,14,42,14:41,266.6,3.4,4.1,5.2,0.0
2026,10,7,14,43,14:43,272.6,2.5,3.9,5.0,0.0
2026,10,7,14,44,14:44,270.7,4.0,4.5,5.2,0.0
2026,10,7,14,46,14:46,267.5,4.7,5.6,8.1,0.0
2026,10,7,14,48,14:48,258.2,3.8,5.1,6.6,0.0
2026,10,7,14,49,14:49,260.1,3.7,5.5,6.5,0.0
2026,10,7,14,51,14:51,264.5,4.3,5.6,7.5,0.0
2026,10,7,14,53,14:53,269.4,3.4,4.4,5.7,0.0
2026,10,7,14,54,14:54,265.4,3.8,4.7,6.0,0.0
2026,10,7,14,57,14:56,263.9,2.8,3.8,4.9,0.0
2026,10,7,14,58,14:58,272.9,3.7,4.3,4.9,0.0
2026,10,7,14,59,14:59,269.9,3.1,4.0,4.8,0.0
2026,10,7,15,1,15:01,261.7,2.3,3.7,4.9,0.0
2026,10,7,15,3,15:03,269.8,2.5,4.0,5.7,0.0
2026,10,7,15,4,15:04,261.0,2.0,3.5,5.0,0.0
2026,10,7,15,6,15:06,255.3,2.3,3.5,4.6,0.0
2026,10,7,15,8,15:08,260.3,3.4,4.9,6.2,0.0
2026,10,7,15,9,15:09,255.6,3.0,4.6,6.9,0.0
2026,10,7,15,11,15:11,252.4,3.2,4.5,6.5,0.0
2026,10,7,15,13,15:13,257.4,3.6,5.4,7.7,0.0
2026,10,7,15,14,15:14,244.7,3.0,5.0,6.5,0.0
2026,10,7,15,16,15:16,263.4,3.2,4.8,6.6,0.0
2026,10,7,15,18,15:18,255.2,3.7,6.4,8.3,0.0
2026,10,7,15,19,15:19,254.3,4.3,6.1,8.0,0.0
2026,10,7,15,21,15:21,261.5,3.3,5.2,6.8,0.0
2026,10,7,15,23,15:23,264.1,4.1,5.5,6.8,0.0
2026,10,7,15,24,15:24,282.3,3.3,4.9,7.5,0.0
2026,10,7,15,26,15:26,274.0,3.0,3.6,4.7,0.0
2026,10,7,15,28,15:28,269.0,4.3,5.9,7.2,0.0
2026,10,7,15,29,15:29,267.5,4.9,6.0,8.0,0.0
2026,10,7,15,31,15:31,272.4,3.9,5.5,7.0,0.0
2026,10,7,15,33,15:33,262.6,3.9,5.7,7.3,0.0
2026,10,7,15,34,15:34,262.2,4.4,5.9,7.1,0.0
2026,10,7,15,37,15:36,275.0,4.4,6.4,8.5,0.0
2026,10,7,15,38,15:38,266.0,4.4,6.3,7.8,0.0
2026,10,7,15,39,15:39,248.0,3.6,5.2,6.2,0.0
2026,10,7,15,41,15:41,249.8,4.4,5.9,8.4,0.0
2026,10,7,15,43,15:43,283.9,3.0,4.7,6.9,0.0
2026,10,7,15,44,15:44,266.1,2.8,5.7,8.1,0.0
2026,10,7,15,46,15:46,271.2,3.2,4.5,6.2,0.0
2026,10,7,15,48,15:48,284.0,2.6,4.7,6.7,0.0
2026,10,7,15,49,15:49,266.3,3.4,4.6,5.8,0.0
2026,10,7,15,51,15:51,268.7,5.4,7.3,9.3,0.0
2026,10,7,15,53,15:53,269.7,5.5,7.1,8.7,0.0
2026,10,7,15,54,15:53,269.7,5.5,7.1,8.7,0.0
2026,10,7,15,57,15:56,272.3,4.2,5.5,7.5,0.0
2026,10,7,15,58,15:58,266.2,4.1,5.1,5.8,0.0
2026,10,7,15,59,15:59,266.1,4.5,6.0,8.1,0.0
2026,10,7,16,1,16:01,276.1,3.0,4.3,5.4,0.0
2026,10,7,16,3,16:03,265.1,4.7,6.9,9.8,0.0
2026,10,7,16,4,16:04,259.5,4.5,6.5,9.1,0.0
2026,10,7,16,6,16:06,270.3,2.5,5.7,7.7,0.0
2026,10,7,16,8,16:08,275.2,4.2,5.9,7.6,0.0
2026,10,7,16,9,16:09,263.4,3.6,4.5,5.3,0.0
2026,10,7,16,11,16:11,277.6,3.9,5.4,6.6,0.0
2026,10,7,16,13,16:13,279.2,4.0,6.0,7.5,0.0
2026,10,7,16,14,16:14,271.2,2.6,3.7,4.9,0.0
2026,10,7,16,16,16:16,271.1,2.8,3.9,5.4,0.0
2026,10,7,16,18,16:18,268.0,2.2,4.0,5.4,0.0
2026,10,7,16,19,16:19,260.6,1.9,3.7,5.3,0.0
2026,10,7,16,21,16:21,258.7,4.7,5.7,8.2,0.0
2026,10,7,16,23,16:23,258.7,3.2,5.0,7.5,0.0
2026,10,7,16,24,16:24,263.9,5.1,7.0,8.8,0.0
2026,10,7,16,26,16:26,271.9,4.1,5.6,7.4,0.0
2026,10,7,16,28,16:28,273.5,3.4,4.3,5.2,0.0
2026,10,7,16,29,16:29,268.3,3.5,5.2,7.5,0.0
2026,10,7,16,31,16:31,257.9,3.3,5.5,8.1,0.0
2026,10,7,16,33,16:33,267.7,4.1,5.1,6.0,0.0
2026,10,7,16,34,16:34,265.7,3.4,4.9,6.2,0.0
2026,10,7,16,36,16:36,274.1,3.8,5.4,7.7,0.0
2026,10,7,16,38,16:38,270.6,2.9,5.4,7.2,0.0
2026,10,7,16,39,16:39,270.9,3.4,4.7,6.0,0.0
2026,10,7,16,41,16:41,263.0,3.0,4.3,5.5,0.0
2026,10,7,16,43,16:43,278.6,2.7,3.5,4.3,0.0
2026,10,7,16,44,16:44,274.6,1.9,3.0,4.3,0.0
2026,10,7,16,46,16:46,278.7,2.8,3.3,4.3,0.0
2026,10,7,16,48,16:48,277.6,3.0,4.3,6.2,0.0
2026,10,7,16,49,16:49,275.5,3.0,3.8,5.0,0.0
2026,10,7,16,52,16:51,248.1,1.3,3.0,4.5,0.0
2026,10,7,16,53,16:53,277.9,2.8,3.5,4.6,0.0
2026,10,7,16,54,16:54,264.1,2.8,3.8,4.6,0.0
2026,10,7,16,57,16:56,257.7,2.9,4.5,6.3,0.0
2026,10,7,16,58,16:58,254.1,3.2,4.4,5.7,0.0
2026,10,7,16,59,16:59,240.4,3.3,4.4,5.7,0.0
2026,10,7,17,2,17:01,247.3,2.7,3.8,4.9,0.0
2026,10,7,17,3,17:03,263.5,1.4,3.5,5.7,0.0
2026,10,7,17,4,17:04,239.0,2.6,4.0,5.8,0.0
2026,10,7,17,7,17:06,258.8,3.3,5.1,7.1,0.0
2026,10,7,17,8,17:08,250.1,2.3,4.3,5.6,0.0
2026,10,7,17,9,17:08,250.1,2.3,4.3,5.6,0.0
2026,10,7,17,11,17:10,266.8,2.5,4.6,5.8,0.0
2026,10,7,17,13,17:13,249.6,3.2,5.2,7.5,0.0
2026,10,7,17,14,17:14,256.0,2.7,4.7,7.0,0.0
2026,10,7,17,16,17:16,254.4,2.1,4.1,6.0,0.0
2026,10,7,17,18,17:18,267.1,3.4,4.8,6.0,0.0
2026,10,7,17,19,17:19,269.4,3.4,4.4,6.2,0.0
2026,10,7,17,21,17:20,264.0,2.1,3.3,4.6,0.0
2026,10,7,17,23,17:23,269.5,4.3,5.5,7.2,0.0
2026,10,7,17,24,17:23,269.5,4.3,5.5,7.2,0.0
2026,10,7,17,26,17:26,271.2,3.5,5.5,6.4,0.0
2026,10,7,17,28,17:28,270.5,4.3,5.7,6.9,0.0
2026,10,7,17,29,17:29,266.3,4.3,5.4,6.6,0.0
2026,10,7,17,32,17:31,275.4,3.5,4.5,5.7,0.0
2026,10,7,17,33,17:33,268.2,4.5,5.3,6.6,0.0
2026,10,7,17,34,17:34,266.6,4.5,5.7,7.8,0.0
2026,10,7,17,36,17:35,270.2,5.2,6.5,7.5,0.0
2026,10,7,17,38,17:38,267.2,4.2,5.1,6.2,0.0
2026,10,7,17,39,17:39,267.9,3.7,4.8,5.8,0.0
2026,10,7,17,42,17:41,270.1,3.6,4.5,5.5,0.0
2026,10,7,17,43,17:43,271.0,3.6,4.7,6.4,0.0
2026,10,7,17,44,17:44,262.6,3.6,4.3,5.1,0.0
2026,10,7,17,46,17:46,272.5,2.8,3.9,4.9,0.0
2026,10,7,17,48,17:48,257.5,3.2,4.3,5.9,0.0
2026,10,7,17,49,17:49,255.8,3.0,4.2,6.2,0.0
2026,10,7,17,51,17:50,261.0,3.5,4.6,5.8,0.0
2026,10,7,17,53,17:53,266.4,2.6,4.4,5.5,0.0
2026,10,7,17,54,17:54,259.8,3.4,4.1,4.9,0.0
2026,10,7,17,56,17:56,263.0,3.9,4.6,5.6,0.0
2026,10,7,17,58,17:58,267.8,3.8,4.7,5.5,0.0
2026,10,7,17,59,17:59,265.8,2.8,3.9,5.1,0.0
2026,10,7,18,1,18:01,253.8,3.0,4.5,6.2,0.0
2026,10,7,18,3,18:03,261.3,2.8,4.2,5.7,0.0
2026,10,7,18,4,18:04,264.4,2.9,4.0,5.1,0.0
2026,10,7,18,7,18:06,261.8,2.9,4.3,5.6,0.0
2026,10,7,18,8,18:08,261.2,3.2,4.3,5.5,0.0
2026,10,7,18,9,18:09,265.3,3.7,4.7,6.1,0.0
2026,10,7,18,11,18:11,262.4,3.0,4.5,5.7,0.0
2026,10,7,18,13,18:13,260.5,2.2,4.1,5.5,0.0
2026,10,7,18,14,18:14,263.3,3.2,4.2,5.5,0.0
2026,10,7,18,17,18:16,262.8,2.2,3.4,4.7,0.0
2026,10,7,18,18,18:18,269.1,3.6,5.0,5.9,0.0
2026,10,7,18,19,18:19,266.9,4.0,4.8,5.5,0.0
2026,10,7,18,21,18:21,257.3,3.2,4.0,5.1,0.0
2026,10,7,18,23,18:23,258.0,2.4,3.7,4.9,0.0
2026,10,7,18,24,18:24,254.4,2.4,3.8,5.3,0.0
2026,10,7,18,26,18:26,265.2,2.8,4.6,5.8,0.0
2026,10,7,18,28,18:28,267.2,3.0,4.0,4.9,0.0
2026,10,7,18,29,18:29,264.4,2.8,3.7,4.9,0.0
2026,10,7,18,31,18:31,262.7,2.3,3.4,4.7,0.0
2026,10,7,18,33,18:33,261.1,2.1,3.4,4.4,0.0
2026,10,7,18,34,18:34,267.0,3.0,3.8,5.0,0.0
2026,10,7,18,37,18:36,265.2,3.1,4.3,5.7,0.0
2026,10,7,18,38,18:38,255.9,1.8,2.7,3.6,0.0
2026,10,7,18,39,18:39,258.0,2.0,2.9,3.7,0.0
2026,10,7,18,42,18:41,260.4,2.2,3.1,3.7,0.0
2026,10,7,18,43,18:43,240.7,1.4,2.7,3.7,0.0
2026,10,7,18,44,18:44,244.9,2.3,3.1,4.0,0.0
2026,10,7,18,46,18:46,246.7,1.2,2.4,3.4,0.0
2026,10,7,18,48,18:48,241.5,1.0,2.0,3.3,0.0
2026,10,7,18,49,18:49,241.5,1.7,3.2,5.0,0.0
2026,10,7,18,51,18:50,239.4,2.4,3.7,5.7,0.0
2026,10,7,18,53,18:53,243.1,2.6,4.1,5.1,0.0
2026,10,7,18,54,18:54,247.1,2.2,3.9,5.2,0.0
2026,10,7,18,57,18:56,258.5,2.1,3.7,5.1,0.0
2026,10,7,18,58,18:58,239.6,1.7,2.5,3.5,0.0
2026,10,7,18,59,18:59,248.8,2.0,3.2,5.3,0.0
2026,10,7,19,1,19:01,258.8,2.3,3.2,4.3,0.0
2026,10,7,19,3,19:03,256.4,2.4,3.3,4.4,0.0
2026,10,7,19,4,19:04,254.7,2.3,3.1,4.1,0.0
2026,10,7,19,7,19:06,241.1,1.8,3.0,3.8,0.0
2026,10,7,19,8,19:08,252.3,2.7,3.7,4.7,0.0
2026,10,7,19,9,19:09,245.7,2.3,3.7,5.2,0.0
2026,10,7,19,11,19:11,261.6,1.8,3.3,4.3,0.0
2026,10,7,19,13,19:13,257.3,2.8,3.9,4.9,0.0
2026,10,7,19,14,19:14,264.1,3.1,3.8,4.7,0.0
2026,10,7,19,17,19:16,258.5,3.4,4.5,6.5,0.0
2026,10,7,19,18,19:18,263.9,2.8,3.3,3.9,0.0
2026,10,7,19,19,19:19,246.7,2.0,3.0,3.6,0.0
2026,10,7,19,21,19:20,262.3,1.7,3.3,5.9,0.0
2026,10,7,19,23,19:23,263.3,3.2,3.9,5.0,0.0
2026,10,7,19,24,19:24,253.4,2.4,3.4,4.5,0.0
2026,10,7,19,26,19:26,263.2,2.8,3.9,4.8,0.0
2026,10,7,19,28,19:28,253.2,2.0,3.0,4.3,0.0
2026,10,7,19,29,19:29,254.4,2.2,3.3,4.5,0.0
2026,10,7,19,31,19:31,262.3,2.5,3.8,5.7,0.0
2026,10,7,19,33,19:33,266.3,2.4,3.8,4.7,0.0
2026,10,7,19,34,19:34,251.4,1.8,3.1,4.3,0.0
2026,10,7,19,37,19:36,252.0,2.8,4.3,5.8,0.0
2026,10,7,19,38,19:38,249.2,2.1,3.1,4.0,0.0
2026,10,7,19,39,19:39,255.6,1.7,3.3,4.2,0.0
2026,10,7,19,41,19:41,259.7,2.8,3.9,5.4,0.0
2026,10,7,19,43,19:43,256.9,2.6,3.9,5.7,0.0
2026,10,7,19,44,19:44,260.4,2.0,3.5,4.7,0.0
2026,10,7,19,46,19:46,260.6,2.8,3.6,4.5,0.0
2026,10,7,19,48,19:48,256.9,3.1,4.0,5.4,0.0
2026,10,7,19,49,19:49,254.3,2.2,3.6,4.7,0.0
2026,10,7,19,51,19:51,264.4,3.3,4.2,5.2,0.0
2026,10,7,19,53,19:53,267.3,3.2,4.0,4.8,0.0
2026,10,7,19,54,19:54,270.9,2.9,3.7,4.9,0.0
2026,10,7,19,56,19:55,259.0,1.4,3.2,4.5,0.0
2026,10,7,19,58,19:58,264.3,2.5,3.2,3.9,0.0
2026,10,7,19,59,19:59,265.6,2.1,3.1,3.9,0.0
2026,10,7,20,2,20:01,260.9,1.9,2.5,3.1,0.0
2026,10,7,20,3,20:03,262.9,2.3,2.9,3.7,0.0
2026,10,7,20,4,20:04,266.1,2.0,2.5,3.2,0.0
2026,10,7,20,7,20:06,261.0,1.9,2.6,3.4,0.0
2026,10,7,20,8,20:08,265.6,1.9,2.4,2.9,0.0
2026,10,7,20,9,20:09,247.3,1.9,2.3,3.0,0.0
2026,10,7,20,11,20:10,251.4,2.1,3.1,4.1,0.0
2026,10,7,20,13,20:13,260.2,1.8,2.7,3.8,0.0
2026,10,7,20,14,20:14,264.2,2.1,2.8,4.3,0.0
2026,10,7,20,16,20:16,261.0,2.5,3.0,3.6,0.0
2026,10,7,20,18,20:18,271.1,3.1,3.9,4.6,0.0
2026,10,7,20,19,20:19,263.4,2.8,4.0,5.5,0.0
2026,10,7,20,21,20:21,258.4,2.9,3.9,5.0,0.0
2026,10,7,20,23,20:23,259.3,2.1,3.4,4.4,0.0
2026,10,7,20,24,20:23,259.3,2.1,3.4,4.4,0.0
2026,10,7,20,26,20:25,271.7,3.2,4.0,5.2,0.0
2026,10,7,20,28,20:28,263.4,2.8,3.7,5.4,0.0
2026,10,7,20,29,20:29,277.4,2.8,3.8,4.9,0.0
2026,10,7,20,31,20:31,274.4,3.4,4.4,5.7,0.0
2026,10,7,20,33,20:33,272.3,2.5,3.3,3.9,0.0
2026,10,7,20,34,20:34,275.5,1.8,2.6,3.5,0.0
2026,10,7,20,36,20:36,271.9,1.9,3.1,4.0,0.0
2026,10,7,20,38,20:38,274.1,1.9,2.7,3.8,0.0
2026,10,7,20,39,20:39,274.7,1.8,3.7,5.7,0.0
2026,10,7,20,41,20:41,269.1,2.8,3.4,4.6,0.0
2026,10,7,20,43,20:43,283.1,1.9,2.5,3.2,0.0
2026,10,7,20,44,20:44,270.7,2.0,3.2,4.3,0.0
2026,10,7,20,46,20:46,287.8,2.1,3.0,3.9,0.0
2026,10,7,20,48,20:47,273.6,1.0,2.1,2.8,0.0
2026,10,7,20,49,20:49,284.7,2.3,3.0,4.1,0.0
2026,10,7,20,51,20:51,280.6,2.9,3.4,4.2,0.0
2026,10,7,20,53,20:53,278.9,2.2,3.0,4.1,0.0
2026,10,7,20,54,20:54,279.2,3.0,4.0,5.6,0.0
2026,10,7,20,56,20:56,286.9,2.3,3.1,3.8,0.0
2026,10,7,20,58,20:58,280.2,2.6,3.2,3.8,0.0
2026,10,7,20,59,20:58,280.2,2.6,3.2,3.8,0.0
2026,10,7,21,1,21:01,278.5,1.6,3.0,4.7,0.0
2026,10,7,21,3,21:03,278.9,2.4,2.7,3.2,0.0
2026,10,7,21,4,21:03,278.9,2.4,2.7,3.2,0.0
2026,10,7,21,6,21:06,279.9,1.8,2.2,2.8,0.0
2026,10,7,21,8,21:08,287.1,2.2,3.2,4.3,0.0
2026,10,7,21,9,21:09,279.3,2.2,2.7,3.8,0.0
2026,10,7,21,11,21:11,280.3,2.2,3.2,4.2,0.0
2026,10,7,21,13,21:13,278.0,2.0,2.9,4.0,0.0
2026,10,7,21,14,21:14,274.9,2.8,3.3,3.9,0.0
2026,10,7,21,17,21:16,282.0,2.2,3.1,4.1,0.0
2026,10,7,21,18,21:18,278.9,1.7,2.4,3.1,0.0
2026,10,7,21,19,21:19,266.4,1.4,2.6,4.4,0.0
2026,10,7,21,21,21:21,277.0,2.3,2.9,3.8,0.0
2026,10,7,21,23,21:23,278.1,1.6,2.0,2.6,0.0
2026,10,7,21,24,21:24,277.0,1.4,2.2,2.8,0.0
2026,10,7,21,27,21:26,285.3,1.7,2.1,2.8,0.0
2026,10,7,21,28,21:28,289.8,1.3,1.8,2.4,0.0
2026,10,7,21,29,21:29,279.1,1.6,2.1,2.8,0.0
2026,10,7,21,32,21:31,265.4,1.6,2.2,2.6,0.0
2026,10,7,21,33,21:33,275.1,1.7,2.1,2.9,0.0
2026,10,7,21,34,21:34,274.3,1.4,1.8,2.2,0.0
2026,10,7,21,37,21:36,281.4,1.9,2.4,3.1,0.0
2026,10,7,21,38,21:38,284.0,1.8,2.4,3.1,0.0
2026,10,7,21,39,21:39,278.1,1.9,2.7,4.3,0.0
2026,10,7,21,42,21:41,280.1,1.5,2.0,3.1,0.0
2026,10,7,21,43,21:43,288.7,1.7,2.0,2.5,0.0
2026,10,7,21,44,21:44,272.6,1.6,2.1,2.6,0.0
2026,10,7,21,47,21:46,283.3,1.5,1.8,2.6,0.0
2026,10,7,21,48,21:48,283.3,0.9,1.3,1.6,0.0
2026,10,7,21,49,21:49,283.7,1.3,1.7,2.4,0.0
2026,10,7,21,51,21:51,266.8,1.0,1.6,2.1,0.0
2026,10,7,21,53,21:52,274.2,1.3,1.6,1.8,0.0
2026,10,7,21,54,21:54,276.2,1.2,1.7,2.1,0.0
2026,10,7,21,56,21:56,292.9,1.4,1.8,2.4,0.0
2026,10,7,21,58,21:58,294.8,1.6,2.2,3.0,0.0
2026,10,7,21,59,21:59,293.0,1.7,2.0,2.6,0.0
2026,10,7,22,2,22:01,281.8,1.1,1.8,2.2,0.0
2026,10,7,22,3,22:03,272.1,1.6,2.2,2.7,0.0
2026,10,7,22,4,22:04,277.9,0.9,1.3,1.6,0.0
2026,10,7,22,6,22:05,270.2,1.0,1.6,2.2,0.0
2026,10,7,22,8,22:08,272.0,2.4,2.8,3.4,0.0
2026,10,7,22,9,22:09,277.2,1.5,1.7,2.1,0.0
2026,10,7,22,11,22:11,278.7,1.7,2.1,2.7,0.0
2026,10,7,22,13,22:13,276.0,1.5,2.6,3.2,0.0
2026,10,7,22,14,22:14,279.4,1.8,2.2,2.8,0.0
2026,10,7,22,16,22:16,260.5,1.7,2.4,3.1,0.0
2026,10,7,22,18,22:18,266.7,1.4,1.7,2.1,0.0
2026,10,7,22,19,22:18,266.7,1.4,1.7,2.1,0.0
2026,10,7,22,21,22:21,273.0,1.2,1.6,2.0,0.0
2026,10,7,22,23,22:23,282.9,1.4,2.1,2.8,0.0
2026,10,7,22,24,22:24,274.6,0.9,1.4,1.9,0.0
2026,10,7,22,27,22:26,265.4,1.1,1.6,2.1,0.0
2026,10,7,22,28,22:28,242.5,0.6,1.2,1.6,0.0
2026,10,7,22,29,22:28,242.5,0.6,1.2,1.6,0.0
2026,10,7,22,31,22:30,277.9,1.5,1.8,2.2,0.0
2026,10,7,22,33,22:33,261.4,1.2,1.5,1.7,0.0
2026,10,7,22,34,22:34,275.8,1.2,1.6,2.1,0.0
2026,10,7,22,36,22:36,275.8,1.6,2.0,2.6,0.0
2026,10,7,22,38,22:38,282.1,1.2,1.5,2.0,0.0
2026,10,7,22,39,22:38,282.1,1.2,1.5,2.0,0.0
2026,10,7,22,41,22:41,298.7,0.8,1.2,1.7,0.0
2026,10,7,22,43,22:43,320.3,0.9,1.1,1.5,0.0
2026,10,7,22,44,22:44,320.3,0.5,0.9,1.5,0.0
2026,10,7,22,47,22:46,281.7,0.7,1.2,1.6,0.0
2026,10,7,22,48,22:48,295.0,0.9,1.5,2.0,0.0
2026,10,7,22,49,22:49,278.5,1.1,1.6,2.3,0.0
2026,10,7,22,52,22:51,310.0,1.2,1.6,1.9,0.0
2026,10,7,22,53,22:53,310.0,1.1,1.4,1.8,0.0
2026,10,7,22,54,22:54,289.4,0.9,1.3,1.9,0.0
2026,10,7,22,56,22:56,255.6,1.2,1.6,2.1,0.0
2026,10,7,22,58,22:58,259.6,1.1,1.3,1.5,0.0
2026,10,7,22,59,22:59,259.5,1.1,1.4,1.9,0.0
2026,10,7,23,1,23:00,259.6,1.4,1.7,2.1,0.0
2026,10,7,23,3,23:03,259.6,0.5,0.8,1.1,0.0
2026,10,7,23,4,23:04,259.5,1.1,1.3,1.5,0.0
2026,10,7,23,6,23:06,259.6,0.6,0.7,0.9,0.0
2026,10,7,23,8,23:08,259.6,0.7,0.8,1.1,0.0
2026,10,7,23,9,23:08,259.6,0.0,0.8,1.1,0.0
2026,10,7,23,11,23:11,259.5,1.1,1.2,1.5,0.0
2026,10,7,23,13,23:13,266.2,0.9,1.2,1.5,0.0
2026,10,7,23,14,23:14,291.4,0.7,1.3,2.1,0.0
2026,10,7,23,16,23:16,296.5,0.7,1.2,1.6,0.0
2026,10,7,23,18,23:18,296.5,0.6,0.8,1.0,0.0
2026,10,7,23,19,23:19,296.5,0.5,0.9,1.3,0.0
2026,10,7,23,21,23:21,296.5,0.6,0.9,1.2,0.0
2026,10,7,23,23,23:23,296.5,0.0,0.5,0.7,0.0
2026,10,7,23,24,23:24,296.5,0.7,0.9,1.1,0.0
2026,10,7,23,27,23:26,296.5,0.5,0.6,1.0,0.0
2026,10,7,23,28,23:28,278.5,0.7,1.1,1.7,0.0
2026,10,7,23,29,23:29,254.1,0.0,0.6,0.7,0.0
2026,10,7,23,31,23:31,254.1,0.0,1.0,1.4,0.0
2026,10,7,23,33,23:33,254.2,0.8,1.0,1.3,0.0
2026,10,7,23,34,23:34,254.1,0.0,0.6,0.8,0.0
2026,10,7,23,36,23:36,254.1,0.7,0.9,1.1,0.0
2026,10,7,23,38,23:38,254.2,0.5,0.7,0.9,0.0
2026,10,7,23,39,23:39,254.1,0.0,0.5,0.7,0.0
2026,10,7,23,41,23:41,254.2,0.0,0.4,0.7,0.0
2026,10,7,23,43,23:43,254.1,0.6,0.9,1.2,0.0
2026,10,7,23,44,23:44,254.1,1.1,1.2,1.4,0.0
2026,10,7,23,46,23:46,254.1,0.8,0.9,1.4,0.0
2026,10,7,23,48,23:48,254.2,0.4,0.7,0.9,0.0
2026,10,7,23,49,23:48,254.2,0.4,0.7,0.9,0.0
2026,10,7,23,51,23:51,254.1,0.0,0.5,0.9,0.0
2026,10,7,23,53,23:53,254.1,0.0,0.5,0.7,0.0
2026,10,7,23,54,23:54,254.1,0.7,0.8,1.0,0.0
2026,10,7,23,56,23:56,254.1,0.4,0.6,0.7,0.0
2026,10,7,23,58,23:58,254.1,0.7,1.3,1.7,0.0
2026,10,7,23,59,23:58,254.1,0.7,1.3,1.7,0.0
