# Helsinki Laru (dlarah.org Lauttasaari) 2026-10-08 Suomen aikaa — lähteen Laru_2026-281.txt sellaisenaan
# vuosi kk pv kirjoitus-h kirjoitus-min hh:mm suunta min ka max lämpötila (asemalla ei mittaria)
2026,10,8,0,1,00:01,266.8,1.0,1.6,2.1,0.0
2026,10,8,0,3,00:03,299.5,1.4,1.7,2.1,0.0
2026,10,8,0,4,00:04,293.4,1.3,1.5,1.8,0.0
2026,10,8,0,6,00:06,290.8,1.2,1.6,2.0,0.0
2026,10,8,0,8,00:08,276.0,1.0,1.3,1.6,0.0
2026,10,8,0,9,00:09,276.0,1.0,1.2,1.4,0.0
2026,10,8,0,12,00:11,276.1,0.8,1.2,1.6,0.0
2026,10,8,0,13,00:13,276.1,1.2,1.3,1.5,0.0
2026,10,8,0,14,00:14,276.1,1.0,1.2,1.4,0.0
2026,10,8,0,16,00:16,276.0,1.1,1.3,1.5,0.0
2026,10,8,0,18,00:18,276.0,0.7,1.0,1.2,0.0
2026,10,8,0,19,00:19,276.0,0.9,1.0,1.3,0.0
2026,10,8,0,21,00:21,276.0,0.7,0.8,1.1,0.0
2026,10,8,0,23,00:23,276.1,0.6,0.9,1.2,0.0
2026,10,8,0,24,00:24,276.1,1.0,1.1,1.2,0.0
2026,10,8,0,26,00:26,276.1,1.1,1.2,1.4,0.0
2026,10,8,0,28,00:28,276.0,0.9,1.1,1.4,0.0
2026,10,8,0,29,00:29,276.0,1.0,1.3,1.5,0.0
2026,10,8,0,31,00:31,276.1,0.9,1.0,1.1,0.0
2026,10,8,0,33,00:33,276.1,0.8,0.9,1.2,0.0
2026,10,8,0,34,00:34,276.1,0.9,1.2,1.5,0.0
2026,10,8,0,36,00:36,276.1,1.1,1.3,1.4,0.0
2026,10,8,0,38,00:38,276.1,1.0,1.2,1.4,0.0
2026,10,8,0,39,00:39,276.0,0.8,0.9,1.1,0.0
2026,10,8,0,41,00:40,276.1,0.7,1.0,1.2,0.0
2026,10,8,0,43,00:43,276.1,0.8,0.9,1.1,0.0
2026,10,8,0,44,00:44,276.1,0.9,1.1,1.2,0.0
2026,10,8,0,46,00:46,276.1,0.9,1.1,1.3,0.0
2026,10,8,0,48,00:48,276.1,0.9,1.1,1.3,0.0
2026,10,8,0,49,00:49,276.1,1.1,1.2,1.4,0.0
2026,10,8,0,51,00:51,276.1,1.1,1.3,1.4,0.0
2026,10,8,0,53,00:53,276.1,1.2,1.3,1.5,0.0
2026,10,8,0,54,00:54,276.1,1.0,1.2,1.4,0.0
2026,10,8,0,56,00:56,276.1,1.2,1.3,1.5,0.0
2026,10,8,0,58,00:58,276.1,1.1,1.3,1.5,0.0
2026,10,8,0,59,00:58,276.1,1.1,1.3,1.5,0.0
2026,10,8,1,1,01:01,276.1,0.8,1.2,1.5,0.0
2026,10,8,1,3,01:03,276.1,0.9,1.1,1.4,0.0
2026,10,8,1,4,01:04,276.1,0.8,1.1,1.3,0.0
2026,10,8,1,6,01:05,276.1,0.7,1.1,1.4,0.0
2026,10,8,1,8,01:08,276.1,1.2,1.6,1.9,0.0
2026,10,8,1,9,01:09,276.1,1.4,1.7,2.0,0.0
2026,10,8,1,12,01:11,276.1,1.1,1.3,1.6,0.0
2026,10,8,1,13,01:13,276.1,1.5,1.8,2.0,0.0
2026,10,8,1,14,01:14,276.0,1.3,1.6,2.0,0.0
2026,10,8,1,17,01:16,276.0,1.3,1.4,1.7,0.0
2026,10,8,1,18,01:18,276.1,1.3,1.2,1.7,0.0
2026,10,8,1,19,01:19,276.0,0.9,1.2,1.4,0.0
2026,10,8,1,21,01:21,276.1,0.0,1.0,1.2,0.0
2026,10,8,1,23,01:23,276.0,0.7,1.2,1.6,0.0
2026,10,8,1,24,01:24,276.1,0.9,1.2,1.6,0.0
2026,10,8,1,26,01:25,276.1,1.0,1.3,1.7,0.0
2026,10,8,1,28,01:28,276.1,0.8,1.0,1.2,0.0
2026,10,8,1,29,01:29,276.1,0.8,1.1,1.2,0.0
2026,10,8,1,32,01:31,276.1,0.9,1.1,1.3,0.0
2026,10,8,1,33,01:33,276.1,0.9,1.1,1.2,0.0
2026,10,8,1,34,01:34,276.1,1.0,1.2,1.4,0.0
2026,10,8,1,36,01:36,276.0,1.1,1.2,1.4,0.0
2026,10,8,1,38,01:38,276.1,1.0,1.2,1.4,0.0
2026,10,8,1,39,01:39,276.1,1.0,1.1,1.2,0.0
2026,10,8,1,42,01:41,276.1,1.0,1.2,1.4,0.0
2026,10,8,1,43,01:43,276.1,1.2,1.3,1.4,0.0
2026,10,8,1,44,01:44,276.1,1.0,1.2,1.4,0.0
2026,10,8,1,46,01:46,276.1,1.2,1.4,1.6,0.0
2026,10,8,1,48,01:48,276.1,1.1,1.3,1.5,0.0
2026,10,8,1,49,01:49,276.1,1.0,1.3,1.7,0.0
2026,10,8,1,52,01:51,276.1,1.2,1.4,1.6,0.0
2026,10,8,1,53,01:53,276.1,1.2,1.3,1.5,0.0
2026,10,8,1,54,01:54,276.1,1.1,1.3,1.7,0.0
2026,10,8,1,56,01:56,276.1,0.9,1.2,1.4,0.0
2026,10,8,1,58,01:58,276.1,1.1,1.3,1.5,0.0
2026,10,8,1,59,01:59,276.1,0.8,1.1,1.5,0.0
2026,10,8,2,1,02:01,276.1,0.9,1.2,1.4,0.0
2026,10,8,2,3,02:03,276.1,0.9,1.1,1.5,0.0
2026,10,8,2,4,02:03,276.1,0.9,1.1,1.5,0.0
2026,10,8,2,6,02:05,276.1,1.1,1.3,1.5,0.0
2026,10,8,2,8,02:08,276.0,1.1,1.2,1.4,0.0
2026,10,8,2,9,02:09,276.1,1.0,1.1,1.3,0.0
2026,10,8,2,12,02:11,276.1,1.0,1.1,1.3,0.0
2026,10,8,2,13,02:13,276.1,0.6,0.9,1.2,0.0
2026,10,8,2,14,02:14,276.1,0.7,0.9,1.3,0.0
2026,10,8,2,17,02:16,276.1,0.6,0.8,1.1,0.0
2026,10,8,2,18,02:18,276.1,0.9,1.0,1.1,0.0
2026,10,8,2,19,02:19,276.1,0.7,0.9,1.3,0.0
2026,10,8,2,21,02:21,276.1,0.6,0.7,1.0,0.0
2026,10,8,2,23,02:23,276.1,0.4,0.7,1.1,0.0
2026,10,8,2,24,02:24,276.1,0.7,0.8,0.9,0.0
2026,10,8,2,26,02:26,276.1,0.6,0.7,0.9,0.0
2026,10,8,2,28,02:28,276.1,0.8,0.8,1.0,0.0
2026,10,8,2,29,02:28,276.1,0.8,0.8,1.0,0.0
2026,10,8,2,31,02:31,276.1,0.9,1.0,1.4,0.0
2026,10,8,2,33,02:33,276.1,0.0,0.4,0.6,0.0
2026,10,8,2,34,02:34,276.1,0.0,0.3,0.4,0.0
2026,10,8,2,36,02:36,276.1,0.0,0.0,0.0,0.0
2026,10,8,2,38,02:38,276.1,0.0,0.0,0.0,0.0
2026,10,8,2,39,02:39,276.1,0.0,0.0,0.0,0.0
2026,10,8,2,41,02:41,276.0,0.0,0.0,0.0,0.0
2026,10,8,2,43,02:43,276.1,0.0,0.1,0.2,0.0
2026,10,8,2,44,02:44,276.1,0.0,0.4,0.5,0.0
2026,10,8,2,46,02:46,276.1,0.0,0.0,0.0,0.0
2026,10,8,2,48,02:48,276.1,0.0,0.0,0.0,0.0
2026,10,8,2,49,02:48,276.1,0.0,0.0,0.0,0.0
2026,10,8,2,51,02:51,276.1,0.0,0.0,0.0,0.0
2026,10,8,2,53,02:53,276.0,0.0,0.0,0.0,0.0
2026,10,8,2,54,02:54,276.1,0.0,0.0,0.0,0.0
2026,10,8,2,57,02:56,276.0,0.0,0.0,0.0,0.0
2026,10,8,2,58,02:58,276.0,0.0,0.0,0.0,0.0
2026,10,8,2,59,02:59,276.1,0.0,0.0,0.0,0.0
2026,10,8,3,1,03:01,276.1,0.0,0.0,0.0,0.0
2026,10,8,3,3,03:03,276.1,0.0,0.0,0.0,0.0
2026,10,8,3,4,03:04,276.1,0.0,0.0,0.0,0.0
2026,10,8,3,6,03:06,276.0,0.0,0.0,0.0,0.0
2026,10,8,3,8,03:08,276.0,0.0,0.0,0.0,0.0
2026,10,8,3,9,03:09,276.1,0.0,0.0,0.0,0.0
2026,10,8,3,11,03:11,276.1,0.0,0.0,0.0,0.0
2026,10,8,3,13,03:13,276.1,0.0,0.0,0.0,0.0
2026,10,8,3,14,03:13,276.1,0.0,0.0,0.0,0.0
2026,10,8,3,16,03:15,276.1,0.0,0.1,0.2,0.0
2026,10,8,3,18,03:18,276.0,0.0,0.4,0.7,0.0
2026,10,8,3,19,03:19,276.0,0.0,0.3,0.3,0.0
2026,10,8,3,22,03:21,276.1,0.0,0.1,0.1,0.0
2026,10,8,3,23,03:22,276.1,0.0,0.0,0.0,0.0
2026,10,8,3,24,03:24,276.1,0.0,0.0,0.0,0.0
2026,10,8,3,26,03:26,276.1,0.0,0.0,0.0,0.0
2026,10,8,3,28,03:28,276.0,0.0,0.0,0.0,0.0
2026,10,8,3,29,03:29,276.0,0.0,0.0,0.0,0.0
2026,10,8,3,31,03:31,276.1,0.0,0.0,0.0,0.0
2026,10,8,3,33,03:33,276.0,0.0,0.0,0.0,0.0
2026,10,8,3,34,03:34,276.0,0.0,0.0,0.0,0.0
2026,10,8,3,36,03:36,276.1,0.0,0.0,0.0,0.0
2026,10,8,3,38,03:38,276.0,0.0,0.2,0.5,0.0
2026,10,8,3,39,03:38,276.0,0.0,0.2,0.5,0.0
2026,10,8,3,41,03:41,276.1,0.0,0.2,0.3,0.0
2026,10,8,3,43,03:43,276.0,0.0,0.0,0.0,0.0
2026,10,8,3,44,03:44,276.1,0.0,0.0,0.0,0.0
2026,10,8,3,46,03:46,276.0,0.0,0.0,0.0,0.0
2026,10,8,3,48,03:47,276.1,0.0,0.2,0.3,0.0
2026,10,8,3,49,03:49,276.0,0.0,0.4,0.5,0.0
2026,10,8,3,51,03:51,276.1,0.0,0.2,0.4,0.0
2026,10,8,3,53,03:53,276.0,0.0,0.0,0.0,0.0
2026,10,8,3,54,03:53,276.0,0.0,0.0,0.0,0.0
2026,10,8,3,56,03:56,276.0,0.0,0.2,0.2,0.0
2026,10,8,3,58,03:58,276.1,0.0,0.4,0.5,0.0
2026,10,8,3,59,03:59,276.1,0.0,0.4,0.4,0.0
2026,10,8,4,1,04:01,276.1,0.0,0.0,0.0,0.0
2026,10,8,4,3,04:02,276.1,0.0,0.0,0.0,0.0
2026,10,8,4,4,04:02,276.1,0.0,0.0,0.0,0.0
2026,10,8,4,6,04:06,276.0,0.0,0.0,0.0,0.0
2026,10,8,4,8,04:08,276.1,0.0,0.4,0.5,0.0
2026,10,8,4,9,04:09,276.1,0.5,0.7,0.8,0.0
2026,10,8,4,11,04:11,276.1,0.0,0.6,1.0,0.0
2026,10,8,4,13,04:13,276.0,0.0,0.0,0.0,0.0
2026,10,8,4,14,04:14,276.0,0.0,0.0,0.0,0.0
2026,10,8,4,17,04:16,276.0,0.0,0.3,0.3,0.0
2026,10,8,4,18,04:18,276.0,0.0,0.4,0.5,0.0
2026,10,8,4,19,04:19,276.0,0.0,0.4,0.6,0.0
2026,10,8,4,21,04:20,276.1,0.0,0.4,0.6,0.0
2026,10,8,4,23,04:23,276.1,0.0,0.0,0.0,0.0
2026,10,8,4,24,04:24,276.0,0.0,0.0,0.0,0.0
2026,10,8,4,26,04:25,276.1,0.0,0.2,0.4,0.0
2026,10,8,4,28,04:28,276.1,0.0,0.3,0.5,0.0
2026,10,8,4,29,04:28,276.1,0.0,0.3,0.5,0.0
2026,10,8,4,31,04:31,276.1,0.0,0.0,0.0,0.0
2026,10,8,4,33,04:33,276.0,0.0,0.0,0.0,0.0
2026,10,8,4,34,04:34,276.0,0.0,0.0,0.0,0.0
2026,10,8,4,36,04:36,276.0,0.0,0.0,0.0,0.0
2026,10,8,4,38,04:37,276.0,0.0,0.0,0.0,0.0
2026,10,8,4,39,04:39,276.0,0.0,0.0,0.0,0.0
2026,10,8,4,41,04:41,276.0,0.0,0.0,0.0,0.0
2026,10,8,4,43,04:43,276.0,0.0,0.0,0.0,0.0
2026,10,8,4,44,04:44,276.1,0.0,0.0,0.0,0.0
2026,10,8,4,46,04:46,276.1,0.0,0.0,0.0,0.0
2026,10,8,4,48,04:48,276.0,0.0,0.0,0.0,0.0
2026,10,8,4,51,04:51,276.0,0.0,0.0,0.0,0.0
2026,10,8,4,53,04:52,276.1,0.0,0.0,0.0,0.0
2026,10,8,4,54,04:54,276.1,0.0,0.0,0.0,0.0
2026,10,8,4,56,04:56,276.0,0.0,0.0,0.0,0.0
2026,10,8,4,58,04:58,276.0,0.0,0.0,0.0,0.0
2026,10,8,4,59,04:59,276.0,0.0,0.0,0.0,0.0
2026,10,8,5,1,05:01,276.1,0.0,0.0,0.0,0.0
2026,10,8,5,3,05:03,276.1,0.0,0.0,0.0,0.0
2026,10,8,5,4,05:04,276.0,0.0,0.0,0.0,0.0
2026,10,8,5,7,05:06,276.0,0.0,0.0,0.0,0.0
2026,10,8,5,8,05:07,276.0,0.0,0.0,0.0,0.0
2026,10,8,5,9,05:08,276.1,0.0,0.0,0.0,0.0
2026,10,8,5,11,05:10,276.0,0.0,0.0,0.0,0.0
2026,10,8,5,13,05:12,276.1,0.0,0.0,0.0,0.0
2026,10,8,5,14,05:12,276.1,0.0,0.0,0.0,0.0
2026,10,8,5,16,05:16,276.0,0.0,0.0,0.0,0.0
2026,10,8,5,18,05:18,276.0,0.0,0.0,0.0,0.0
2026,10,8,5,19,05:19,276.1,0.0,0.0,0.0,0.0
2026,10,8,5,22,05:21,276.1,0.0,0.1,0.2,0.0
2026,10,8,5,23,05:22,276.0,0.0,0.0,0.0,0.0
2026,10,8,5,24,05:23,276.0,0.0,0.0,0.0,0.0
2026,10,8,5,26,05:26,276.0,0.0,0.0,0.0,0.0
2026,10,8,5,28,05:27,276.1,0.0,0.0,0.0,0.0
2026,10,8,5,29,05:29,276.0,0.0,0.0,0.0,0.0
2026,10,8,5,32,05:31,276.1,0.0,0.0,0.0,0.0
2026,10,8,5,33,05:33,276.0,0.0,0.0,0.0,0.0
2026,10,8,5,34,05:34,276.0,0.0,0.0,0.0,0.0
2026,10,8,5,37,05:36,276.0,0.0,0.2,0.3,0.0
2026,10,8,5,38,05:37,276.0,0.0,0.2,0.8,0.0
2026,10,8,5,39,05:39,276.0,0.0,0.0,0.0,0.0
2026,10,8,5,41,05:41,276.0,0.0,0.0,0.0,0.0
2026,10,8,5,43,05:43,276.0,0.0,0.0,0.0,0.0
2026,10,8,5,44,05:44,276.0,0.0,0.0,0.0,0.0
2026,10,8,5,47,05:46,276.0,0.0,0.0,0.0,0.0
2026,10,8,5,48,05:48,276.1,0.0,0.0,0.0,0.0
2026,10,8,5,49,05:49,276.0,0.0,0.0,0.0,0.0
2026,10,8,5,52,05:50,276.1,0.0,0.0,0.0,0.0
2026,10,8,5,53,05:53,276.1,0.0,0.0,0.0,0.0
2026,10,8,5,54,05:54,276.1,0.0,0.0,0.0,0.0
2026,10,8,5,56,05:56,276.1,0.0,0.1,0.3,0.0
2026,10,8,5,58,05:57,276.0,0.0,0.2,0.2,0.0
2026,10,8,5,59,05:59,276.1,0.0,0.3,0.4,0.0
2026,10,8,6,1,06:01,276.0,0.0,0.0,0.0,0.0
2026,10,8,6,3,06:03,276.1,0.0,0.2,0.3,0.0
2026,10,8,6,4,06:04,276.0,0.0,0.0,0.0,0.0
2026,10,8,6,7,06:06,276.1,0.0,0.2,0.6,0.0
2026,10,8,6,8,06:08,276.1,0.0,0.5,0.7,0.0
2026,10,8,6,9,06:09,276.1,0.0,0.3,0.6,0.0
2026,10,8,6,12,06:11,276.1,0.0,0.5,0.7,0.0
2026,10,8,6,13,06:12,276.1,0.0,0.3,0.6,0.0
2026,10,8,6,14,06:13,276.1,0.0,0.2,0.2,0.0
2026,10,8,6,16,06:15,276.0,0.0,0.3,0.6,0.0
2026,10,8,6,18,06:17,276.0,0.0,0.1,0.2,0.0
2026,10,8,6,21,06:21,276.1,0.0,0.0,0.0,0.0
2026,10,8,6,23,06:23,276.1,0.0,0.1,0.4,0.0
2026,10,8,6,24,06:24,276.0,0.0,0.0,0.0,0.0
2026,10,8,6,27,06:26,276.1,0.0,0.0,0.0,0.0
2026,10,8,6,28,06:28,276.0,0.0,0.1,0.1,0.0
2026,10,8,6,29,06:29,276.0,0.0,0.1,0.2,0.0
2026,10,8,6,31,06:31,276.0,0.0,0.0,0.0,0.0
2026,10,8,6,33,06:32,276.1,0.0,0.0,0.0,0.0
2026,10,8,6,34,06:34,276.1,0.0,0.1,0.3,0.0
2026,10,8,6,36,06:36,276.1,0.0,0.2,0.2,0.0
2026,10,8,6,38,06:38,276.0,0.0,0.1,0.4,0.0
2026,10,8,6,39,06:39,276.1,0.0,0.0,0.0,0.0
2026,10,8,6,41,06:41,276.0,0.0,0.5,0.7,0.0
2026,10,8,6,43,06:43,276.0,0.0,0.2,0.3,0.0
2026,10,8,6,44,06:44,276.1,0.0,0.1,0.1,0.0
2026,10,8,6,46,06:45,276.1,0.0,0.0,0.0,0.0
2026,10,8,6,48,06:47,276.1,0.0,0.0,0.0,0.0
2026,10,8,6,51,06:50,276.1,0.0,0.2,0.7,0.0
2026,10,8,6,53,06:53,276.0,0.0,0.4,0.5,0.0
2026,10,8,6,54,06:54,276.0,0.0,0.2,0.5,0.0
2026,10,8,6,56,06:56,276.0,0.0,0.5,0.6,0.0
2026,10,8,6,58,06:58,276.0,0.0,0.3,0.7,0.0
2026,10,8,6,59,06:59,276.1,0.4,0.6,0.8,0.0
2026,10,8,7,1,07:00,276.0,0.4,0.6,0.8,0.0
2026,10,8,7,3,07:02,276.1,0.0,0.4,0.5,0.0
2026,10,8,7,4,07:04,276.1,0.0,0.3,0.5,0.0
2026,10,8,7,6,07:06,276.1,0.0,0.2,0.3,0.0
2026,10,8,7,8,07:07,276.0,0.0,0.3,0.6,0.0
2026,10,8,7,9,07:09,276.0,0.0,0.2,0.4,0.0
2026,10,8,7,11,07:10,276.0,0.0,0.2,0.7,0.0
2026,10,8,7,13,07:13,276.1,0.0,0.2,0.3,0.0
2026,10,8,7,14,07:14,276.1,0.0,0.2,0.5,0.0
2026,10,8,7,16,07:16,276.1,0.0,0.0,0.0,0.0
2026,10,8,7,18,07:18,276.0,0.0,0.2,0.3,0.0
2026,10,8,7,19,07:19,276.1,0.0,0.1,0.2,0.0
2026,10,8,7,22,07:21,276.0,0.0,0.0,0.0,0.0
2026,10,8,7,23,07:22,276.1,0.0,0.1,0.2,0.0
2026,10,8,7,24,07:24,276.1,0.0,0.1,0.4,0.0
2026,10,8,7,27,07:26,276.1,0.0,0.2,0.3,0.0
2026,10,8,7,28,07:28,276.1,0.0,0.0,0.0,0.0
2026,10,8,7,29,07:28,276.1,0.0,0.0,0.0,0.0
2026,10,8,7,31,07:31,276.1,0.0,0.0,0.0,0.0
2026,10,8,7,33,07:33,276.1,0.0,0.0,0.0,0.0
2026,10,8,7,34,07:34,276.1,0.0,0.0,0.0,0.0
2026,10,8,7,36,07:36,276.0,0.0,0.2,0.6,0.0
2026,10,8,7,38,07:37,276.1,0.0,0.2,0.2,0.0
2026,10,8,7,39,07:39,276.1,0.0,0.0,0.0,0.0
2026,10,8,7,42,07:41,276.0,0.0,0.0,0.0,0.0
2026,10,8,7,43,07:42,276.0,0.0,0.3,0.4,0.0
2026,10,8,7,44,07:44,276.1,0.0,0.0,0.0,0.0
2026,10,8,7,47,07:46,276.1,0.0,0.0,0.0,0.0
2026,10,8,7,48,07:48,276.0,0.0,0.0,0.0,0.0
2026,10,8,7,49,07:49,276.1,0.0,0.0,0.0,0.0
2026,10,8,7,52,07:51,276.1,0.0,0.3,0.4,0.0
2026,10,8,7,53,07:52,276.0,0.0,0.2,0.3,0.0
2026,10,8,7,54,07:54,276.1,0.0,0.2,0.3,0.0
2026,10,8,7,56,07:56,276.1,0.0,0.0,0.0,0.0
2026,10,8,7,58,07:57,276.1,0.0,0.0,0.0,0.0
2026,10,8,7,59,07:59,276.0,0.0,0.0,0.0,0.0
2026,10,8,8,1,08:01,276.1,0.0,0.0,0.0,0.0
2026,10,8,8,3,08:03,276.0,0.0,0.1,0.2,0.0
2026,10,8,8,4,08:04,276.0,0.0,0.2,0.2,0.0
2026,10,8,8,6,08:05,276.1,0.0,0.1,0.2,0.0
2026,10,8,8,8,08:07,276.1,0.0,0.3,0.5,0.0
2026,10,8,8,9,08:08,276.0,0.0,0.3,0.4,0.0
2026,10,8,8,12,08:11,276.1,0.4,0.5,0.6,0.0
2026,10,8,8,13,08:12,276.0,0.0,0.3,0.3,0.0
2026,10,8,8,14,08:14,276.1,0.0,0.3,0.4,0.0
2026,10,8,8,17,08:16,276.0,0.5,0.6,0.7,0.0
2026,10,8,8,18,08:18,276.1,0.0,0.5,0.7,0.0
2026,10,8,8,19,08:19,276.1,0.5,0.6,0.7,0.0
2026,10,8,8,21,08:21,276.0,0.6,0.7,0.9,0.0
2026,10,8,8,23,08:23,276.0,0.6,0.9,1.0,0.0
2026,10,8,8,24,08:24,276.0,0.7,0.9,1.1,0.0
2026,10,8,8,26,08:25,276.1,0.9,1.0,1.2,0.0
2026,10,8,8,28,08:27,276.0,0.5,0.7,1.1,0.0
2026,10,8,8,29,08:29,53.2,0.8,1.0,1.5,0.0
2026,10,8,8,31,08:31,64.7,0.8,0.9,1.1,0.0
2026,10,8,8,33,08:33,64.7,0.9,0.9,1.2,0.0
2026,10,8,8,34,08:34,64.7,0.6,0.8,0.9,0.0
2026,10,8,8,36,08:36,64.7,0.0,1.1,1.7,0.0
2026,10,8,8,38,08:38,64.6,0.9,1.1,1.6,0.0
2026,10,8,8,39,08:39,64.7,1.0,1.1,1.1,0.0
2026,10,8,8,41,08:40,64.7,0.9,1.1,1.5,0.0
2026,10,8,8,43,08:42,63.5,0.7,1.3,2.1,0.0
2026,10,8,8,44,08:44,74.8,0.5,1.0,1.6,0.0
2026,10,8,8,46,08:46,70.4,0.9,1.3,1.6,0.0
2026,10,8,8,48,08:47,67.2,0.7,1.3,2.1,0.0
2026,10,8,8,49,08:49,82.0,0.5,0.8,1.6,0.0
2026,10,8,8,51,08:51,53.5,1.1,1.6,2.0,0.0
2026,10,8,8,53,08:52,52.4,1.0,1.4,2.2,0.0
2026,10,8,8,54,08:54,74.8,0.9,1.7,2.4,0.0
2026,10,8,8,56,08:55,56.5,1.0,1.5,2.2,0.0
2026,10,8,8,58,08:58,78.1,0.6,1.7,3.5,0.0
2026,10,8,8,59,08:59,69.7,0.6,1.3,1.9,0.0
2026,10,8,9,1,09:00,65.5,1.0,1.3,1.6,0.0
2026,10,8,9,3,09:03,72.9,0.7,1.0,1.6,0.0
2026,10,8,9,4,09:04,79.3,0.0,0.9,1.9,0.0
2026,10,8,9,7,09:06,76.1,0.5,1.0,1.7,0.0
2026,10,8,9,8,09:07,84.1,0.0,0.7,1.3,0.0
2026,10,8,9,9,09:09,65.8,0.0,0.6,1.0,0.0
2026,10,8,9,12,09:11,63.1,1.1,1.5,2.5,0.0
2026,10,8,9,13,09:12,60.3,1.5,1.8,2.2,0.0
2026,10,8,9,14,09:14,81.9,1.1,1.1,2.3,0.0
2026,10,8,9,16,09:16,62.5,0.7,1.3,1.9,0.0
2026,10,8,9,18,09:18,70.7,0.6,1.1,1.9,0.0
2026,10,8,9,19,09:19,52.8,1.0,1.4,1.9,0.0
2026,10,8,9,21,09:20,54.6,0.7,1.2,2.0,0.0
2026,10,8,9,23,09:22,70.3,0.0,1.0,1.8,0.0
2026,10,8,9,24,09:24,66.8,0.7,1.1,2.3,0.0
2026,10,8,9,26,09:25,62.5,0.7,1.5,2.3,0.0
2026,10,8,9,28,09:27,52.1,0.9,1.2,1.5,0.0
2026,10,8,9,31,09:31,60.4,0.8,1.1,1.5,0.0
2026,10,8,9,33,09:32,56.7,0.8,1.1,1.5,0.0
2026,10,8,9,34,09:34,55.3,1.2,1.7,2.4,0.0
2026,10,8,9,36,09:35,60.6,0.9,1.2,1.5,0.0
2026,10,8,9,38,09:37,65.8,1.0,1.4,2.1,0.0
2026,10,8,9,39,09:39,68.5,1.4,1.8,2.2,0.0
2026,10,8,9,41,09:40,71.9,1.0,1.4,1.8,0.0
2026,10,8,9,43,09:42,62.2,0.9,1.2,1.7,0.0
2026,10,8,9,44,09:44,62.9,0.0,1.1,1.5,0.0
2026,10,8,9,46,09:46,52.8,1.3,1.5,1.9,0.0
2026,10,8,9,48,09:47,62.9,1.1,1.7,2.4,0.0
2026,10,8,9,49,09:49,70.9,0.0,0.2,0.6,0.0
2026,10,8,9,52,09:51,70.9,0.0,0.0,0.0,0.0
2026,10,8,9,53,09:53,116.8,0.5,0.6,0.9,0.0
2026,10,8,9,54,09:54,135.7,0.0,0.2,0.4,0.0
2026,10,8,9,57,09:56,157.2,0.5,0.9,2.1,0.0
2026,10,8,9,58,09:58,156.4,0.0,0.8,1.4,0.0
2026,10,8,9,59,09:59,159.8,0.5,0.8,1.1,0.0
2026,10,8,10,1,10:01,158.8,0.0,1.5,3.3,0.0
2026,10,8,10,3,10:02,151.3,0.8,1.7,3.3,0.0
2026,10,8,10,4,10:04,151.0,0.8,1.5,2.7,0.0
2026,10,8,10,6,10:05,146.8,1.1,1.8,3.8,0.0
2026,10,8,10,8,10:07,152.0,0.7,1.3,3.3,0.0
2026,10,8,10,9,10:09,146.4,0.7,1.8,3.2,0.0
2026,10,8,10,11,10:11,164.7,1.1,2.2,3.9,0.0
2026,10,8,10,13,10:12,153.1,1.0,2.2,3.6,0.0
2026,10,8,10,14,10:13,156.7,0.9,1.8,3.1,0.0
2026,10,8,10,16,10:16,129.8,0.7,1.5,4.2,0.0
2026,10,8,10,18,10:17,160.0,1.0,1.8,3.1,0.0
2026,10,8,10,19,10:19,159.9,0.6,1.9,3.6,0.0
2026,10,8,10,22,10:21,140.2,0.7,1.8,4.2,0.0
2026,10,8,10,23,10:22,148.8,1.2,2.8,5.3,0.0
2026,10,8,10,24,10:23,140.3,0.9,1.8,4.1,0.0
2026,10,8,10,26,10:25,159.6,0.8,1.9,3.6,0.0
2026,10,8,10,28,10:27,157.7,1.1,1.8,3.0,0.0
2026,10,8,10,29,10:29,127.6,0.7,1.0,1.3,0.0
2026,10,8,10,31,10:31,167.7,0.6,1.5,3.8,0.0
2026,10,8,10,33,10:32,162.7,0.0,1.0,1.9,0.0
2026,10,8,10,34,10:34,165.8,0.0,0.5,0.8,0.0
2026,10,8,10,37,10:36,123.8,0.8,1.3,3.2,0.0
2026,10,8,10,38,10:37,146.5,0.6,0.9,1.5,0.0
2026,10,8,10,39,10:39,154.9,0.8,1.5,2.8,0.0
2026,10,8,10,41,10:41,147.9,0.6,0.8,1.3,0.0
2026,10,8,10,43,10:42,143.5,0.7,1.6,3.4,0.0
2026,10,8,10,44,10:44,139.7,0.6,0.7,2.0,0.0
2026,10,8,10,46,10:45,143.4,0.0,0.7,1.4,0.0
2026,10,8,10,48,10:47,128.7,0.0,1.4,2.9,0.0
2026,10,8,10,49,10:49,140.3,0.3,0.8,2.3,0.0
2026,10,8,10,51,10:51,129.8,0.7,1.1,1.8,0.0
2026,10,8,10,53,10:52,157.1,0.4,1.2,2.4,0.0
2026,10,8,10,54,10:54,146.0,0.5,0.8,1.9,0.0
2026,10,8,10,56,10:56,150.7,0.6,1.8,3.7,0.0
2026,10,8,10,58,10:57,132.3,0.0,0.9,2.0,0.0
2026,10,8,10,59,10:59,135.1,0.6,1.3,2.7,0.0
2026,10,8,11,1,11:01,122.7,0.7,1.7,3.3,0.0
2026,10,8,11,3,11:02,118.5,0.6,1.0,1.9,0.0
2026,10,8,11,4,11:03,143.2,0.6,1.0,1.9,0.0
2026,10,8,11,6,11:06,111.8,0.8,1.1,1.4,0.0
2026,10,8,11,8,11:07,148.5,0.6,1.5,2.8,0.0
2026,10,8,11,9,11:09,139.1,0.9,1.3,1.7,0.0
2026,10,8,11,12,11:11,158.9,0.6,1.0,2.0,0.0
2026,10,8,11,13,11:13,154.7,0.0,0.6,0.9,0.0
2026,10,8,11,14,11:14,169.2,0.3,0.6,1.0,0.0
2026,10,8,11,16,11:15,149.9,0.0,0.8,2.5,0.0
2026,10,8,11,18,11:17,148.4,0.7,1.4,5.0,0.0
2026,10,8,11,19,11:18,157.4,0.6,1.2,2.6,0.0
2026,10,8,11,21,11:21,153.4,0.0,0.8,1.5,0.0
2026,10,8,11,23,11:22,123.3,0.5,1.4,3.1,0.0
2026,10,8,11,24,11:24,117.0,0.0,1.1,2.1,0.0
2026,10,8,11,26,11:26,105.6,0.0,0.7,1.2,0.0
2026,10,8,11,28,11:27,145.2,0.6,0.9,2.0,0.0
2026,10,8,11,29,11:29,145.2,0.0,0.7,1.0,0.0
2026,10,8,11,31,11:31,122.0,0.5,0.7,1.5,0.0
2026,10,8,11,33,11:32,129.6,0.5,1.1,2.4,0.0
2026,10,8,11,34,11:34,151.6,0.4,0.9,1.3,0.0
2026,10,8,11,36,11:36,144.3,0.0,0.3,0.5,0.0
2026,10,8,11,38,11:37,131.5,0.5,1.1,1.7,0.0
2026,10,8,11,39,11:39,111.4,0.0,1.0,1.4,0.0
2026,10,8,11,41,11:40,165.3,0.5,2.3,3.6,0.0
2026,10,8,11,43,11:42,125.6,0.0,0.7,1.4,0.0
2026,10,8,11,44,11:44,106.0,0.8,1.1,2.0,0.0
2026,10,8,11,47,11:46,140.5,0.4,0.7,1.1,0.0
2026,10,8,11,48,11:47,135.5,0.0,1.0,2.1,0.0
2026,10,8,11,49,11:49,128.8,0.7,1.1,2.1,0.0
2026,10,8,11,51,11:50,128.4,0.0,1.0,1.6,0.0
2026,10,8,11,53,11:52,100.1,0.6,1.2,1.8,0.0
2026,10,8,11,54,11:54,95.2,0.3,0.8,1.3,0.0
2026,10,8,11,56,11:56,129.2,0.0,0.8,1.2,0.0
2026,10,8,11,58,11:57,127.0,0.0,0.6,0.9,0.0
2026,10,8,11,59,11:59,134.6,0.0,0.8,1.5,0.0
2026,10,8,12,1,12:01,125.3,0.0,0.9,1.6,0.0
2026,10,8,12,3,12:03,129.2,0.3,0.6,1.2,0.0
2026,10,8,12,4,12:04,129.2,0.0,0.7,1.1,0.0
2026,10,8,12,6,12:06,127.9,0.6,0.9,1.8,0.0
2026,10,8,12,8,12:07,117.8,0.5,0.8,1.6,0.0
2026,10,8,12,9,12:09,135.6,0.5,0.6,0.8,0.0
2026,10,8,12,11,12:11,134.7,0.5,0.8,2.0,0.0
2026,10,8,12,13,12:12,166.6,0.0,0.5,0.9,0.0
2026,10,8,12,14,12:14,164.8,0.0,0.4,1.0,0.0
2026,10,8,12,17,12:16,96.7,0.0,0.9,1.8,0.0
2026,10,8,12,18,12:17,128.0,0.7,1.3,2.5,0.0
2026,10,8,12,19,12:18,88.4,0.5,0.6,0.9,0.0
2026,10,8,12,21,12:20,94.0,0.0,0.8,1.9,0.0
2026,10,8,12,23,12:22,83.6,0.0,1.1,2.6,0.0
2026,10,8,12,24,12:24,101.9,0.0,0.6,1.0,0.0
2026,10,8,12,26,12:26,110.2,0.6,0.8,1.3,0.0
2026,10,8,12,28,12:27,112.8,0.7,1.0,1.3,0.0
2026,10,8,12,29,12:29,116.6,0.7,0.6,0.9,0.0
2026,10,8,12,31,12:31,96.1,0.0,1.0,2.9,0.0
2026,10,8,12,33,12:32,91.0,0.0,0.7,1.1,0.0
2026,10,8,12,34,12:34,134.4,0.6,1.1,1.5,0.0
2026,10,8,12,36,12:36,108.7,0.8,1.1,1.4,0.0
2026,10,8,12,38,12:37,108.4,0.7,1.1,1.4,0.0
2026,10,8,12,39,12:39,125.8,0.6,0.8,1.0,0.0
2026,10,8,12,41,12:41,89.0,0.0,0.5,0.8,0.0
2026,10,8,12,43,12:42,129.5,0.0,0.9,1.7,0.0
2026,10,8,12,44,12:44,104.9,0.0,0.7,1.0,0.0
2026,10,8,12,47,12:46,105.0,0.0,0.6,0.9,0.0
2026,10,8,12,48,12:47,91.7,0.5,0.8,1.0,0.0
2026,10,8,12,49,12:48,107.3,0.0,0.8,1.4,0.0
2026,10,8,12,51,12:50,151.9,0.3,0.5,0.8,0.0
2026,10,8,12,53,12:52,151.9,0.0,0.8,1.4,0.0
2026,10,8,12,54,12:54,129.5,0.7,1.1,1.8,0.0
2026,10,8,12,56,12:56,96.1,0.5,0.7,1.0,0.0
2026,10,8,12,58,12:57,84.4,0.0,0.7,1.3,0.0
2026,10,8,12,59,12:59,84.5,0.0,0.3,0.6,0.0
2026,10,8,13,2,13:01,102.2,0.0,0.7,1.0,0.0
2026,10,8,13,3,13:02,99.6,0.6,0.9,1.2,0.0
2026,10,8,13,4,13:03,95.6,0.0,0.7,1.3,0.0
2026,10,8,13,6,13:06,106.2,0.8,1.1,1.6,0.0
2026,10,8,13,8,13:07,107.7,0.0,0.7,1.2,0.0
2026,10,8,13,9,13:08,68.9,0.0,0.4,1.7,0.0
2026,10,8,13,11,13:10,93.7,0.2,0.4,0.7,0.0
2026,10,8,13,13,13:12,81.9,0.0,0.4,0.8,0.0
2026,10,8,13,14,13:14,100.5,0.0,0.7,1.8,0.0
2026,10,8,13,16,13:16,76.7,0.4,0.9,1.9,0.0
2026,10,8,13,18,13:17,64.6,0.0,0.7,1.3,0.0
2026,10,8,13,19,13:19,135.5,0.5,0.9,1.4,0.0
2026,10,8,13,21,13:20,87.4,0.6,1.1,2.5,0.0
2026,10,8,13,23,13:22,91.0,0.0,0.4,0.9,0.0
2026,10,8,13,24,13:24,98.4,0.4,0.9,1.4,0.0
2026,10,8,13,27,13:26,94.0,0.7,1.0,1.5,0.0
2026,10,8,13,28,13:27,107.2,0.8,1.1,1.9,0.0
2026,10,8,13,29,13:29,114.8,0.9,1.5,5.0,0.0
2026,10,8,13,32,13:31,104.4,0.4,0.8,1.3,0.0
2026,10,8,13,33,13:32,82.0,0.6,1.0,2.2,0.0
2026,10,8,13,34,13:34,113.3,0.4,0.7,1.0,0.0
2026,10,8,13,37,13:36,101.0,0.7,1.1,1.8,0.0
2026,10,8,13,38,13:37,109.1,0.5,0.9,1.5,0.0
2026,10,8,13,39,13:39,112.8,0.6,0.8,1.2,0.0
2026,10,8,13,42,13:41,117.5,0.0,0.6,0.9,0.0
2026,10,8,13,43,13:42,122.7,0.0,0.6,1.4,0.0
2026,10,8,13,44,13:43,83.6,0.0,0.7,1.7,0.0
2026,10,8,13,46,13:46,98.2,0.5,0.6,1.0,0.0
2026,10,8,13,48,13:47,156.8,0.0,0.0,0.0,0.0
2026,10,8,13,49,13:49,94.6,0.0,1.7,3.8,0.0
2026,10,8,13,51,13:50,93.3,0.0,1.2,1.5,0.0
2026,10,8,13,53,13:52,98.4,0.7,1.2,2.0,0.0
2026,10,8,13,54,13:54,98.6,0.7,1.5,3.0,0.0
2026,10,8,13,57,13:56,93.6,0.0,0.9,2.8,0.0
2026,10,8,13,58,13:57,92.9,0.0,1.7,3.7,0.0
2026,10,8,13,59,13:59,82.1,0.0,0.8,2.0,0.0
2026,10,8,14,1,14:01,85.1,0.8,1.3,2.3,0.0
2026,10,8,14,3,14:02,96.1,0.8,1.3,3.0,0.0
2026,10,8,14,4,14:03,105.3,0.0,0.9,1.8,0.0
2026,10,8,14,6,14:05,83.6,0.0,1.3,3.0,0.0
2026,10,8,14,8,14:07,77.0,0.6,1.3,3.0,0.0
2026,10,8,14,9,14:08,83.5,0.7,1.5,3.3,0.0
2026,10,8,14,12,14:11,104.4,0.7,1.3,2.6,0.0
2026,10,8,14,13,14:12,67.2,0.0,0.9,1.2,0.0
2026,10,8,14,14,14:13,77.1,0.0,1.1,3.0,0.0
2026,10,8,14,16,14:16,118.6,0.0,0.7,2.0,0.0
2026,10,8,14,18,14:17,76.0,0.0,1.1,2.5,0.0
2026,10,8,14,19,14:19,82.0,0.0,0.9,1.3,0.0
2026,10,8,14,22,14:21,100.2,0.5,0.9,1.4,0.0
2026,10,8,14,23,14:22,85.7,0.0,0.8,2.0,0.0
2026,10,8,14,24,14:24,93.1,0.5,0.9,1.6,0.0
2026,10,8,14,26,14:26,90.4,0.5,1.1,4.6,0.0
2026,10,8,14,28,14:27,88.2,0.6,1.4,3.1,0.0
2026,10,8,14,29,14:28,103.9,0.4,1.1,3.2,0.0
2026,10,8,14,31,14:30,91.1,0.7,1.1,1.9,0.0
2026,10,8,14,33,14:32,89.5,0.8,1.6,3.5,0.0
2026,10,8,14,34,14:34,96.3,0.0,1.5,3.5,0.0
2026,10,8,14,36,14:35,125.8,0.5,1.1,2.5,0.0
2026,10,8,14,38,14:37,76.5,0.8,1.3,2.4,0.0
2026,10,8,14,39,14:39,60.8,0.3,0.8,1.5,0.0
2026,10,8,14,42,14:41,83.0,0.0,0.6,1.7,0.0
2026,10,8,14,43,14:42,84.9,0.0,1.1,1.6,0.0
2026,10,8,14,44,14:43,86.3,0.9,1.4,3.0,0.0
2026,10,8,14,46,14:46,94.9,0.3,1.3,3.2,0.0
2026,10,8,14,48,14:47,102.9,0.7,1.4,2.2,0.0
2026,10,8,14,49,14:48,103.7,0.8,1.2,1.9,0.0
2026,10,8,14,51,14:51,88.9,0.6,1.3,2.2,0.0
2026,10,8,14,53,14:52,81.6,0.7,1.3,2.7,0.0
2026,10,8,14,54,14:54,97.7,0.4,0.7,1.6,0.0
2026,10,8,14,56,14:56,81.4,0.0,0.7,1.0,0.0
2026,10,8,14,58,14:57,91.2,0.8,1.6,3.4,0.0
2026,10,8,14,59,14:58,104.1,0.0,1.0,2.3,0.0
2026,10,8,15,1,15:00,96.0,0.6,1.2,4.6,0.0
2026,10,8,15,3,15:02,94.7,0.5,0.9,2.4,0.0
2026,10,8,15,4,15:03,108.1,0.2,1.0,2.1,0.0
2026,10,8,15,6,15:06,106.8,0.0,0.8,1.3,0.0
2026,10,8,15,8,15:07,124.6,0.0,0.8,2.1,0.0
2026,10,8,15,9,15:09,93.5,0.5,1.5,2.8,0.0
2026,10,8,15,11,15:11,82.4,0.0,0.8,1.2,0.0
2026,10,8,15,13,15:12,148.6,0.0,1.0,3.0,0.0
2026,10,8,15,14,15:14,100.4,0.0,0.9,1.4,0.0
2026,10,8,15,17,15:16,78.0,0.9,1.7,3.1,0.0
2026,10,8,15,18,15:18,79.5,0.0,0.5,0.8,0.0
2026,10,8,15,19,15:19,96.0,1.0,1.3,2.0,0.0
2026,10,8,15,21,15:20,96.4,0.7,1.4,3.0,0.0
2026,10,8,15,23,15:22,75.8,0.7,1.2,1.8,0.0
2026,10,8,15,24,15:24,112.5,0.4,0.6,0.9,0.0
2026,10,8,15,26,15:26,91.7,0.8,2.1,4.2,0.0
2026,10,8,15,28,15:27,101.1,0.7,1.3,2.9,0.0
2026,10,8,15,29,15:29,76.3,0.0,0.4,1.0,0.0
2026,10,8,15,32,15:31,112.3,0.7,1.1,2.6,0.0
2026,10,8,15,33,15:32,103.6,0.8,1.2,2.1,0.0
2026,10,8,15,34,15:34,65.6,0.5,0.9,1.9,0.0
2026,10,8,15,36,15:36,119.0,0.5,1.0,2.2,0.0
2026,10,8,15,38,15:37,91.0,0.7,1.3,2.9,0.0
2026,10,8,15,39,15:39,91.4,0.0,0.6,1.1,0.0
2026,10,8,15,41,15:40,103.7,0.5,1.6,3.4,0.0
2026,10,8,15,43,15:42,121.5,0.0,0.9,1.4,0.0
2026,10,8,15,44,15:43,130.2,0.0,1.0,1.6,0.0
2026,10,8,15,46,15:46,99.1,0.7,1.2,2.1,0.0
2026,10,8,15,48,15:47,96.1,0.4,0.6,1.0,0.0
2026,10,8,15,49,15:49,76.5,0.4,0.8,1.9,0.0
2026,10,8,15,51,15:51,103.9,0.5,1.4,3.1,0.0
2026,10,8,15,53,15:52,109.5,0.9,1.7,3.5,0.0
2026,10,8,15,54,15:54,97.8,0.5,1.1,2.2,0.0
2026,10,8,15,57,15:56,106.6,0.5,1.3,3.0,0.0
2026,10,8,15,58,15:57,112.5,0.0,0.6,0.8,0.0
2026,10,8,15,59,15:59,114.1,0.0,0.6,1.0,0.0
2026,10,8,16,2,16:01,88.5,0.7,1.1,2.5,0.0
2026,10,8,16,3,16:02,90.6,0.0,0.7,1.3,0.0
2026,10,8,16,4,16:04,94.2,0.0,0.9,2.2,0.0
2026,10,8,16,6,16:05,98.0,0.0,0.4,0.9,0.0
2026,10,8,16,8,16:08,82.9,0.0,0.8,1.3,0.0
2026,10,8,16,9,16:09,89.6,0.0,0.8,1.1,0.0
2026,10,8,16,11,16:11,95.6,0.5,1.1,4.0,0.0
2026,10,8,16,13,16:12,99.1,0.7,1.2,2.9,0.0
2026,10,8,16,14,16:13,85.0,0.0,0.4,1.2,0.0
2026,10,8,16,16,16:16,113.4,0.5,1.1,2.0,0.0
2026,10,8,16,18,16:17,78.4,0.8,1.4,3.8,0.0
2026,10,8,16,19,16:19,115.0,0.5,0.9,1.6,0.0
2026,10,8,16,21,16:21,116.1,0.5,0.7,1.0,0.0
2026,10,8,16,23,16:22,90.8,0.7,1.1,3.5,0.0
2026,10,8,16,24,16:24,136.2,0.0,0.8,2.6,0.0
2026,10,8,16,26,16:26,107.0,0.6,1.1,1.6,0.0
2026,10,8,16,28,16:27,97.5,0.7,1.3,3.4,0.0
2026,10,8,16,29,16:29,103.1,0.6,0.6,1.3,0.0
2026,10,8,16,32,16:31,72.3,0.5,1.5,3.3,0.0
2026,10,8,16,33,16:32,112.4,0.5,1.0,1.9,0.0
2026,10,8,16,34,16:33,106.4,0.0,1.1,3.3,0.0
2026,10,8,16,36,16:36,104.2,0.7,1.1,2.1,0.0
2026,10,8,16,38,16:37,88.8,0.6,1.0,3.4,0.0
2026,10,8,16,39,16:39,104.0,0.9,1.5,3.0,0.0
2026,10,8,16,41,16:40,97.7,0.6,1.2,1.9,0.0
2026,10,8,16,43,16:42,99.1,0.6,1.3,1.9,0.0
2026,10,8,16,44,16:44,101.7,0.5,0.9,1.6,0.0
2026,10,8,16,46,16:45,116.9,1.2,2.0,5.4,0.0
2026,10,8,16,48,16:47,89.4,0.5,1.6,4.9,0.0
2026,10,8,16,49,16:49,83.0,0.5,0.8,1.7,0.0
2026,10,8,16,52,16:51,93.6,0.7,1.9,5.0,0.0
2026,10,8,16,53,16:52,69.2,0.0,1.0,1.5,0.0
2026,10,8,16,54,16:54,81.7,1.0,1.5,3.3,0.0
2026,10,8,16,56,16:56,83.4,0.0,0.9,2.0,0.0
2026,10,8,16,58,16:57,100.1,0.8,1.3,2.6,0.0
2026,10,8,16,59,16:59,77.2,0.0,1.2,4.7,0.0
2026,10,8,17,2,17:01,114.6,0.5,1.2,3.8,0.0
2026,10,8,17,3,17:02,115.1,0.6,1.4,5.2,0.0
2026,10,8,17,4,17:04,92.1,1.3,2.0,2.7,0.0
2026,10,8,17,7,17:06,88.9,0.9,1.1,2.4,0.0
2026,10,8,17,8,17:07,85.7,0.3,0.8,1.8,0.0
2026,10,8,17,9,17:09,93.6,0.0,1.0,3.7,0.0
2026,10,8,17,12,17:11,97.9,0.5,1.0,1.8,0.0
2026,10,8,17,13,17:12,107.7,0.0,1.3,2.0,0.0
2026,10,8,17,14,17:14,111.1,1.2,1.7,2.3,0.0
2026,10,8,17,17,17:16,119.3,0.5,1.0,2.5,0.0
2026,10,8,17,18,17:17,97.6,0.8,1.1,1.5,0.0
2026,10,8,17,19,17:19,97.0,0.7,1.3,3.9,0.0
2026,10,8,17,21,17:21,118.6,0.6,0.9,1.6,0.0
2026,10,8,17,23,17:23,104.3,0.5,0.9,1.8,0.0
2026,10,8,17,24,17:24,102.0,0.5,0.9,1.2,0.0
2026,10,8,17,26,17:26,115.6,0.6,1.1,1.7,0.0
2026,10,8,17,28,17:27,125.6,0.0,0.9,1.7,0.0
2026,10,8,17,29,17:29,118.6,0.0,1.0,1.5,0.0
2026,10,8,17,31,17:31,101.5,0.8,1.2,1.7,0.0
2026,10,8,17,33,17:32,105.6,0.9,1.3,2.0,0.0
2026,10,8,17,34,17:34,95.5,0.5,1.1,2.3,0.0
2026,10,8,17,36,17:36,108.2,0.8,1.3,2.3,0.0
2026,10,8,17,38,17:37,99.2,0.8,1.4,2.4,0.0
2026,10,8,17,39,17:39,130.8,0.7,1.6,4.6,0.0
2026,10,8,17,42,17:41,108.5,1.2,1.9,3.7,0.0
2026,10,8,17,43,17:42,116.9,0.7,1.3,2.0,0.0
2026,10,8,17,44,17:43,73.4,0.6,1.2,2.5,0.0
2026,10,8,17,46,17:46,109.0,0.5,1.0,1.5,0.0
2026,10,8,17,48,17:47,113.5,0.5,1.1,2.2,0.0
2026,10,8,17,49,17:49,96.7,0.8,1.1,1.9,0.0
2026,10,8,17,51,17:51,112.3,0.8,1.0,1.7,0.0
2026,10,8,17,53,17:52,108.4,0.9,1.6,2.8,0.0
2026,10,8,17,54,17:53,118.3,0.5,1.4,2.4,0.0
2026,10,8,17,56,17:56,113.4,0.9,1.3,2.0,0.0
2026,10,8,17,58,17:57,117.2,0.8,1.3,1.9,0.0
2026,10,8,17,59,17:58,124.1,0.7,1.4,2.8,0.0
2026,10,8,18,1,18:01,111.4,0.0,0.9,2.6,0.0
2026,10,8,18,3,18:02,99.9,1.0,1.4,2.4,0.0
2026,10,8,18,4,18:04,102.4,0.8,1.2,2.0,0.0
2026,10,8,18,7,18:06,119.6,0.8,1.3,1.8,0.0
2026,10,8,18,8,18:07,120.9,0.0,1.2,2.0,0.0
2026,10,8,18,9,18:09,111.4,1.0,1.7,2.6,0.0
2026,10,8,18,11,18:11,113.1,1.5,2.2,3.8,0.0
2026,10,8,18,13,18:12,125.3,0.7,1.2,2.1,0.0
2026,10,8,18,14,18:14,113.3,1.3,2.2,3.1,0.0
2026,10,8,18,17,18:16,103.6,0.7,1.1,1.7,0.0
2026,10,8,18,18,18:17,111.4,1.1,1.6,2.5,0.0
2026,10,8,18,19,18:19,136.4,0.7,1.3,2.1,0.0
2026,10,8,18,21,18:20,101.5,0.7,1.0,1.6,0.0
2026,10,8,18,23,18:22,122.7,1.0,1.3,1.7,0.0
2026,10,8,18,24,18:24,111.5,1.0,1.8,5.0,0.0
2026,10,8,18,26,18:25,110.7,0.6,1.2,2.3,0.0
2026,10,8,18,28,18:27,112.5,0.6,1.6,2.6,0.0
2026,10,8,18,29,18:29,106.9,0.8,1.2,1.9,0.0
2026,10,8,18,32,18:31,102.4,1.0,1.6,2.2,0.0
2026,10,8,18,33,18:32,121.0,0.6,1.2,1.8,0.0
2026,10,8,18,34,18:34,121.9,0.7,1.2,2.3,0.0
2026,10,8,18,37,18:36,131.7,0.6,1.5,2.4,0.0
2026,10,8,18,38,18:37,103.5,0.8,1.1,2.1,0.0
2026,10,8,18,39,18:38,110.1,0.7,1.3,2.5,0.0
2026,10,8,18,42,18:41,117.3,0.9,1.4,2.2,0.0
2026,10,8,18,43,18:42,126.3,0.0,1.3,2.4,0.0
2026,10,8,18,44,18:44,111.7,0.6,0.9,1.4,0.0
2026,10,8,18,47,18:46,140.7,0.8,1.6,2.9,0.0
2026,10,8,18,48,18:47,123.1,0.4,0.6,0.7,0.0
2026,10,8,18,49,18:48,100.1,0.0,0.6,1.1,0.0
2026,10,8,18,51,18:51,95.5,0.5,1.1,2.0,0.0
2026,10,8,18,53,18:52,118.6,0.0,1.0,1.9,0.0
2026,10,8,18,54,18:54,119.6,0.7,1.2,2.1,0.0
2026,10,8,18,57,18:56,124.6,0.7,1.6,3.1,0.0
2026,10,8,18,58,18:57,93.5,0.6,1.0,1.8,0.0
2026,10,8,18,59,18:59,114.9,0.8,1.1,1.8,0.0
2026,10,8,19,1,19:01,114.1,0.6,1.0,2.3,0.0
2026,10,8,19,3,19:03,78.3,0.9,1.8,3.4,0.0
2026,10,8,19,4,19:04,112.4,0.5,1.0,1.5,0.0
2026,10,8,19,6,19:05,97.1,0.8,1.6,2.9,0.0
2026,10,8,19,8,19:07,97.4,0.0,1.3,3.0,0.0
2026,10,8,19,9,19:09,115.8,1.0,1.8,2.4,0.0
2026,10,8,19,12,19:11,106.9,0.8,1.5,3.8,0.0
2026,10,8,19,13,19:12,95.6,0.8,1.4,2.8,0.0
2026,10,8,19,14,19:13,96.7,0.7,1.3,2.1,0.0
2026,10,8,19,16,19:16,121.1,0.9,1.5,3.2,0.0
2026,10,8,19,18,19:17,118.8,1.2,1.6,1.9,0.0
2026,10,8,19,19,19:18,86.5,0.8,1.3,2.3,0.0
2026,10,8,19,21,19:21,107.7,0.8,0.8,1.8,0.0
2026,10,8,19,23,19:22,120.7,0.8,1.4,2.8,0.0
2026,10,8,19,24,19:24,98.8,0.0,1.3,1.9,0.0
2026,10,8,19,27,19:26,113.9,1.4,2.2,4.5,0.0
2026,10,8,19,28,19:27,116.2,0.7,1.6,2.4,0.0
2026,10,8,19,29,19:28,125.0,0.6,1.3,2.0,0.0
2026,10,8,19,31,19:30,97.9,0.8,1.3,2.8,0.0
2026,10,8,19,33,19:32,125.7,0.0,1.1,2.0,0.0
2026,10,8,19,34,19:34,109.4,1.1,1.5,2.3,0.0
2026,10,8,19,37,19:36,116.2,0.9,1.6,2.4,0.0
2026,10,8,19,38,19:37,111.6,0.5,1.3,1.9,0.0
2026,10,8,19,39,19:39,113.8,0.8,0.9,1.5,0.0
2026,10,8,19,41,19:41,117.5,0.9,1.5,2.2,0.0
2026,10,8,19,43,19:42,114.8,0.7,1.1,1.6,0.0
2026,10,8,19,44,19:44,109.6,0.7,1.2,2.1,0.0
2026,10,8,19,46,19:46,112.0,0.5,1.3,2.2,0.0
2026,10,8,19,48,19:47,91.9,0.4,0.8,1.3,0.0
2026,10,8,19,49,19:49,105.6,0.7,1.4,2.1,0.0
2026,10,8,19,51,19:50,108.1,1.1,1.6,2.6,0.0
2026,10,8,19,53,19:52,99.5,1.0,1.4,2.1,0.0
2026,10,8,19,54,19:54,103.9,0.9,1.2,1.8,0.0
2026,10,8,19,56,19:56,117.6,0.9,1.8,3.3,0.0
2026,10,8,19,58,19:57,123.1,0.9,1.6,2.4,0.0
2026,10,8,19,59,19:59,100.6,0.7,1.2,1.6,0.0
2026,10,8,20,1,20:01,120.2,1.2,1.9,2.8,0.0
2026,10,8,20,3,20:02,120.9,0.9,1.7,3.5,0.0
2026,10,8,20,4,20:04,96.5,0.8,1.6,3.0,0.0
2026,10,8,20,6,20:06,110.7,1.3,2.0,3.2,0.0
2026,10,8,20,8,20:07,122.3,0.9,1.6,2.8,0.0
2026,10,8,20,9,20:09,108.0,0.8,1.6,3.2,0.0
2026,10,8,20,12,20:11,125.2,1.1,1.7,3.3,0.0
2026,10,8,20,13,20:12,107.4,1.1,1.7,2.3,0.0
2026,10,8,20,14,20:14,116.8,0.9,1.7,2.8,0.0
2026,10,8,20,16,20:15,113.0,1.0,1.7,2.6,0.0
2026,10,8,20,18,20:17,116.8,0.8,1.2,1.8,0.0
2026,10,8,20,19,20:19,123.7,1.0,2.1,4.4,0.0
2026,10,8,20,21,20:21,102.9,1.1,1.7,2.8,0.0
2026,10,8,20,23,20:23,100.4,0.4,1.1,2.0,0.0
2026,10,8,20,24,20:24,91.2,0.8,1.2,1.7,0.0
2026,10,8,20,27,20:26,108.7,1.2,1.8,2.5,0.0
2026,10,8,20,28,20:27,94.5,0.8,1.1,1.9,0.0
2026,10,8,20,29,20:28,113.4,0.6,1.1,2.0,0.0
2026,10,8,20,32,20:31,107.2,1.0,1.6,2.6,0.0
2026,10,8,20,33,20:32,107.8,1.4,1.9,3.2,0.0
2026,10,8,20,34,20:33,105.9,0.8,1.8,3.1,0.0
2026,10,8,20,37,20:36,108.0,0.4,1.2,2.0,0.0
2026,10,8,20,38,20:37,120.0,0.6,0.9,1.5,0.0
2026,10,8,20,39,20:39,119.8,0.0,1.3,2.4,0.0
2026,10,8,20,42,20:41,114.7,1.1,1.8,2.4,0.0
2026,10,8,20,43,20:42,103.3,1.0,1.4,2.0,0.0
2026,10,8,20,44,20:43,110.1,0.7,1.2,2.5,0.0
2026,10,8,20,46,20:45,114.9,0.6,1.5,3.4,0.0
2026,10,8,20,48,20:47,131.3,0.6,1.5,4.5,0.0
2026,10,8,20,49,20:49,127.6,1.1,1.7,2.4,0.0
2026,10,8,20,52,20:51,102.9,0.6,1.4,2.3,0.0
2026,10,8,20,53,20:52,124.1,0.6,1.5,3.3,0.0
2026,10,8,20,54,20:54,115.3,0.7,1.4,2.5,0.0
2026,10,8,20,56,20:56,109.3,0.7,1.2,2.3,0.0
2026,10,8,20,58,20:57,99.3,0.0,1.2,1.9,0.0
2026,10,8,20,59,20:58,113.0,0.7,1.6,3.0,0.0
2026,10,8,21,1,21:01,116.9,1.1,1.8,2.7,0.0
2026,10,8,21,3,21:02,114.9,0.0,1.5,2.5,0.0
2026,10,8,21,4,21:04,111.3,0.6,1.2,2.2,0.0
2026,10,8,21,6,21:05,121.7,1.2,1.9,2.9,0.0
2026,10,8,21,8,21:07,120.6,1.0,1.5,2.3,0.0
2026,10,8,21,9,21:09,101.6,1.0,1.6,2.2,0.0
2026,10,8,21,11,21:11,117.4,1.1,1.6,3.0,0.0
2026,10,8,21,13,21:12,118.2,1.0,1.7,2.8,0.0
2026,10,8,21,14,21:14,132.0,1.2,1.9,3.7,0.0
2026,10,8,21,16,21:16,118.3,0.9,1.4,2.0,0.0
2026,10,8,21,18,21:17,124.4,1.0,1.6,2.4,0.0
2026,10,8,21,19,21:19,108.0,1.1,2.0,3.9,0.0
2026,10,8,21,21,21:20,131.5,0.6,1.3,2.4,0.0
2026,10,8,21,23,21:22,113.6,0.7,1.4,2.9,0.0
2026,10,8,21,24,21:24,123.5,1.2,2.0,3.3,0.0
2026,10,8,21,26,21:26,128.6,0.9,1.4,2.3,0.0
2026,10,8,21,28,21:27,108.6,0.7,1.6,2.7,0.0
2026,10,8,21,29,21:29,117.7,0.8,1.6,3.0,0.0
2026,10,8,21,31,21:31,111.6,0.7,1.4,2.1,0.0
2026,10,8,21,33,21:32,100.9,0.0,1.3,2.4,0.0
2026,10,8,21,34,21:34,103.1,0.5,1.3,2.7,0.0
2026,10,8,21,37,21:36,118.0,0.6,1.6,3.0,0.0
2026,10,8,21,38,21:37,117.2,1.2,1.8,2.4,0.0
2026,10,8,21,39,21:39,95.9,0.8,1.5,3.5,0.0
2026,10,8,21,41,21:41,105.9,1.1,1.7,2.4,0.0
2026,10,8,21,43,21:42,104.0,1.0,1.5,2.6,0.0
2026,10,8,21,44,21:44,99.3,0.6,0.9,1.5,0.0
2026,10,8,21,46,21:46,125.9,1.0,1.9,3.9,0.0
2026,10,8,21,48,21:48,123.7,0.9,1.3,2.0,0.0
2026,10,8,21,49,21:49,105.9,0.3,1.1,2.7,0.0
2026,10,8,21,52,21:51,107.7,0.7,1.0,1.7,0.0
2026,10,8,21,53,21:52,118.4,0.9,1.5,3.4,0.0
2026,10,8,21,54,21:54,108.5,0.8,1.8,2.9,0.0
2026,10,8,21,56,21:56,115.5,1.0,1.6,2.4,0.0
2026,10,8,21,58,21:57,99.8,0.9,1.5,2.4,0.0
2026,10,8,21,59,21:59,117.1,0.6,1.4,2.6,0.0
2026,10,8,22,1,22:00,117.4,0.9,1.5,2.6,0.0
2026,10,8,22,3,22:02,110.6,1.1,1.7,2.6,0.0
2026,10,8,22,4,22:04,131.6,0.9,1.5,2.2,0.0
2026,10,8,22,7,22:06,102.7,0.8,1.2,2.1,0.0
2026,10,8,22,8,22:07,104.9,0.5,1.3,2.3,0.0
2026,10,8,22,9,22:09,113.0,0.0,1.2,2.4,0.0
2026,10,8,22,11,22:10,107.5,0.7,1.6,2.6,0.0
2026,10,8,22,13,22:12,138.8,0.8,1.5,3.7,0.0
2026,10,8,22,14,22:14,115.4,1.0,1.4,2.9,0.0
2026,10,8,22,16,22:16,89.0,0.6,1.1,1.6,0.0
2026,10,8,22,18,22:17,94.3,0.9,1.3,2.8,0.0
2026,10,8,22,19,22:19,115.8,0.7,1.3,2.3,0.0
2026,10,8,22,22,22:21,111.9,0.8,1.4,2.1,0.0
2026,10,8,22,23,22:22,110.1,0.6,1.0,1.9,0.0
2026,10,8,22,24,22:23,86.4,0.0,0.6,1.1,0.0
2026,10,8,22,27,22:26,119.5,0.6,1.2,2.1,0.0
2026,10,8,22,28,22:27,122.5,0.6,1.6,2.7,0.0
2026,10,8,22,29,22:29,101.4,0.7,1.3,1.8,0.0
2026,10,8,22,31,22:31,111.9,0.8,1.2,2.2,0.0
2026,10,8,22,33,22:32,111.4,0.6,1.2,2.3,0.0
2026,10,8,22,34,22:33,104.5,0.7,1.4,2.9,0.0
2026,10,8,22,36,22:36,96.7,0.8,1.1,1.6,0.0
2026,10,8,22,38,22:38,114.4,0.8,1.5,2.7,0.0
2026,10,8,22,39,22:39,112.9,0.8,1.4,1.9,0.0
2026,10,8,22,41,22:40,118.6,0.7,1.3,2.1,0.0
2026,10,8,22,43,22:42,113.3,1.1,1.4,1.9,0.0
2026,10,8,22,44,22:44,106.1,0.5,1.1,2.2,0.0
2026,10,8,22,46,22:45,117.0,1.0,1.4,2.2,0.0
2026,10,8,22,48,22:47,96.5,0.5,1.1,2.2,0.0
2026,10,8,22,49,22:49,88.9,0.8,1.0,1.6,0.0
2026,10,8,22,51,22:51,96.5,0.4,0.8,1.3,0.0
2026,10,8,22,53,22:52,103.6,0.8,1.4,2.3,0.0
2026,10,8,22,54,22:54,99.0,0.6,0.8,1.0,0.0
2026,10,8,22,56,22:56,104.1,0.4,0.7,1.4,0.0
2026,10,8,22,58,22:57,92.7,0.0,1.3,2.3,0.0
2026,10,8,22,59,22:59,110.9,0.9,1.5,2.7,0.0
2026,10,8,23,1,23:01,111.2,0.9,1.2,2.1,0.0
2026,10,8,23,3,23:02,91.4,0.0,1.1,1.6,0.0
2026,10,8,23,4,23:04,110.2,0.7,1.3,3.5,0.0
2026,10,8,23,7,23:06,98.5,1.0,1.3,2.0,0.0
2026,10,8,23,8,23:07,104.9,0.0,0.8,1.3,0.0
2026,10,8,23,9,23:09,66.7,0.6,1.1,2.9,0.0
2026,10,8,23,11,23:11,115.2,0.6,1.0,1.8,0.0
2026,10,8,23,13,23:12,93.6,0.7,1.2,2.0,0.0
2026,10,8,23,14,23:14,97.0,0.6,0.8,1.7,0.0
2026,10,8,23,16,23:16,102.6,0.7,1.0,1.9,0.0
2026,10,8,23,18,23:17,96.3,0.5,0.9,1.7,0.0
2026,10,8,23,19,23:19,97.5,0.8,1.3,3.2,0.0
2026,10,8,23,21,23:21,97.0,0.8,1.1,1.7,0.0
2026,10,8,23,23,23:22,103.2,0.3,0.8,1.3,0.0
2026,10,8,23,24,23:24,109.4,0.9,1.4,2.4,0.0
2026,10,8,23,26,23:26,111.0,0.5,1.1,1.8,0.0
2026,10,8,23,28,23:27,99.0,0.8,1.1,1.7,0.0
2026,10,8,23,29,23:29,112.2,0.3,1.0,1.5,0.0
2026,10,8,23,31,23:31,112.6,0.0,0.6,0.9,0.0
2026,10,8,23,33,23:32,117.0,0.5,0.8,1.1,0.0
2026,10,8,23,34,23:34,111.5,0.6,0.9,1.6,0.0
2026,10,8,23,36,23:35,103.0,1.0,1.3,2.6,0.0
2026,10,8,23,38,23:37,121.3,0.0,0.8,1.2,0.0
2026,10,8,23,39,23:38,98.4,0.6,1.1,2.0,0.0
2026,10,8,23,41,23:40,94.4,0.6,1.1,1.7,0.0
2026,10,8,23,43,23:42,96.1,0.0,0.6,1.3,0.0
2026,10,8,23,44,23:44,101.8,0.0,0.8,1.7,0.0
2026,10,8,23,47,23:46,109.3,0.0,0.6,1.1,0.0
2026,10,8,23,48,23:47,109.3,0.0,0.7,1.0,0.0
2026,10,8,23,49,23:49,105.5,0.4,0.7,1.0,0.0
2026,10,8,23,51,23:51,84.6,0.0,0.8,1.7,0.0
2026,10,8,23,53,23:52,109.3,0.0,0.7,1.1,0.0
2026,10,8,23,54,23:54,90.0,0.6,0.9,2.0,0.0
2026,10,8,23,56,23:55,123.5,0.0,0.6,0.7,0.0
2026,10,8,23,58,23:57,99.9,0.4,1.0,1.5,0.0
2026,10,8,23,59,23:59,96.4,0.6,0.7,0.9,0.0
